102 20490
202 45883
302 27034
402 17620
502 53076
602 53955
702 45447
802 24865
902 13200
1002 39298
1102 6548
1202 19922
1302 50282
1402 13565
1502 46524
1602 51710
1702 46610
1802 29405
1902 28748
2002 47056
2102 12872
2202 53950
2302 26268
2402 42457
2502 24485
2602 17249
2702 45696
2802 1116
2902 22499
3002 38650
3102 4715
3202 29100
3302 1506
3402 51621
3502 48895
3602 12178
3702 12411
3802 47270
3902 9807
4002 64358
4102 58049
4202 20160
4302 51992
4402 2863
4502 28101
4602 41780
4702 2099
4802 57420
4902 61672
5002 16353
5102 49636
5202 10913
5302 12111
5402 11129
5502 42588
5602 20800
5702 19396
5802 60308
5902 37369
6002 62170
6102 61631
6202 30068
6302 63032
6402 57918
6502 64058
6602 1752
6702 33321
6802 25973
6902 21348
7002 35441
7102 25841
7202 23527
7302 10870
7402 30677
7502 347
7602 35302
7702 62773
7802 551
7902 34950
8002 14912
8102 54757
8202 51929
8302 18211
8402 49739
8502 30412
8602 51686
8702 12572
8802 59285
8902 37320
9002 22162
9102 53043
9202 19986
9302 23075
9402 12465
9502 19546
9602 62161
9702 31443
9802 37709
9902 56558
10002 11021
10102 43989
10202 20265
10302 39061
10402 27325
10502 11326
10602 21034
10702 1946
10802 22447
10902 8538
11002 18434
11102 16476
11202 36312
11302 11626
11402 34827
11502 15075
11602 26547
11702 29431
11802 61123
11902 261
12002 38047
12102 52319
12202 43374
12302 4383
12402 48487
12502 1650
12602 11101
12702 38235
12802 47630
12902 1347
13002 14909
13102 62984
13202 58976
13302 29933
13402 43191
13502 12018
13602 58587
13702 12473
13802 57156
13902 55179
14002 64544
14102 43707
14202 12500
14302 42998
14402 54760
14502 18907
14602 11678
14702 53663
14802 59326
14902 44466
15002 61120
15102 2767
15202 9576
15302 9235
15402 51659
15502 23306
15602 26892
15702 32450
15802 45733
15902 1741
16002 24012
16102 53294
16202 21612
16302 3494
16402 25671
16502 38473
16602 9241
16702 11272
16802 49452
16902 58852
17002 31791
17102 45319
17202 32105
17302 4512
17402 64868
17502 51385
17602 52965
17702 53507
17802 48647
17902 1792
18002 23490
18102 18563
18202 4218
18302 42554
18402 2927
18502 49961
18602 58005
18702 7624
18802 39054
18902 52266
19002 6247
19102 1331
19202 3233
19302 30000
19402 53807
19502 56636
19602 30661
19702 49069
19802 44066
19902 51854
20002 63238
20102 46847
20202 56764
20302 34101
20402 12864
20502 39218
20602 25555
20702 9923
20802 23584
20902 28549
21002 1073
21102 22588
21202 34475
21302 46790
21402 36380
21502 62370
21602 59006
21702 62428
21802 63239
21902 63501
22002 7667
22102 19296
22202 6211
22302 41052
22402 59303
22502 52464
22602 48323
22702 44661
22802 2662
22902 37259
23002 34912
23102 45071
23202 41731
23302 20395
23402 48833
23502 52468
23602 55805
23702 48205
23802 11200
23902 53963
24002 4427
24102 56502
24202 38992
24302 40660
24402 31694
24502 25598
24602 49166
24702 39020
24802 41829
24902 28217
25002 25868
25102 54157
25202 57473
25302 51240
25402 33887
25502 65510
25602 58765
25702 8323
25802 65396
25902 11613
26002 51270
26102 10264
26202 54753
26302 45639
26402 26234
26502 26669
26602 39420
26702 32807
26802 56583
26902 57507
27002 31094
27102 41897
27202 61973
27302 15580
27402 42734
27502 28301
27602 26421
27702 25026
27802 15671
27902 44970
28002 18897
28102 23716
28202 41509
28302 62013
28402 2020
28502 15669
28602 43445
28702 4758
28802 5693
28902 43898
29002 21353
29102 21385
29202 44255
29302 479
29402 64331
29502 46596
29602 681
29702 54865
29802 24959
29902 29810
30002 30719
30102 12598
30202 17013
30302 28471
30402 35085
30502 11952
30602 24623
30702 46976
30802 17339
30902 10943
31002 2067
31102 2936
31202 32293
31302 42988
31402 5480
31502 15700
31602 177
31702 57732
31802 20790
31902 38055
32002 32736
32102 23235
32202 5111
32302 12267
32402 40221
32502 14089
32602 19735
32702 42255
32802 47195
32902 42254
33002 41795
33102 47252
33202 23774
33302 33215
33402 28084
33502 35944
33602 28370
33702 53889
33802 31883
33902 22649
34002 25938
34102 6978
34202 39331
34302 16179
34402 65372
34502 57880
34602 5274
34702 38414
34802 2826
34902 64888
35002 39171
35102 12267
35202 40535
35302 40698
35402 60536
35502 4596
35602 58571
35702 21681
35802 49640
35902 40768
36002 12790
36102 62667
36202 44403
36302 8250
36402 41485
36502 48507
36602 54642
36702 63490
36802 48571
36902 41849
37002 46818
37102 10144
37202 61429
37302 28977
37402 25719
37502 35404
37602 48085
37702 31245
37802 33686
37902 49466
38002 14022
38102 10905
38202 48345
38302 54170
38402 21831
38502 45253
38602 9435
38702 20436
38802 24244
38902 3052
39002 56258
39102 17435
39202 43216
39302 33296
39402 6394
39502 29330
39602 6448
39702 40234
39802 2829
39902 19933
40002 21657
40102 19898
40202 64743
40302 18320
40402 52412
40502 52944
40602 35372
40702 40562
40802 18706
40902 40563
41002 42201
41102 13762
41202 51265
41302 40758
41402 48920
41502 49698
41602 17406
41702 16829
41802 52952
41902 39207
42002 31358
42102 63977
42202 42208
42302 41955
42402 59867
42502 42941
42602 22160
42702 11803
42802 29673
42902 39674
43002 51965
43102 3972
43202 63813
43302 44371
43402 984
43502 9395
43602 61610
43702 21286
43802 53760
43902 10763
44002 48389
44102 35442
44202 40116
44302 19195
44402 29720
44502 65250
44602 48444
44702 36305
44802 12524
44902 4961
45002 61762
45102 36874
45202 46027
45302 25397
45402 8405
45502 41057
45602 29265
45702 23500
45802 4359
45902 22164
46002 18797
46102 9073
46202 62227
46302 54717
46402 41242
46502 35017
46602 32557
46702 15461
46802 1675
46902 40615
47002 19458
47102 50032
47202 60233
47302 22507
47402 17087
47502 32167
47602 62360
47702 9220
47802 6212
47902 8880
48002 41194
48102 23716
48202 60984
48302 8398
48402 61353
48502 52229
48602 23684
48702 24369
48802 19281
48902 16550
49002 17280
49102 9659
49202 36119
49302 43450
49402 36210
49502 36576
49602 53417
49702 1113
49802 15278
49902 56299
50002 30622
50102 40599
50202 39638
50302 27148
50402 55490
50502 44594
50602 63652
50702 24288
50802 9825
50902 51623
51002 39939
51102 17720
51202 14703
51302 27361
51402 55389
51502 55592
51602 32973
51702 26908
51802 22821
51902 18096
52002 39453
52102 5511
52202 12131
52302 31083
52402 61534
52502 35632
52602 53544
52702 58
52802 60955
52902 63340
53002 43403
53102 25686
53202 29980
53302 61848
53402 23166
53502 26176
53602 5394
53702 27185
53802 40713
53902 59206
54002 26681
54102 64387
54202 27528
54302 14480
54402 62689
54502 7968
54602 7689
54702 4459
54802 47741
54902 12689
55002 55897
55102 7355
55202 35577
55302 17308
55402 4454
55502 2684
55602 40944
55702 38726
55802 21842
55902 32934
56002 49390
56102 34390
56202 58832
56302 7769
56402 39132
56502 42881
56602 17737
56702 33775
56802 61435
56902 4501
57002 20634
57102 15165
57202 45329
57302 33130
57402 16044
57502 39675
57602 57749
57702 16939
57802 53914
57902 32712
58002 55475
58102 20541
58202 45204
58302 42470
58402 17001
58502 1806
58602 64195
58702 39170
58802 7637
58902 28463
59002 58710
59102 61861
59202 50850
59302 61517
59402 64918
59502 10272
59602 28092
59702 56921
59802 53861
59902 57331
60002 47941
60102 63265
60202 47913
60302 15044
60402 4201
60502 8058
60602 64559
60702 48016
60802 22137
60902 35869
61002 64590
61102 18613
61202 36815
61302 55941
61402 31368
61502 30222
61602 18884
61702 53463
61802 29742
61902 24567
62002 46993
62102 51140
62202 36603
62302 42729
62402 27737
62502 49576
62602 55533
62702 2716
62802 43500
62902 24093
63002 57996
63102 28938
63202 3541
63302 55837
63402 35475
63502 61460
63602 57190
63702 27395
63802 30177
63902 25499
64002 24406
64102 22801
64202 7903
64302 17877
64402 19290
64502 720
64602 48273
64702 9850
64802 19399
64902 48553
65002 49032
65102 4223
65202 8595
65302 5882
65402 24892
65502 51954
65602 24358
65702 47726
65802 15359
65902 8601
66002 58701
66102 39753
66202 55829
66302 50788
66402 19736
66502 19138
66602 43567
66702 52403
66802 46452
66902 43713
67002 13775
67102 19506
67202 57400
67302 1704
67402 11863
67502 44686
67602 51652
67702 37546
67802 26174
67902 46610
68002 42709
68102 46373
68202 20822
68302 26004
68402 16943
68502 55817
68602 8206
68702 5201
68802 57393
68902 31503
69002 44538
69102 55104
69202 49277
69302 168
69402 55869
69502 23080
69602 35639
69702 24227
69802 23555
69902 40065
70002 11687
70102 46684
70202 44271
70302 23384
70402 7969
70502 58690
70602 17867
70702 52040
70802 6245
70902 18928
71002 55835
71102 4835
71202 16574
71302 5341
71402 63162
71502 56614
71602 32636
71702 9296
71802 51482
71902 41929
72002 60828
72102 46511
72202 20362
72302 3206
72402 22957
72502 8618
72602 56154
72702 28056
72802 9787
72902 60146
73002 42544
73102 4991
73202 64503
73302 432
73402 22341
73502 39753
73602 62329
73702 42984
73802 25105
73902 38700
74002 39803
74102 25560
74202 23897
74302 23295
74402 55503
74502 2896
74602 40939
74702 53875
74802 28690
74902 48490
75002 25514
75102 37782
75202 60840
75302 63135
75402 55520
75502 49419
75602 32511
75702 998
75802 43771
75902 34182
76002 3410
76102 65311
76202 15418
76302 62739
76402 63654
76502 15509
76602 1624
76702 26039
76802 50380
76902 45673
77002 14373
77102 58092
77202 48421
77302 50067
77402 60308
77502 26599
77602 45701
77702 62567
77802 4106
77902 33421
78002 57538
78102 8890
78202 56197
78302 21415
78402 31018
78502 12212
78602 30913
78702 10315
78802 19441
78902 48637
79002 52514
79102 20206
79202 41240
79302 30930
79402 14206
79502 63293
79602 14068
79702 50618
79802 59688
79902 10444
80002 63149
80102 44061
80202 58411
80302 56092
80402 34723
80502 34130
80602 33919
80702 13276
80802 54946
80902 38064
81002 42785
81102 32713
81202 7470
81302 52319
81402 45873
81502 63551
81602 56025
81702 17381
81802 28513
81902 49870
82002 30531
82102 56168
82202 30593
82302 56148
82402 58622
82502 1265
82602 42076
82702 19423
82802 60253
82902 44222
83002 46316
83102 19781
83202 60289
83302 45230
83402 54306
83502 11057
83602 52317
83702 24043
83802 21130
83902 59437
84002 51033
84102 52167
84202 22953
84302 61047
84402 13959
84502 26854
84602 54931
84702 23613
84802 105
84902 48708
85002 9753
85102 48873
85202 30183
85302 5577
85402 63639
85502 20652
85602 48407
85702 58886
85802 36069
85902 15372
86002 41329
86102 7936
86202 37213
86302 29771
86402 38296
86502 50064
86602 53803
86702 43627
86802 9234
86902 31467
87002 53313
87102 49394
87202 18711
87302 57909
87402 35371
87502 35885
87602 32505
87702 16652
87802 62874
87902 48154
88002 47741
88102 32750
88202 3677
88302 56423
88402 15836
88502 39766
88602 20573
88702 29780
88802 13301
88902 62920
89002 52724
89102 12007
89202 50739
89302 3007
89402 60221
89502 30713
89602 1984
89702 22905
89802 47465
89902 38034
90002 61927
90102 45887
