102 34088
202 10086
302 18422
402 26124
502 8272
602 14947
702 5846
802 1373
902 8266
1002 14616
1102 11821
1202 3882
1302 14812
1402 13919
1502 46036
1602 38783
1702 47063
1802 1010
1902 7485
2002 25198
2102 57840
2202 21036
2302 17939
2402 23597
2502 25812
2602 18067
2702 1730
2802 7594
2902 58173
3002 65369
3102 28423
3202 14074
3302 41822
3402 20290
3502 43373
3602 7070
3702 5700
3802 17145
3902 16717
4002 53198
4102 56261
4202 15739
4302 40412
4402 47839
4502 5319
4602 9618
4702 2131
4802 12393
4902 34919
5002 23955
5102 58130
5202 48141
5302 60082
5402 19890
5502 60720
5602 45236
5702 1714
5802 43053
5902 15453
6002 34992
6102 17994
6202 25075
6302 18076
6402 48104
6502 61299
6602 42462
6702 38939
6802 38541
6902 63588
7002 40787
7102 6265
7202 42774
7302 43393
7402 9801
7502 31688
7602 64687
7702 52242
7802 27336
7902 46711
8002 48863
8102 14550
8202 50476
8302 7807
8402 57450
8502 59281
8602 39613
8702 20178
8802 24370
8902 23596
9002 61126
9102 50319
9202 50868
9302 22121
9402 38046
9502 63745
9602 40718
9702 57673
9802 42364
9902 31754
10002 32862
10102 44580
10202 35002
10302 3797
10402 51342
10502 50303
10602 50808
10702 24853
10802 12461
10902 674
11002 8002
11102 39955
11202 8033
11302 26932
11402 41086
11502 22261
11602 44449
11702 15489
11802 6577
11902 44511
12002 39407
12102 58161
12202 6215
12302 62323
12402 33919
12502 16782
12602 54568
12702 8883
12802 11322
12902 2857
13002 30874
13102 5955
13202 27664
13302 925
13402 31947
13502 34140
13602 32546
13702 41100
13802 11457
13902 44649
14002 29116
14102 5177
14202 53141
14302 56119
14402 16886
14502 53374
14602 2609
14702 40412
14802 7991
14902 313
15002 26362
15102 11004
15202 63437
15302 25193
15402 41864
15502 33505
15602 33218
15702 34688
15802 31246
15902 48747
16002 13094
16102 8132
16202 44093
16302 58306
16402 53988
16502 30419
16602 14189
16702 43368
16802 45659
16902 14100
17002 44897
17102 31198
17202 8680
17302 5555
17402 222
17502 54805
17602 64823
17702 59774
17802 22153
17902 18980
18002 27968
18102 18261
18202 11440
18302 43486
18402 53125
18502 32112
18602 57220
18702 52331
18802 16648
18902 40175
19002 27691
19102 24109
19202 62911
19302 12604
19402 10052
19502 18288
19602 56086
19702 58830
19802 572
19902 55478
20002 37373
20102 40421
20202 58772
20302 10520
20402 6827
20502 3137
20602 36167
20702 57713
20802 24221
20902 54647
21002 12290
21102 58069
21202 29408
21302 33800
21402 31862
21502 33935
21602 49605
21702 15377
21802 17536
21902 30352
22002 30660
22102 21085
22202 18797
22302 53631
22402 29180
22502 50749
22602 63013
22702 1479
22802 5919
22902 23352
23002 14534
23102 37815
23202 32693
23302 29447
23402 33166
23502 61731
23602 43927
23702 61536
23802 5815
23902 54643
24002 19138
24102 34956
24202 50804
24302 5543
24402 18883
24502 6062
24602 38026
24702 49206
24802 26084
24902 51993
25002 26043
25102 23398
25202 6326
25302 24608
25402 58137
25502 50515
25602 64006
25702 35395
25802 55666
25902 43391
26002 24847
26102 39206
26202 49146
26302 63350
26402 30091
26502 19317
26602 38163
26702 49300
26802 33017
26902 35414
27002 18225
27102 19684
27202 9558
27302 37824
27402 31801
27502 27054
27602 38546
27702 35798
27802 42466
27902 18499
28002 57117
28102 29534
28202 6353
28302 36621
28402 57939
28502 20771
28602 44125
28702 12530
28802 46594
28902 8050
29002 905
29102 20908
29202 4536
29302 45735
29402 10745
29502 21221
29602 26482
29702 33247
29802 4543
29902 63026
30002 20682
30102 6216
30202 49715
30302 45438
30402 2067
30502 21498
30602 36043
30702 8158
30802 48161
30902 63892
31002 18258
31102 54282
31202 45014
31302 6267
31402 64874
31502 42698
31602 60420
31702 26447
31802 58277
31902 63854
32002 21161
32102 34122
32202 658
32302 61483
32402 53439
32502 36666
32602 4045
32702 28384
32802 48477
32902 57578
33002 57809
33102 11567
33202 29458
33302 36020
33402 56979
33502 53515
33602 4746
33702 8889
33802 61281
33902 42961
34002 37679
34102 5565
34202 19539
34302 40553
34402 46623
34502 46782
34602 30299
34702 23224
34802 47738
34902 46577
35002 2049
35102 64796
35202 53077
35302 45859
35402 27536
35502 39497
35602 37028
35702 43580
35802 64291
35902 20343
36002 43307
36102 2217
36202 35278
36302 53848
36402 52879
36502 48084
36602 48487
36702 40432
36802 30467
36902 17732
37002 60414
37102 17243
37202 62278
37302 22801
37402 46950
37502 53655
37602 63638
37702 18096
37802 13656
37902 7019
38002 49970
38102 26985
38202 12217
38302 11021
38402 34399
38502 55097
38602 5066
38702 52337
38802 64662
38902 36354
39002 10139
39102 34165
39202 1464
39302 12648
39402 49685
39502 63605
39602 14678
39702 8924
39802 62955
39902 6782
40002 51262
40102 26
40202 16950
40302 14977
40402 126
40502 4329
40602 61858
40702 60524
40802 23910
40902 13922
41002 55062
41102 23221
41202 10833
41302 48169
41402 3916
41502 22047
41602 16143
41702 23209
41802 40797
41902 58127
42002 63694
42102 39410
42202 29920
42302 22676
42402 26777
42502 31662
42602 36564
42702 13528
42802 28240
42902 58152
43002 18810
43102 65185
43202 53711
43302 22093
43402 18391
43502 37308
43602 3977
43702 46982
43802 49012
43902 21272
44002 30861
44102 32316
44202 60647
44302 47822
44402 28241
44502 13893
44602 19554
44702 26273
44802 29273
44902 41860
45002 25823
45102 55613
45202 1581
45302 27522
45402 26847
45502 64886
45602 57728
45702 27614
45802 53366
45902 919
46002 4959
46102 49096
46202 22312
46302 65398
46402 48184
46502 13630
46602 16195
46702 44751
46802 42619
46902 24002
47002 47104
47102 11583
47202 3094
47302 39747
47402 62168
47502 26214
47602 48447
47702 35227
47802 46348
47902 46713
48002 22805
48102 11140
48202 11043
48302 40098
48402 32200
48502 48446
48602 36251
48702 14696
48802 28222
48902 13961
49002 61020
49102 58922
49202 63742
49302 64871
49402 25846
49502 19554
49602 30479
49702 42867
49802 4557
49902 39669
50002 3468
50102 15636
50202 64921
50302 36897
50402 41476
50502 60079
50602 44330
50702 10992
50802 33716
50902 17908
51002 6793
51102 44350
51202 26519
51302 28978
51402 47458
51502 38523
51602 46401
51702 9166
51802 15759
51902 28314
52002 58017
52102 62215
52202 33923
52302 60404
52402 7850
52502 5858
52602 14733
52702 4058
52802 58355
52902 55485
53002 17606
53102 37452
53202 61456
53302 59981
53402 50706
53502 50708
53602 48702
53702 14034
53802 58823
53902 53109
54002 37048
54102 37091
54202 23487
54302 34660
54402 57852
54502 8858
54602 58827
54702 8093
54802 34745
54902 58725
55002 57976
55102 2738
55202 13723
55302 32488
55402 57354
55502 35468
55602 34202
55702 34482
55802 27446
55902 64566
56002 48016
56102 2317
56202 47389
56302 56830
56402 29309
56502 57572
56602 21875
56702 22232
56802 23541
56902 32959
57002 29820
57102 41028
57202 54735
57302 34910
57402 57601
57502 13599
57602 40393
57702 31326
57802 27367
57902 55453
58002 4069
58102 29049
58202 47486
58302 43622
58402 28372
58502 37673
58602 36426
58702 41452
58802 7290
58902 60577
59002 3518
59102 31228
59202 459
59302 10108
59402 26526
59502 35123
59602 7921
59702 16402
59802 58847
59902 57533
60002 41511
60102 51287
60202 16094
60302 26214
60402 57556
60502 64189
60602 16652
60702 56206
60802 64022
60902 34937
61002 64808
61102 61285
61202 2017
61302 27230
61402 65028
61502 8201
61602 46503
61702 26856
61802 14145
61902 21527
62002 5307
62102 54705
62202 9047
62302 50718
62402 7326
62502 21095
62602 18857
62702 12510
62802 60690
62902 64844
63002 40307
63102 14200
63202 28789
63302 63041
63402 62198
63502 26441
63602 15990
63702 242
63802 23472
63902 27208
64002 46922
64102 49654
64202 27387
64302 1927
64402 26906
64502 35970
64602 64022
64702 55205
64802 22381
64902 36463
65002 7063
65102 56668
65202 4670
65302 40328
65402 40472
65502 16061
65602 59144
65702 53949
65802 54231
65902 60310
66002 51558
66102 53690
66202 62042
66302 49052
66402 27121
66502 3540
66602 45572
66702 55126
66802 24985
66902 35390
67002 52098
67102 63120
67202 60821
67302 131
67402 8354
67502 15937
67602 53524
67702 53519
67802 11966
67902 45577
68002 54851
68102 47118
68202 30127
68302 21981
68402 5134
68502 33004
68602 46247
68702 21348
68802 13126
68902 31661
69002 14214
69102 21077
69202 24960
69302 39711
69402 51690
69502 55269
69602 36561
69702 16468
69802 51185
69902 50424
70002 19762
70102 33988
70202 11444
70302 31438
70402 40737
70502 60195
70602 926
70702 55823
70802 31547
70902 43279
71002 36650
71102 10269
71202 56684
71302 20344
71402 47800
71502 37636
71602 25299
71702 63940
71802 14872
71902 35685
72002 42043
72102 7651
72202 45782
72302 59070
72402 34969
72502 35761
72602 35066
72702 22268
72802 31931
72902 42268
73002 63046
73102 6943
73202 25062
73302 3886
73402 19368
73502 2597
73602 13158
73702 36889
73802 63779
73902 33156
74002 13418
74102 63929
74202 59656
74302 17984
74402 40433
74502 65191
74602 14577
74702 40531
74802 10278
74902 57839
75002 42154
75102 24664
75202 58625
75302 38578
75402 4280
75502 33566
75602 59889
75702 5157
75802 1482
75902 979
76002 37192
76102 44165
76202 49653
76302 35599
76402 32912
76502 47528
76602 11936
76702 13620
76802 24009
76902 38184
77002 42634
77102 1007
77202 47221
77302 56365
77402 54544
77502 17138
77602 60188
77702 31479
77802 41455
77902 40326
78002 17363
78102 15120
78202 35830
78302 18504
78402 61249
78502 33447
78602 20177
78702 53021
78802 1615
78902 25690
79002 27272
79102 23650
79202 33162
79302 46999
79402 27030
79502 42949
79602 6452
79702 25715
79802 499
79902 33600
80002 28701
80102 21886
80202 12067
80302 50807
80402 18013
80502 13484
80602 21326
80702 38058
80802 50611
80902 39391
81002 41883
81102 10716
81202 41517
81302 20852
81402 38539
81502 21384
81602 23137
81702 64627
81802 21072
81902 38389
82002 25019
82102 7392
82202 56889
82302 5323
82402 31194
82502 12678
82602 23239
82702 36473
82802 58217
82902 31
83002 49987
83102 46959
83202 18256
83302 13987
83402 29209
83502 57630
83602 62761
83702 6799
83802 50064
83902 15683
84002 55188
84102 5568
84202 21568
84302 25709
84402 57691
84502 168
84602 49136
84702 37221
84802 13920
84902 35808
85002 35474
85102 34249
85202 14214
85302 59182
85402 45474
85502 56304
85602 20422
85702 5328
85802 34279
85902 10486
86002 18361
86102 10875
86202 23187
86302 22862
86402 62058
86502 11589
86602 26011
86702 53794
86802 42696
86902 47406
87002 63574
87102 49026
87202 9482
87302 36836
87402 3723
87502 62842
87602 46860
87702 47398
87802 33532
87902 48151
88002 51310
88102 53646
88202 52366
88302 36326
88402 41861
88502 202
88602 60290
88702 35396
88802 11032
88902 7030
89002 42674
89102 22102
89202 56783
89302 1652
89402 9738
89502 17858
89602 3684
89702 51711
89802 41241
89902 26029
90002 42885
90102 33769
