102 1768
202 28356
302 65135
402 40718
502 53641
602 11815
702 36973
802 48868
902 31267
1002 21761
1102 206
1202 41832
1302 33
1402 64206
1502 53265
1602 50673
1702 5431
1802 47185
1902 11293
2002 22889
2102 23819
2202 2503
2302 58758
2402 33150
2502 10960
2602 10625
2702 17123
2802 42561
2902 7406
3002 12701
3102 2328
3202 50844
3302 22766
3402 32640
3502 8340
3602 9129
3702 10086
3802 63324
3902 59374
4002 19416
4102 4712
4202 11861
4302 19411
4402 61536
4502 35973
4602 44032
4702 2354
4802 2436
4902 19939
5002 63896
5102 62096
5202 21294
5302 46650
5402 4951
5502 4261
5602 58496
5702 36600
5802 8886
5902 10624
6002 38289
6102 16161
6202 55077
6302 60607
6402 11319
6502 61243
6602 59271
6702 37241
6802 65064
6902 56123
7002 61948
7102 34109
7202 14736
7302 36051
7402 4331
7502 21620
7602 15357
7702 28928
7802 54188
7902 29836
8002 29645
8102 20107
8202 11377
8302 15775
8402 60735
8502 20061
8602 32051
8702 49551
8802 61276
8902 20669
9002 59866
9102 8004
9202 46015
9302 57123
9402 4180
9502 9263
9602 27049
9702 41685
9802 31396
9902 32327
10002 46710
10102 52752
10202 20912
10302 36174
10402 58418
10502 33870
10602 46376
10702 37876
10802 3577
10902 14176
11002 5100
11102 10754
11202 42296
11302 13444
11402 49139
11502 9669
11602 19095
11702 16198
11802 57686
11902 18159
12002 18594
12102 43790
12202 54156
12302 18465
12402 50440
12502 46182
12602 3297
12702 7848
12802 19120
12902 35394
13002 54377
13102 23911
13202 55866
13302 27562
13402 38584
13502 48703
13602 36737
13702 50271
13802 10603
13902 21469
14002 31514
14102 3063
14202 60198
14302 48300
14402 64521
14502 23941
14602 5371
14702 61938
14802 58397
14902 26957
15002 55096
15102 30063
15202 38792
15302 7235
15402 12150
15502 18937
15602 12984
15702 57926
15802 17302
15902 6849
16002 11270
16102 30876
16202 42556
16302 14251
16402 63470
16502 39147
16602 4626
16702 20711
16802 62594
16902 24031
17002 26337
17102 5345
17202 12546
17302 64318
17402 38840
17502 26010
17602 44623
17702 12597
17802 29294
17902 35633
18002 47578
18102 27260
18202 57335
18302 3372
18402 53199
18502 11279
18602 17421
18702 43840
18802 19828
18902 38211
19002 6021
19102 64719
19202 21113
19302 65055
19402 38594
19502 30038
19602 32883
19702 22775
19802 44471
19902 13794
20002 3363
20102 6120
20202 59017
20302 54464
20402 48956
20502 44176
20602 34078
20702 22794
20802 64896
20902 35968
21002 30336
21102 47787
21202 249
21302 13927
21402 44251
21502 11078
21602 15095
21702 56687
21802 21603
21902 55133
22002 27955
22102 40546
22202 22703
22302 33692
22402 39143
22502 42882
22602 38537
22702 36175
22802 6635
22902 37666
23002 12371
23102 46857
23202 15362
23302 46130
23402 38298
23502 17074
23602 41724
23702 48375
23802 733
23902 26365
24002 33476
24102 27074
24202 64983
24302 33055
24402 10454
24502 9119
24602 50874
24702 4136
24802 52433
24902 685
25002 49407
25102 33934
25202 64608
25302 39181
25402 12445
25502 42658
25602 50731
25702 5118
25802 12651
25902 60219
26002 55620
26102 6189
26202 35909
26302 64398
26402 65219
26502 22590
26602 44788
26702 47101
26802 26713
26902 20761
27002 65353
27102 11310
27202 24254
27302 38865
27402 34940
27502 3068
