102 42653
202 60437
302 14260
402 52785
502 21775
602 19096
702 2933
802 11347
902 43146
1002 55787
1102 15965
1202 37243
1302 26676
1402 2059
1502 15639
1602 9037
1702 30197
1802 20416
1902 29979
2002 22881
2102 7014
2202 12325
2302 48547
2402 36871
2502 46871
2602 58042
2702 33867
2802 58616
2902 19184
3002 8492
3102 46728
3202 51583
3302 26882
3402 64586
3502 1944
3602 55640
3702 18088
3802 37503
3902 46771
4002 12317
4102 62296
4202 11907
4302 59148
4402 12775
4502 41198
4602 27538
4702 1210
4802 4503
4902 55526
5002 20490
5102 4851
5202 59466
5302 36715
5402 19237
5502 34457
5602 11383
5702 3398
5802 52466
5902 43430
6002 1904
6102 56277
6202 47159
6302 38219
6402 21083
6502 61389
6602 27497
6702 51776
6802 47349
6902 39073
7002 29890
7102 27127
7202 37744
7302 46767
7402 29792
7502 35230
7602 46953
7702 41170
7802 12091
7902 4085
8002 62291
8102 19696
8202 45685
8302 51042
8402 25636
8502 19043
8602 43222
8702 1139
8802 61924
8902 36368
9002 8026
9102 40668
9202 12692
9302 27800
9402 26379
9502 27897
9602 1871
9702 50745
9802 38403
9902 64711
10002 162
10102 62378
10202 24408
10302 21100
10402 42113
10502 34926
10602 18309
10702 34223
10802 17459
10902 9583
11002 48385
11102 37371
11202 51349
11302 30738
11402 29901
11502 2981
11602 1696
11702 16964
11802 41273
11902 52467
12002 20838
12102 5430
12202 39172
12302 60310
12402 22194
12502 60593
12602 47751
12702 22027
12802 29585
12902 39810
13002 6827
13102 24946
13202 41143
13302 35508
13402 15245
13502 55082
13602 9508
13702 59616
13802 46174
13902 18397
14002 51039
14102 33417
14202 63643
14302 18166
14402 16852
14502 39488
14602 33521
14702 13274
14802 16444
14902 39114
15002 56666
15102 30192
15202 14846
15302 17104
15402 56025
15502 12214
15602 13465
15702 57357
15802 64824
15902 57637
16002 31302
16102 6044
16202 24179
16302 13730
16402 57745
16502 14707
16602 54767
16702 16422
16802 24072
16902 47302
17002 52339
17102 57962
17202 38326
17302 45878
17402 36672
17502 38844
17602 12241
17702 45770
17802 23050
17902 63835
18002 8678
18102 12843
18202 29622
18302 49220
18402 39206
18502 34546
18602 7780
18702 64378
18802 16708
18902 16347
19002 60
19102 40956
19202 7538
19302 16210
19402 38751
19502 62437
19602 8323
19702 11208
19802 34109
19902 25568
20002 51875
20102 16500
20202 23286
20302 56886
20402 55621
20502 27165
20602 50556
20702 20826
20802 15609
20902 23166
21002 9997
21102 61538
21202 31589
21302 36177
21402 49109
21502 34805
21602 62090
21702 34889
21802 47056
21902 57813
22002 3863
22102 8179
22202 52622
22302 29563
22402 25786
22502 48069
22602 4406
22702 2223
22802 60002
22902 38871
23002 63987
23102 40600
23202 7709
23302 18460
23402 3882
23502 8995
23602 42543
23702 16547
23802 13253
23902 9764
24002 17161
24102 18476
24202 62061
24302 11692
24402 25199
24502 19111
24602 33147
24702 62812
24802 46114
24902 6389
25002 52169
25102 32612
25202 43553
25302 14068
25402 51317
25502 46863
25602 20939
25702 56523
25802 41713
25902 41122
26002 64426
26102 37158
26202 57698
26302 22379
26402 43487
26502 19409
26602 11312
26702 23482
26802 53334
26902 64904
27002 1974
27102 44826
27202 40798
27302 31506
27402 12382
27502 14774
27602 5910
27702 5096
27802 57966
27902 30596
28002 1706
28102 27717
28202 40422
28302 26528
28402 3038
28502 466
28602 49595
28702 24921
28802 40209
28902 636
29002 14642
29102 8356
29202 33031
29302 53832
29402 56248
29502 61595
29602 10264
29702 46048
29802 27619
29902 27679
30002 29621
30102 45425
30202 38806
30302 35061
30402 25339
30502 31736
30602 15800
30702 15108
30802 23602
30902 50789
31002 52502
31102 59574
31202 41258
31302 51412
31402 29066
31502 35722
31602 33814
31702 48518
31802 65068
31902 13603
32002 55507
32102 37017
32202 9007
32302 6039
32402 30176
32502 1921
32602 60661
32702 16788
32802 48076
32902 61723
33002 43888
33102 27013
33202 36666
33302 10369
33402 51650
33502 33064
33602 57985
33702 34114
33802 603
33902 55092
34002 13785
34102 15450
34202 52881
34302 28407
34402 59143
34502 16886
34602 32443
34702 36207
34802 39338
34902 50608
35002 2731
35102 29024
35202 2906
35302 6349
35402 17837
35502 37283
35602 42215
35702 46580
35802 26499
35902 48554
36002 11320
36102 25892
36202 39112
36302 52122
36402 9980
36502 25248
36602 13040
36702 32133
36802 25436
36902 49216
37002 13897
37102 47283
37202 56305
37302 28347
37402 14654
37502 61086
37602 28922
37702 64458
37802 54142
37902 22391
38002 35482
38102 36979
38202 62080
38302 39723
38402 1865
38502 44830
38602 14481
38702 13998
38802 9937
38902 33671
39002 19387
39102 32599
39202 52866
39302 57262
39402 15143
39502 18849
39602 39597
39702 6707
39802 7153
39902 34486
40002 34160
40102 17516
40202 59613
40302 28548
40402 43105
40502 63738
40602 64580
40702 18719
40802 3873
40902 47300
41002 63516
41102 13321
41202 43116
41302 52296
41402 22956
41502 14736
41602 47641
41702 29335
41802 57803
41902 44469
42002 1639
42102 9397
42202 58454
42302 26899
42402 60165
42502 53998
42602 37916
42702 31044
42802 48899
42902 44202
43002 11517
43102 50907
43202 1102
43302 24982
43402 13136
43502 55890
43602 8516
43702 30257
43802 51994
43902 25938
44002 53663
44102 46893
44202 50128
44302 59287
44402 51015
44502 50379
44602 34111
44702 62734
44802 5161
44902 27454
45002 40418
45102 38581
45202 2535
45302 19609
45402 55527
45502 27102
45602 51206
45702 8853
45802 35055
45902 62386
46002 7953
46102 61423
46202 24505
46302 520
46402 44502
46502 53174
46602 31314
46702 11978
46802 48920
46902 7343
47002 18545
47102 31811
47202 31015
47302 24950
47402 43858
47502 63247
47602 17203
47702 52827
47802 28285
47902 8505
48002 47842
48102 12789
48202 28556
48302 29620
48402 34036
48502 43284
48602 12764
48702 2312
48802 35721
48902 3747
49002 43081
49102 61955
49202 38396
49302 46763
49402 32663
49502 1178
49602 10920
49702 46995
49802 24587
49902 31662
50002 29672
50102 19127
50202 24956
50302 52360
50402 18189
50502 397
50602 57840
50702 11099
50802 61601
50902 45486
51002 8230
51102 10923
51202 4720
51302 746
51402 23948
51502 21604
51602 27423
51702 62988
51802 38569
51902 30107
52002 48045
52102 3137
52202 39136
52302 64205
52402 6979
52502 1318
52602 4750
52702 51908
52802 18026
52902 30023
53002 65264
53102 16362
53202 61553
53302 31101
53402 28267
53502 23041
53602 64779
53702 46256
53802 13319
53902 22837
54002 61017
54102 57006
54202 5060
54302 51831
54402 63224
54502 37804
54602 43273
54702 54155
54802 19395
54902 15352
55002 2460
55102 19267
55202 45841
55302 31661
55402 3205
55502 1055
55602 33441
55702 63422
55802 54924
55902 12791
56002 10744
56102 42486
56202 19473
56302 11601
56402 16782
56502 64184
56602 44875
56702 32204
56802 54711
56902 3641
57002 54530
57102 61502
57202 8986
57302 13091
57402 10054
57502 28538
57602 46998
57702 7370
57802 13231
57902 48533
58002 61355
58102 31634
58202 33302
58302 11447
58402 55067
58502 36616
58602 23254
58702 52693
58802 757
58902 60564
59002 40649
59102 58990
59202 21197
59302 7854
59402 35898
59502 15127
59602 15633
59702 18699
59802 30897
59902 47282
60002 21595
60102 52521
60202 38829
60302 39323
60402 55090
60502 46034
60602 11286
60702 26901
60802 22462
60902 41889
61002 11871
61102 4982
61202 22738
61302 1863
61402 61293
61502 27348
61602 4212
61702 10693
61802 34729
61902 58594
62002 65401
62102 19492
62202 53808
62302 44865
62402 11256
62502 25498
62602 23664
62702 18009
62802 8952
62902 12937
63002 7997
63102 31121
63202 5392
63302 27767
63402 8562
63502 11848
63602 62642
63702 41598
63802 37485
63902 9908
64002 21415
64102 58047
64202 20986
64302 52280
64402 25056
64502 31147
64602 65291
64702 53936
64802 59524
64902 19492
65002 6268
65102 51408
65202 1147
65302 24028
65402 48787
65502 15339
65602 9713
65702 63127
65802 39779
65902 45513
66002 61632
66102 41620
66202 24498
66302 45088
66402 8057
66502 32330
66602 5767
66702 2732
66802 49947
66902 56792
67002 63838
67102 55874
67202 4317
67302 40065
67402 29464
67502 48734
67602 8424
67702 33135
67802 55523
67902 56777
68002 5750
68102 35058
68202 41555
68302 55813
68402 58866
68502 40076
68602 58828
68702 22215
68802 28791
68902 34573
69002 41308
69102 14419
69202 59881
69302 19440
69402 21902
69502 15090
69602 14544
69702 23006
69802 61311
69902 32391
70002 5140
70102 20740
70202 30141
70302 16859
70402 10898
70502 57329
70602 6164
70702 48114
70802 38839
70902 31959
71002 45586
71102 32178
71202 53356
71302 25283
71402 1567
71502 50521
71602 1556
71702 22900
71802 23080
71902 6524
72002 5870
72102 39101
72202 2742
72302 34330
72402 29469
72502 35764
72602 57226
72702 17609
72802 63700
72902 3307
73002 33150
73102 14463
73202 38318
73302 17370
73402 32524
73502 7450
73602 60977
73702 46918
73802 49439
73902 27390
74002 61887
74102 42780
74202 22194
74302 38512
74402 33840
74502 49539
74602 50536
74702 65275
74802 56601
74902 28177
75002 23701
75102 31540
75202 47709
75302 53179
75402 25749
75502 39660
75602 22002
75702 6017
75802 13132
75902 60529
76002 58001
76102 54881
76202 18337
76302 10953
76402 17990
76502 29735
76602 33986
76702 40757
76802 40686
76902 35681
77002 49244
77102 18158
77202 53329
77302 35385
77402 32250
77502 6580
77602 6989
77702 16198
77802 56324
77902 47668
78002 42951
78102 24609
78202 24050
78302 24737
78402 42779
78502 40545
78602 13377
78702 48394
78802 65308
78902 58504
79002 28462
79102 35482
79202 35828
79302 32762
79402 7285
79502 43639
79602 50086
79702 64715
79802 31464
79902 21713
80002 25582
80102 13480
80202 58715
80302 45631
80402 41147
80502 60794
80602 14502
80702 25266
80802 9149
80902 5330
81002 49406
81102 20241
81202 16893
81302 41730
81402 56872
81502 41163
81602 18450
81702 21997
81802 33563
81902 16900
82002 4437
82102 45204
82202 24292
82302 33663
82402 8173
82502 39628
82602 2265
82702 49466
82802 7247
82902 53114
83002 30267
83102 5799
83202 53492
83302 37919
83402 5932
83502 5977
83602 2397
83702 18843
83802 5797
83902 24618
84002 32548
84102 52565
84202 59687
84302 35970
84402 32052
84502 19303
84602 7115
84702 60618
84802 16882
84902 62558
85002 23891
85102 31379
85202 29634
85302 34473
85402 27174
85502 18757
85602 7176
85702 57062
85802 13747
85902 2660
86002 27494
86102 50488
86202 33496
86302 35056
86402 45542
86502 49520
86602 22355
86702 48720
86802 55058
86902 25546
87002 49385
87102 3922
87202 3221
87302 33926
87402 58902
87502 42476
87602 5851
87702 59326
87802 43581
87902 14353
88002 59612
88102 5596
88202 15365
88302 52474
88402 39514
88502 2756
88602 24691
88702 62825
88802 33045
88902 28401
89002 61597
89102 35722
89202 49738
89302 10646
89402 54713
89502 33292
89602 60235
89702 35347
89802 5650
89902 49305
90002 51741
90102 12860
