102 11529
202 13513
302 19908
402 14492
502 50358
602 5165
702 22885
802 2232
902 56096
1002 29163
1102 33245
1202 7558
1302 29158
1402 31822
1502 20886
1602 45349
1702 56981
1802 52127
1902 60341
2002 31562
2102 11022
2202 32238
2302 60173
2402 2685
2502 58609
2602 29936
2702 47696
2802 38706
2902 10078
3002 23066
3102 49360
3202 36080
3302 11417
3402 51490
3502 52667
3602 63137
3702 63210
3802 39608
3902 5473
4002 63449
4102 64535
4202 53248
4302 43434
4402 10645
4502 26845
4602 1336
4702 39603
4802 18080
4902 20117
5002 50396
5102 11827
5202 33092
5302 46772
5402 23286
5502 60858
5602 20300
5702 185
5802 12572
5902 10264
6002 40994
6102 8928
6202 23388
6302 40887
6402 9626
6502 4713
6602 64698
6702 28972
6802 64768
6902 4256
7002 15718
7102 15186
7202 50543
7302 41035
7402 57950
7502 18759
7602 35530
7702 31967
7802 28688
7902 33342
8002 56550
8102 29385
8202 28630
8302 40926
8402 20756
8502 53675
8602 25663
8702 50496
8802 10460
8902 42893
9002 34923
9102 61929
9202 32045
9302 37502
9402 34351
9502 55274
9602 28040
9702 16287
9802 27847
9902 27964
10002 42590
10102 7409
10202 48859
10302 56941
10402 64699
10502 40733
10602 47024
10702 27302
10802 37238
10902 47143
11002 52562
11102 24826
11202 18493
11302 8419
11402 27668
11502 19034
11602 46166
11702 57503
11802 46235
11902 59236
12002 57082
12102 55753
12202 25541
12302 13268
12402 51230
12502 26375
12602 49803
12702 31012
12802 10662
12902 39706
13002 57026
13102 15839
13202 29813
13302 50917
13402 50553
13502 19453
13602 64600
13702 32927
13802 65060
13902 39177
14002 19257
14102 56272
14202 7054
14302 50430
14402 10620
14502 62652
14602 46809
14702 425
14802 57158
14902 30069
15002 31168
15102 13670
15202 51075
15302 19904
15402 46731
15502 38228
15602 40901
15702 10206
15802 50402
15902 62585
16002 65520
16102 51221
16202 34793
16302 62020
16402 44822
16502 25415
16602 12775
16702 16294
16802 57626
16902 10007
17002 55786
17102 51415
17202 35714
17302 65248
17402 2816
17502 40851
17602 33481
17702 39384
17802 52351
17902 18907
18002 36933
18102 34411
18202 29656
18302 47729
18402 37574
18502 9912
18602 8460
18702 3596
18802 53522
18902 61469
19002 38745
19102 32192
19202 34404
19302 18783
19402 9554
19502 26575
19602 49602
19702 36807
19802 21792
19902 35325
20002 57024
20102 56346
20202 52586
20302 12738
20402 35655
20502 40688
20602 47085
20702 53566
20802 12344
20902 65427
21002 57056
21102 56469
21202 48482
21302 21016
21402 27167
21502 2536
21602 58615
21702 25200
21802 51293
21902 37672
22002 25925
22102 38068
22202 57449
22302 20464
22402 27561
22502 65457
22602 48969
22702 25318
22802 23934
22902 54158
23002 26180
23102 55226
23202 52826
23302 11401
23402 7048
23502 25588
23602 22468
23702 21821
23802 19946
23902 50487
24002 42995
24102 48522
24202 27379
24302 60195
24402 58861
24502 59461
24602 478
24702 44428
24802 32695
24902 2596
25002 47132
25102 15428
25202 46789
25302 57512
25402 23368
25502 7061
25602 5955
25702 57303
25802 11962
25902 42772
26002 2025
26102 19015
26202 11535
26302 46370
26402 33958
26502 5816
26602 51276
26702 57789
26802 44371
26902 37928
27002 24320
27102 10266
27202 35763
27302 6596
27402 60700
27502 19510
27602 33944
27702 27939
27802 65379
27902 51888
28002 24920
28102 54771
28202 7519
28302 5004
28402 63630
28502 51536
28602 50595
28702 23362
28802 8935
28902 65194
29002 6974
29102 26496
29202 50364
29302 65085
29402 50208
29502 62736
29602 16254
29702 6901
29802 7254
29902 63553
30002 3065
30102 62098
30202 62044
30302 8921
30402 12989
30502 49657
30602 21464
30702 37849
30802 37948
30902 57659
31002 45705
31102 33715
31202 16936
31302 16623
31402 56241
31502 42335
31602 27662
31702 25146
31802 54973
31902 52045
32002 27573
32102 27311
32202 36351
32302 22027
32402 45815
32502 50443
32602 39855
32702 41354
32802 15672
32902 61075
33002 52822
33102 44126
33202 893
33302 43119
33402 41192
33502 35784
33602 59663
33702 2752
33802 21915
33902 53540
34002 30018
34102 51244
34202 60431
34302 55155
34402 18005
34502 58397
34602 15880
34702 1775
34802 48864
34902 24412
35002 47300
35102 35042
35202 45742
35302 44743
35402 18831
35502 20236
35602 62306
35702 60616
35802 3359
35902 2959
36002 11165
36102 10976
36202 49374
36302 56399
36402 11286
36502 22194
36602 39468
36702 44047
36802 24318
36902 6633
37002 12631
37102 2942
37202 29624
37302 60039
37402 56796
37502 54834
37602 55388
37702 47457
37802 15887
37902 46242
38002 33194
38102 61092
38202 48023
38302 16363
38402 4709
38502 95
38602 27248
38702 43550
38802 27183
38902 21800
39002 31613
39102 16120
39202 58730
39302 57327
39402 33572
39502 36483
39602 2178
39702 51751
39802 30403
39902 10308
40002 35684
40102 11279
40202 5147
40302 23454
40402 26466
40502 19301
40602 50091
40702 46270
40802 13201
40902 58000
41002 39919
41102 49034
41202 7746
41302 64680
41402 18827
41502 58954
41602 49673
41702 43077
41802 44167
41902 65006
42002 60184
42102 23723
42202 9900
42302 4285
42402 22499
42502 45611
42602 29561
42702 19708
42802 33904
42902 18932
43002 49333
43102 36331
43202 32943
43302 26441
43402 23224
43502 23948
43602 23468
43702 22224
43802 9099
43902 47414
44002 64718
44102 47583
44202 16665
44302 39702
44402 23167
44502 53354
44602 59498
44702 36635
44802 50260
44902 30500
45002 48165
45102 46875
45202 24662
45302 25133
45402 52023
45502 17798
45602 1413
45702 10651
45802 37953
45902 36799
46002 38214
46102 7658
46202 18836
46302 41955
46402 51020
46502 59441
46602 11094
46702 33469
46802 21576
46902 2072
47002 10672
47102 47232
47202 999
47302 39411
47402 29254
47502 21167
47602 25736
47702 30258
47802 45343
47902 62952
48002 7492
48102 22833
48202 35005
48302 58023
48402 54418
48502 37185
48602 39227
48702 64914
48802 13923
48902 57373
49002 3285
49102 18094
49202 41456
49302 41425
49402 42509
49502 35783
49602 34627
49702 30673
49802 5179
49902 61064
50002 51816
50102 59843
50202 27803
50302 39726
50402 62558
50502 18774
50602 14400
50702 15029
50802 31230
50902 11626
51002 5138
51102 40589
51202 30439
51302 51411
51402 54285
51502 47821
51602 26677
51702 44780
51802 6323
51902 36869
52002 11557
52102 50531
52202 20251
52302 36014
52402 54118
52502 28650
52602 43131
52702 63700
52802 48959
52902 50450
53002 36403
53102 48384
53202 18070
53302 49149
53402 53239
53502 8593
53602 37527
53702 22147
53802 32094
53902 57646
54002 44060
54102 64711
54202 21297
54302 47316
54402 28951
54502 2848
54602 60169
54702 45684
54802 52851
54902 63851
55002 47877
55102 54454
55202 20968
55302 10398
55402 62373
55502 32004
55602 15749
55702 47241
55802 48239
55902 38498
56002 31587
56102 36103
56202 52110
56302 58646
56402 54186
56502 12054
56602 57267
56702 4757
56802 13853
56902 10230
57002 29277
57102 46141
57202 50312
57302 48628
57402 30326
57502 24216
57602 40295
57702 40915
57802 5110
57902 45565
58002 34091
58102 62461
58202 839
58302 13805
58402 48376
58502 2737
58602 65150
58702 54445
58802 57986
58902 54200
59002 53076
59102 52938
59202 24375
59302 11280
59402 13733
59502 10413
59602 36368
59702 20928
59802 40065
59902 101
60002 43228
60102 56528
60202 12821
60302 29181
60402 61841
60502 44103
60602 57913
60702 113
60802 8629
60902 10003
61002 19074
61102 54917
61202 50790
61302 25212
61402 17137
61502 11207
61602 12523
61702 24412
61802 44584
61902 56065
62002 43075
62102 30314
62202 23541
62302 28962
62402 34654
62502 10840
62602 60410
62702 51424
62802 27851
62902 38763
63002 35313
63102 51854
63202 46661
63302 5874
63402 21504
63502 61798
63602 55129
63702 18340
63802 59991
63902 6805
64002 38869
64102 21427
64202 14829
64302 11724
64402 14214
64502 6018
64602 33467
64702 13919
64802 19062
64902 9459
65002 65297
65102 603
65202 30154
65302 6228
65402 65500
65502 19791
65602 29207
65702 14892
65802 38102
65902 36913
66002 15456
66102 36920
66202 17092
66302 3951
66402 15615
66502 30940
66602 44461
66702 40092
66802 26558
66902 28679
67002 30839
67102 32515
67202 35936
67302 19782
67402 24948
67502 5243
67602 1918
67702 47792
67802 58145
67902 1216
68002 16901
68102 52851
68202 4272
68302 27204
68402 36564
68502 32291
68602 42313
68702 2047
68802 33589
68902 49510
69002 33841
69102 35269
69202 5754
69302 52031
69402 31836
69502 51071
69602 39077
69702 5222
69802 62724
69902 26175
70002 32966
70102 44627
70202 14237
70302 22093
70402 18613
70502 434
70602 11143
70702 62231
70802 3894
70902 18717
71002 17747
71102 8881
71202 35792
71302 34298
71402 37375
71502 13197
71602 5220
71702 4443
71802 19070
71902 23772
72002 63618
72102 5862
72202 58371
72302 16431
72402 1935
72502 63551
72602 1234
72702 13284
72802 50082
72902 57164
73002 59089
73102 1719
73202 26992
73302 40382
73402 31000
73502 34170
73602 63440
73702 61620
73802 22709
73902 58629
74002 24558
74102 30445
74202 583
74302 60523
74402 24121
74502 13903
74602 44144
74702 29260
74802 47007
74902 54844
75002 62831
75102 25915
75202 46231
75302 44263
75402 10981
75502 25299
75602 39855
75702 15032
75802 39372
75902 2742
76002 4968
76102 41517
76202 19090
76302 57228
76402 165
76502 20473
76602 601
76702 36059
76802 54844
76902 51303
77002 23454
77102 61630
77202 25091
77302 45202
77402 47966
77502 2649
77602 38498
77702 10822
77802 20936
77902 34803
78002 63150
78102 15064
78202 55573
78302 18329
78402 64201
78502 22063
78602 2300
78702 60151
78802 57871
78902 31200
79002 37059
79102 26783
79202 16245
79302 57093
79402 26098
79502 18215
79602 59215
79702 15951
79802 27630
79902 8992
80002 10525
80102 9305
80202 56513
80302 3846
80402 7256
80502 63661
80602 43242
80702 26149
80802 39678
80902 29797
81002 50880
81102 48461
81202 22413
81302 31470
81402 24641
81502 41193
81602 23666
81702 7952
81802 42232
81902 12550
82002 8217
82102 43592
82202 25510
82302 45027
82402 53750
82502 43652
82602 33677
82702 50182
82802 36581
82902 16921
83002 30803
83102 2582
83202 60844
83302 65509
83402 47302
83502 16656
83602 20877
83702 17701
83802 31736
83902 31768
84002 4830
84102 38917
84202 10921
84302 43671
84402 18486
84502 23172
84602 55721
84702 51246
84802 27519
84902 57868
85002 60372
85102 32657
85202 28439
85302 60312
85402 57441
85502 12876
85602 24256
85702 902
85802 48153
85902 34337
86002 39738
86102 38311
86202 60763
86302 43549
86402 35313
86502 56444
86602 32678
86702 31629
86802 49444
86902 15827
87002 22182
87102 19554
87202 43845
87302 59950
87402 47221
87502 41894
87602 63945
87702 54653
87802 30866
87902 2639
88002 6382
88102 6463
88202 64163
88302 43178
88402 26870
88502 35794
88602 61256
88702 5958
88802 50127
88902 29982
89002 16815
89102 42761
89202 3545
89302 1439
89402 42244
89502 46768
89602 23398
89702 55114
89802 7275
89902 18814
90002 8771
90102 53584
