102 16893
202 9325
302 64277
402 34862
502 6908
602 25913
702 7340
802 24689
902 50436
1002 8863
1102 56279
1202 51088
1302 31300
1402 3466
1502 61270
1602 27555
1702 39357
1802 60885
1902 10537
2002 17485
2102 54174
2202 9095
2302 52187
2402 36760
2502 64641
2602 61828
2702 1157
2802 28519
2902 2960
3002 41172
3102 55314
3202 38104
3302 44981
3402 4630
3502 33391
3602 51497
3702 57077
3802 51186
3902 27331
4002 39517
4102 13185
4202 52974
4302 35981
4402 62354
4502 54840
4602 20703
4702 26023
4802 59671
4902 22914
5002 16255
5102 54585
5202 32353
5302 42523
5402 49463
5502 10235
5602 37414
5702 53177
5802 8438
5902 55778
6002 17381
6102 2737
6202 29218
6302 59356
6402 13529
6502 60933
6602 12617
6702 23586
6802 17959
6902 13473
7002 30487
7102 41255
7202 22835
7302 10188
7402 27521
7502 40181
7602 40880
7702 29205
7802 42355
7902 41127
8002 42856
8102 49916
8202 21640
8302 4082
8402 8375
8502 65374
8602 52639
8702 33825
8802 24137
8902 16047
9002 43413
9102 12305
9202 61675
9302 8785
9402 39505
9502 22598
9602 34224
9702 29741
9802 50253
9902 51649
10002 17070
10102 52041
10202 61747
10302 2004
10402 53949
10502 7000
10602 21935
10702 11586
10802 56844
10902 53519
11002 47708
11102 50296
11202 19136
11302 4326
11402 34723
11502 44818
11602 33352
11702 29349
11802 18481
11902 35748
12002 37257
12102 37203
12202 11542
12302 705
12402 8889
12502 63637
12602 57033
12702 46523
12802 18524
12902 62284
13002 34320
13102 55951
13202 4914
13302 55995
13402 51296
13502 50888
13602 7049
13702 25896
13802 61735
13902 52662
14002 23024
14102 12526
14202 45185
14302 17304
14402 51979
14502 1542
14602 26599
14702 28082
14802 59786
14902 53705
15002 55358
15102 57928
15202 63054
15302 43976
15402 44496
15502 52860
15602 60916
15702 669
15802 9029
15902 8205
16002 40774
16102 8007
16202 38998
16302 33820
16402 34669
16502 5076
16602 40332
16702 12915
16802 55202
16902 54552
17002 24389
17102 12502
17202 21153
17302 47782
17402 5454
17502 23729
17602 50385
17702 17165
17802 9474
17902 5671
18002 4312
18102 57686
18202 57874
18302 25432
18402 40088
18502 25881
18602 12542
18702 30786
18802 64785
18902 35086
19002 65531
19102 37615
19202 23600
19302 25603
19402 58532
19502 23263
19602 62709
19702 29205
19802 2362
19902 65053
20002 22543
20102 5660
20202 13616
20302 48288
20402 45545
20502 9149
20602 60095
20702 23469
20802 54062
20902 50846
21002 56138
21102 26793
21202 63815
21302 34351
21402 31978
21502 55558
21602 1994
21702 64755
21802 40129
21902 31861
22002 9211
22102 59637
22202 31725
22302 20678
22402 10456
22502 23782
22602 63328
22702 15003
22802 18842
22902 52720
23002 12979
23102 10019
23202 32619
23302 26606
23402 14979
23502 17681
23602 31625
23702 18088
23802 37808
23902 34725
24002 8975
24102 38968
24202 30753
24302 16700
24402 59619
24502 13555
24602 27018
24702 29870
24802 63264
24902 37536
25002 42125
25102 40767
25202 21619
25302 34667
25402 31621
25502 38348
25602 53575
25702 5584
25802 1056
25902 38219
26002 15515
26102 3602
26202 16378
26302 55615
26402 14512
26502 20626
26602 1598
26702 40161
26802 3513
26902 37140
27002 41936
27102 17577
27202 20197
27302 51364
27402 11015
27502 18876
27602 31358
27702 17156
27802 39644
27902 63991
28002 53409
28102 12059
28202 35987
28302 4887
28402 61311
28502 16449
28602 46594
28702 15044
28802 18435
28902 56450
29002 13771
29102 3355
29202 52388
29302 36425
29402 33573
29502 42626
