102 48716
202 6581
302 57409
402 26747
502 3670
602 25609
702 27035
802 10188
902 55704
1002 39284
1102 1826
1202 39561
1302 47965
1402 13832
1502 53925
1602 271
1702 32929
1802 279
1902 28024
2002 13607
2102 24261
2202 31775
2302 10740
2402 32571
2502 41440
2602 5741
2702 65146
2802 23820
2902 2766
3002 18973
3102 22957
3202 54904
3302 18162
3402 10778
3502 20407
3602 15344
3702 60325
3802 5453
3902 37072
4002 3019
4102 56877
4202 12336
4302 54188
4402 35664
4502 21298
4602 47582
4702 51791
4802 50510
4902 33197
5002 4212
5102 51304
5202 12618
5302 46858
5402 31815
5502 39060
5602 39384
5702 24114
5802 25716
5902 22568
6002 20837
6102 43539
6202 1755
6302 51527
6402 974
6502 13409
6602 8249
6702 40851
6802 30201
6902 34934
7002 47988
7102 38532
7202 7138
7302 64885
7402 29031
7502 52697
7602 50507
7702 27041
7802 34346
7902 59264
8002 34060
8102 8444
8202 28230
8302 12998
8402 7086
8502 676
8602 32668
8702 60738
8802 32100
8902 33421
9002 16904
9102 40938
9202 8614
9302 62696
9402 50578
9502 32414
9602 34934
9702 59003
9802 40826
9902 59210
10002 28159
10102 44017
10202 48130
10302 14892
10402 43695
10502 39095
10602 10370
10702 31787
10802 36157
10902 42051
11002 2521
11102 63209
11202 29430
11302 53015
11402 41446
11502 35892
11602 10508
11702 46426
11802 43112
11902 7190
12002 58488
12102 33994
12202 25726
12302 45288
12402 45959
12502 10664
12602 26883
12702 9637
12802 62368
12902 5600
13002 45581
13102 49250
13202 20771
13302 49630
13402 34319
13502 48739
13602 21114
13702 48258
13802 41353
13902 31464
14002 6001
14102 19809
14202 28781
14302 5775
14402 32124
14502 15623
14602 64261
14702 62033
14802 11141
14902 41125
15002 18262
15102 61078
15202 58486
15302 7633
15402 31655
15502 31430
15602 46365
15702 21135
15802 23981
15902 48091
16002 52229
16102 7663
16202 41248
16302 30294
16402 33710
16502 62672
16602 58347
16702 51443
16802 37017
16902 10392
17002 33322
17102 16470
17202 25033
17302 58772
17402 55030
17502 60730
17602 10534
17702 32581
17802 3147
17902 16461
18002 59207
18102 6922
18202 34281
18302 47812
18402 65492
18502 44184
18602 28587
18702 10052
18802 44625
18902 34913
19002 46923
19102 8067
19202 31061
19302 32753
19402 27276
19502 17380
19602 2709
19702 62567
19802 45658
19902 58984
20002 36499
20102 8597
20202 49622
20302 32158
20402 10371
20502 65009
20602 54771
20702 5356
20802 23037
20902 62770
21002 22090
21102 35575
21202 55701
21302 46018
21402 23762
21502 34345
21602 24741
21702 64933
21802 16575
21902 11529
22002 25620
22102 64540
22202 50736
22302 43241
22402 30997
22502 9196
22602 32312
22702 26754
22802 11218
22902 58514
23002 25799
23102 53320
23202 14581
23302 28285
23402 17150
23502 45029
23602 4424
23702 27665
23802 22263
23902 51091
24002 21777
24102 37044
24202 61549
24302 4348
24402 45126
24502 28884
24602 61471
24702 53672
24802 56866
24902 11468
25002 45162
25102 4103
25202 680
25302 64751
25402 12624
25502 3105
25602 16661
25702 50153
25802 33876
25902 48701
26002 56350
26102 38267
26202 12410
26302 3123
26402 2312
26502 58628
26602 35745
26702 21351
26802 48939
26902 44605
27002 33035
27102 57395
27202 3085
27302 60383
27402 12956
27502 44980
27602 47091
27702 51666
27802 877
27902 29707
28002 2003
28102 23278
28202 6501
28302 51663
28402 44034
28502 34193
28602 65446
28702 54465
28802 53762
28902 32619
29002 36973
29102 17745
29202 15127
29302 15568
29402 12967
29502 42520
29602 39040
29702 17760
29802 9947
29902 42210
30002 49249
30102 59338
30202 30372
30302 6214
30402 20208
30502 14684
30602 20343
30702 34417
30802 39820
30902 51769
31002 18944
31102 11319
31202 20368
31302 21603
31402 6149
31502 36299
31602 50961
31702 2384
31802 59434
31902 8461
32002 36715
32102 33864
32202 25038
32302 39008
32402 20347
32502 25067
32602 64792
32702 25525
32802 63113
32902 58286
33002 22116
33102 47174
33202 18591
33302 65227
33402 44805
33502 33895
33602 28700
33702 22854
33802 6885
33902 43257
34002 43090
34102 31277
34202 3752
34302 28905
34402 2260
34502 2307
34602 7569
34702 38937
34802 59810
34902 31213
35002 3503
35102 16286
35202 35600
35302 8890
35402 20587
35502 32995
35602 38907
35702 972
35802 10826
35902 19023
36002 4171
36102 2400
36202 48798
36302 25793
36402 1980
36502 2921
36602 21519
36702 29664
36802 948
36902 53972
37002 14310
37102 2065
37202 46649
37302 1983
37402 49978
37502 25334
37602 28522
37702 64259
37802 48246
37902 56914
38002 4633
38102 58687
38202 42405
38302 42925
38402 49796
38502 39999
38602 9469
38702 59615
38802 19531
38902 64644
39002 58792
39102 54132
39202 57764
39302 64732
39402 54720
39502 60057
39602 19867
39702 11703
39802 52940
39902 53525
40002 34527
40102 28096
40202 15790
40302 39396
40402 49082
40502 46978
40602 20734
40702 63404
40802 27147
40902 10428
41002 57316
41102 5319
41202 48698
41302 1748
41402 6906
41502 37844
41602 58156
41702 45424
41802 2174
41902 27980
42002 16854
42102 38001
42202 50461
42302 58614
42402 61627
42502 53416
42602 2939
42702 37766
42802 40645
42902 8234
43002 60124
43102 54734
43202 10562
43302 13542
43402 39109
43502 20948
43602 9566
43702 62876
43802 2058
43902 23179
44002 21022
44102 32449
44202 64115
44302 5387
44402 12036
44502 55323
44602 21319
44702 42045
44802 16819
44902 39574
45002 5405
45102 37813
45202 57029
45302 38829
45402 32155
45502 10865
45602 56059
45702 36604
45802 11771
45902 7801
46002 65426
46102 64262
46202 40052
46302 38715
46402 32568
46502 51240
46602 46270
46702 30508
46802 40475
46902 47545
47002 27504
47102 20822
47202 55821
47302 40026
47402 43567
47502 59226
47602 354
47702 25061
47802 17822
47902 49526
48002 28254
48102 12824
48202 45426
48302 2306
48402 23787
48502 15954
48602 42493
48702 37859
48802 31512
48902 23505
49002 29508
49102 16248
49202 14767
49302 57964
49402 1388
49502 32685
49602 29715
49702 35726
49802 41295
49902 55550
50002 5437
50102 42399
50202 30694
50302 47545
50402 43031
50502 31835
50602 31079
50702 36778
50802 12152
50902 40738
51002 46807
51102 8257
51202 465
51302 36998
51402 3550
51502 25969
51602 45438
51702 47715
51802 56591
51902 16442
52002 45344
52102 49487
52202 9083
52302 19191
52402 51981
52502 3763
52602 9607
52702 34775
52802 55553
52902 14659
53002 23489
53102 32390
53202 6532
53302 60262
53402 18873
53502 32719
53602 56495
53702 15233
53802 51007
53902 51267
54002 24428
54102 353
54202 48166
54302 65400
54402 36747
54502 23871
54602 64769
54702 25720
54802 46706
54902 62945
55002 61604
55102 37042
55202 5480
55302 25054
55402 26404
55502 13294
55602 46653
55702 20669
55802 40201
55902 33652
56002 48093
56102 35067
56202 3710
56302 27167
56402 39066
56502 44019
56602 18766
56702 51761
56802 24132
56902 57872
57002 37974
57102 49607
57202 39488
57302 13319
57402 36440
57502 58694
57602 17181
57702 26585
57802 34795
57902 18672
58002 6449
58102 48098
58202 32777
58302 49496
58402 29788
58502 7314
58602 44935
58702 20524
58802 6391
58902 3448
59002 21725
59102 18232
59202 24344
59302 41700
59402 1079
59502 21269
59602 59589
59702 13903
59802 49148
59902 9482
60002 56581
60102 3378
60202 1473
60302 44615
60402 40384
60502 33565
60602 4643
60702 14214
60802 23422
60902 12194
61002 2572
61102 59089
61202 32212
61302 15485
61402 38920
61502 21183
61602 13876
61702 35419
61802 11985
61902 17468
62002 49833
62102 5505
62202 36626
62302 3927
62402 56604
62502 57552
62602 24336
62702 29849
62802 2264
62902 43769
63002 1759
63102 16779
63202 63226
63302 65051
63402 47593
63502 65393
63602 50021
63702 28658
63802 12028
63902 50018
64002 34543
64102 55142
64202 31501
64302 55989
64402 48479
64502 23651
64602 40394
64702 33338
64802 16018
64902 50492
65002 4645
65102 63255
65202 37721
65302 22551
65402 21516
65502 8559
65602 7819
65702 56769
65802 7263
65902 7615
66002 24159
66102 48132
66202 59783
66302 1518
66402 15815
66502 46345
66602 3654
66702 57454
66802 54972
66902 62518
67002 56797
67102 5871
67202 30615
67302 54879
67402 47238
67502 28623
67602 5458
67702 46557
67802 49866
67902 26971
68002 48748
68102 7564
68202 64551
68302 46062
68402 44513
68502 26946
68602 28328
68702 10086
68802 55052
68902 48304
69002 56535
69102 8412
69202 44507
69302 26009
69402 59150
69502 13944
69602 20196
69702 56061
69802 20735
69902 31169
70002 2130
70102 6868
70202 39491
70302 23791
70402 65072
70502 58409
70602 47126
70702 55756
70802 2079
70902 16195
71002 54664
71102 48677
71202 18451
71302 29969
71402 22050
71502 44685
71602 1113
71702 27119
71802 56809
71902 13568
72002 8041
72102 5166
72202 2741
72302 9324
72402 8521
72502 13491
72602 1062
72702 42363
72802 40644
72902 35529
73002 17148
73102 16557
73202 41993
73302 11313
73402 61065
73502 37205
73602 7195
73702 52168
73802 63919
73902 25606
74002 16225
74102 49405
74202 49744
74302 7674
74402 32041
74502 42822
74602 34525
74702 46784
74802 10022
74902 16215
75002 23913
75102 50398
75202 23927
75302 50622
75402 19804
75502 49051
75602 24997
75702 64434
75802 37995
75902 35592
76002 50744
76102 45647
76202 12229
76302 51748
76402 36865
76502 34344
76602 49808
76702 21373
76802 22499
76902 34313
77002 2446
77102 2821
77202 53261
77302 20753
77402 4363
77502 5846
77602 40539
77702 23252
77802 53433
77902 25785
78002 8136
78102 6400
78202 42895
78302 38730
78402 10265
78502 40889
78602 60047
78702 7547
78802 29335
78902 58774
79002 64606
79102 21469
79202 8070
79302 60298
79402 17062
79502 29945
79602 31972
79702 45975
79802 54165
79902 37759
80002 18010
80102 14350
80202 19427
80302 36531
80402 51107
80502 17764
80602 48058
80702 35528
80802 25929
80902 33931
81002 60220
81102 11396
81202 31553
81302 25224
81402 60492
81502 39916
81602 13682
81702 58161
81802 14479
81902 53285
82002 41627
82102 54263
82202 59155
82302 30867
82402 37621
82502 20503
82602 8755
82702 32566
82802 7907
82902 4980
83002 54101
83102 18791
83202 8107
83302 35987
83402 57560
83502 15087
83602 35451
83702 64406
83802 11022
83902 42273
84002 31637
84102 57205
84202 45532
84302 29617
84402 45367
84502 55970
84602 52928
84702 59149
84802 45147
84902 11320
85002 55178
85102 14139
85202 62635
85302 3673
85402 38661
85502 39871
85602 18964
85702 15680
85802 15119
85902 48381
86002 60444
86102 56316
86202 12528
86302 18691
86402 62481
86502 50512
86602 1327
86702 61752
86802 60542
86902 12681
87002 52118
87102 55041
87202 65321
87302 17462
87402 38397
87502 51653
87602 61823
87702 23187
87802 46758
87902 48075
88002 2641
88102 24729
88202 11567
88302 28230
88402 22805
88502 64804
88602 21853
88702 45549
88802 54715
88902 26866
89002 27880
89102 8250
89202 61337
89302 40270
89402 39123
89502 15191
89602 3670
89702 26551
89802 53371
89902 45017
90002 62770
90102 54075
