102 36536
202 13409
302 50435
402 56904
502 35447
602 9986
702 42084
802 42619
902 46096
1002 61264
1102 62177
1202 15896
1302 34379
1402 50486
1502 43547
1602 40326
1702 15777
1802 49107
1902 35555
2002 33305
2102 18428
2202 46032
2302 26471
2402 13753
2502 43144
2602 62023
2702 740
2802 2310
2902 14237
3002 15622
3102 51964
3202 19018
3302 43535
3402 48163
3502 61416
3602 3383
3702 43534
3802 55620
3902 35184
4002 18808
4102 11905
4202 10666
4302 1369
4402 3351
4502 30121
4602 17661
4702 62312
4802 18675
4902 29649
5002 21420
5102 6875
5202 37531
5302 41459
5402 36973
5502 55806
5602 52373
5702 63340
5802 14381
5902 35460
6002 37895
6102 59576
6202 38561
6302 40678
6402 35753
6502 23475
6602 31887
6702 17391
6802 61809
6902 37316
7002 34537
7102 60876
7202 6876
7302 19363
7402 39843
7502 7128
7602 18546
7702 57456
7802 50447
7902 13744
8002 19131
8102 61555
8202 8976
8302 3965
8402 42905
8502 24087
8602 31141
8702 21156
8802 34610
8902 45230
9002 13482
9102 26992
9202 44808
9302 59207
9402 61802
9502 59909
9602 63580
9702 32419
9802 50063
9902 10286
10002 41141
10102 59929
10202 23223
10302 55502
10402 18347
10502 41664
10602 11398
10702 30982
10802 6693
10902 56029
11002 30444
11102 32659
11202 59966
11302 36541
11402 25824
11502 20554
11602 9294
11702 31912
11802 10151
11902 14890
12002 10898
12102 307
12202 60997
12302 24724
12402 33732
12502 43836
12602 53389
12702 54452
12802 24240
12902 18853
13002 43474
13102 56661
13202 50338
13302 42149
13402 38073
13502 27628
13602 47309
13702 54862
13802 53244
13902 45573
14002 46298
14102 26067
14202 15466
14302 55241
14402 20275
14502 12505
14602 18367
14702 40404
14802 42189
14902 49853
15002 58759
15102 27844
15202 63653
15302 30161
15402 42427
15502 21981
15602 562
15702 43233
15802 64471
15902 7314
16002 22831
16102 29096
16202 27918
16302 50907
16402 46553
16502 19459
16602 13428
16702 43188
16802 6111
16902 47535
17002 33469
17102 28295
17202 625
17302 29288
17402 43992
17502 15930
17602 59728
17702 32819
17802 27962
17902 45901
18002 17642
18102 52669
18202 18445
18302 62554
18402 56140
18502 9889
18602 51136
18702 21426
18802 3357
18902 56483
19002 16982
19102 20143
19202 60291
19302 16263
19402 22918
19502 54002
19602 7366
19702 12880
19802 47541
19902 53042
20002 27864
20102 27424
20202 14728
20302 57585
20402 55036
20502 19747
20602 17018
20702 52801
20802 18769
20902 65288
21002 46990
21102 6173
21202 63945
21302 50801
21402 45415
21502 33657
21602 10592
21702 7277
21802 16310
21902 63209
22002 24985
22102 51874
22202 35181
22302 45607
22402 45225
22502 62466
22602 28446
22702 48768
22802 53762
22902 47832
23002 61392
23102 13772
23202 34148
23302 27654
23402 4244
23502 15873
23602 32626
23702 31947
23802 3944
23902 16524
24002 10501
24102 31857
24202 48244
24302 22383
24402 21252
24502 11035
24602 24587
24702 4510
24802 55186
24902 30340
25002 38658
25102 22257
25202 59139
25302 59473
25402 57878
25502 43060
25602 24609
25702 54420
25802 46451
25902 46210
26002 27332
26102 42563
26202 31561
26302 1349
26402 12930
26502 27608
26602 20366
26702 45378
26802 14803
26902 34916
27002 51561
27102 56612
27202 65386
27302 43471
27402 22220
27502 33848
27602 24413
27702 29973
27802 20688
27902 47536
28002 7121
28102 41347
28202 51072
28302 56735
28402 6817
28502 52605
28602 27903
28702 39450
28802 10366
28902 27940
29002 45100
29102 51653
29202 1503
29302 22277
29402 6894
29502 40954
29602 4663
29702 12705
29802 13059
29902 3212
30002 40759
30102 13041
30202 44329
30302 14375
30402 32675
30502 36551
30602 65529
30702 45788
30802 50513
30902 21081
31002 9205
31102 17551
31202 24053
31302 35679
31402 60393
31502 3638
31602 55444
31702 47210
31802 24241
31902 23768
32002 35482
32102 12114
32202 19481
32302 33897
32402 58889
32502 3484
32602 23952
32702 41396
32802 9033
32902 10620
33002 41357
33102 50177
33202 25374
33302 25675
33402 49213
33502 46761
33602 28952
33702 13741
33802 34717
33902 54366
34002 27613
34102 41628
34202 49725
34302 25828
34402 60006
34502 54548
34602 57478
34702 31047
34802 51864
34902 58378
35002 41955
35102 24535
35202 37578
35302 34886
35402 39519
35502 63639
35602 51859
35702 42019
35802 10883
35902 32025
36002 60734
36102 7099
36202 19415
36302 38918
36402 19943
36502 21617
36602 13447
36702 34658
36802 1818
36902 32398
37002 34072
37102 34822
37202 1746
37302 19344
37402 10452
37502 35781
37602 35019
37702 24705
37802 23523
37902 27049
38002 10025
38102 49147
38202 35979
38302 64302
38402 34550
38502 18173
38602 45806
38702 34368
38802 27467
38902 12670
39002 33068
39102 2275
39202 25726
39302 63082
39402 14567
39502 56946
39602 51820
39702 23248
39802 37863
39902 17717
40002 24835
40102 39762
40202 33860
40302 1330
40402 21481
40502 61854
40602 62965
40702 61150
40802 4902
40902 60535
41002 47382
41102 27217
41202 36106
41302 2281
41402 52193
41502 29424
41602 35981
41702 48153
41802 51068
41902 35105
42002 49866
42102 37166
42202 5899
42302 44820
42402 32511
42502 31925
42602 61391
42702 38937
42802 43488
42902 7930
43002 52770
43102 19018
43202 22102
43302 46824
43402 48234
43502 16610
43602 6215
43702 64952
43802 57670
43902 52807
44002 31127
44102 16008
44202 2360
44302 23465
44402 10428
44502 56988
44602 40004
44702 60938
44802 37333
44902 25306
45002 39989
45102 42875
45202 9005
45302 65497
45402 46970
45502 26795
45602 33021
45702 23708
45802 12306
45902 1872
46002 60739
46102 38753
46202 15242
46302 20343
46402 7178
46502 7847
46602 38150
46702 42092
46802 25111
46902 11360
47002 3414
47102 37957
47202 7216
47302 21262
47402 41030
47502 24819
47602 24251
47702 24492
47802 64713
47902 4025
48002 42432
48102 20567
48202 11025
48302 57215
48402 52040
48502 34574
48602 64062
48702 11127
48802 39997
48902 48003
49002 21274
49102 53782
49202 3685
49302 32802
49402 64496
49502 47976
49602 53058
49702 40303
49802 37538
49902 39030
50002 39920
50102 54217
50202 54266
50302 52330
50402 11802
50502 11854
50602 4354
50702 58859
50802 22957
50902 64900
51002 3665
51102 52403
51202 44160
51302 35838
51402 11766
51502 17023
51602 37377
51702 21437
51802 44624
51902 30830
52002 46389
52102 444
52202 8727
52302 44598
52402 53639
52502 52975
52602 54841
52702 15862
52802 11200
52902 36054
53002 42837
53102 7280
53202 53077
53302 49219
53402 40123
53502 60404
53602 29289
53702 61267
53802 35935
53902 6188
54002 17651
54102 32659
54202 46433
54302 11806
54402 5742
54502 2559
54602 13940
54702 65063
54802 61177
54902 54394
55002 11006
55102 32227
55202 30096
55302 45541
55402 64044
55502 42739
55602 22368
55702 19603
55802 44183
55902 34522
56002 20454
56102 9443
56202 11355
56302 27852
56402 17678
56502 57812
56602 8772
56702 44131
56802 40954
56902 19339
57002 51434
57102 20980
57202 60490
57302 40670
57402 59460
57502 1883
57602 50963
57702 55072
57802 48931
57902 37689
58002 15327
58102 6036
58202 53258
58302 3829
58402 23910
58502 3382
58602 9802
58702 21464
58802 2331
58902 15332
59002 51250
59102 11762
59202 63290
59302 679
59402 61856
59502 39870
59602 45787
59702 46693
59802 14447
59902 62512
60002 36584
60102 49085
60202 54605
60302 45616
60402 44351
60502 47144
60602 19550
60702 53056
60802 3656
60902 5470
61002 26520
61102 50365
61202 27553
61302 10557
61402 29883
61502 56911
61602 54245
61702 42855
61802 26630
61902 50444
62002 37416
62102 48698
62202 11610
62302 18119
62402 48093
62502 36938
62602 15186
62702 61573
62802 57246
62902 40185
63002 23333
63102 59908
63202 8377
63302 48804
63402 61055
63502 32350
63602 52980
63702 478
63802 39366
63902 51343
64002 62268
64102 37854
64202 7679
64302 16204
64402 1871
64502 23672
64602 25636
64702 6998
64802 29129
64902 64955
65002 2053
65102 24824
65202 39526
65302 58173
65402 21936
65502 30507
65602 29839
65702 31659
65802 38527
65902 23559
66002 31877
66102 31406
66202 13485
66302 63583
66402 23741
66502 44482
66602 7061
66702 14063
66802 21913
66902 2464
67002 63235
67102 38771
67202 10286
67302 1063
67402 63650
67502 6817
67602 4650
67702 39288
67802 2637
67902 40349
68002 53487
68102 6466
68202 23581
68302 31399
68402 5391
68502 35444
68602 16413
68702 57760
68802 36161
68902 1953
69002 10923
69102 8984
69202 3267
69302 47547
69402 25654
69502 26677
69602 31227
69702 17265
69802 57160
69902 10695
70002 61786
70102 62465
70202 33441
70302 50007
70402 53736
70502 57675
70602 58388
70702 39138
70802 22981
70902 60280
71002 37332
71102 61007
71202 42944
71302 23627
71402 37405
71502 60536
71602 28470
71702 28136
71802 2507
71902 37406
72002 60371
72102 17302
72202 7733
72302 43963
72402 31480
72502 16116
72602 56740
72702 983
72802 45461
72902 39562
73002 25524
73102 58793
73202 31002
73302 59821
73402 15855
73502 32992
73602 39927
73702 30286
73802 42324
73902 41123
74002 20387
74102 64139
74202 13582
74302 43537
74402 11639
74502 30234
74602 3315
74702 57423
74802 53460
74902 27683
75002 37315
75102 61731
75202 4110
75302 15244
75402 45135
75502 13805
75602 39576
75702 17354
75802 29265
75902 47344
76002 56103
76102 40055
76202 41145
76302 16511
76402 58633
76502 14077
76602 45935
76702 61801
76802 22399
76902 57595
77002 36971
77102 21594
77202 24535
77302 16525
77402 61016
77502 33023
77602 20590
77702 54322
77802 22219
77902 141
78002 49170
78102 3183
78202 7235
78302 47947
78402 30522
78502 52593
78602 7483
78702 9313
78802 15287
78902 62651
79002 9507
79102 55387
79202 13047
79302 58842
79402 818
79502 38825
79602 5767
79702 14005
79802 52958
79902 13445
80002 65191
80102 24308
80202 2007
80302 62276
80402 9828
80502 52024
80602 9780
80702 9984
80802 11500
80902 55463
81002 42210
81102 28476
81202 28277
81302 11792
81402 56828
81502 23446
81602 19298
81702 9826
81802 1198
81902 51064
82002 65084
82102 32770
82202 60713
82302 29709
82402 16594
82502 5169
82602 18547
82702 22130
82802 31599
82902 53734
83002 61931
83102 42437
83202 52010
83302 46731
83402 11983
83502 36506
83602 25236
83702 13568
83802 29806
83902 34788
84002 59740
84102 32047
84202 14041
84302 48711
84402 31344
84502 35912
84602 45632
84702 25008
84802 15693
84902 44776
85002 50438
85102 31400
85202 64470
85302 51351
85402 24888
85502 56188
85602 39247
85702 13677
85802 34716
85902 28627
86002 45902
86102 52510
86202 18609
86302 943
86402 57061
86502 48042
86602 20390
86702 38651
86802 6915
86902 5754
87002 50053
87102 24738
87202 57044
87302 11828
87402 22094
87502 54806
87602 538
87702 34686
87802 54784
87902 54538
88002 34840
88102 15891
88202 586
88302 14064
88402 37142
88502 2662
88602 6970
88702 9435
88802 29610
88902 3652
89002 9730
89102 25025
89202 9778
89302 30989
89402 29609
89502 17199
89602 20095
89702 55597
89802 8722
89902 7503
90002 9414
90102 60975
90202 56482
90302 17582
90402 45224
90502 63244
90602 16786
