102 30458
202 46938
302 43563
402 28047
502 26956
602 29093
702 51455
802 17167
902 6621
1002 7675
1102 65414
1202 30312
1302 18951
1402 37618
1502 8845
1602 39768
1702 59850
1802 43969
1902 52987
2002 61972
2102 33874
2202 56936
2302 10867
2402 19555
2502 7741
2602 26285
2702 46806
2802 18069
2902 55736
3002 51989
3102 6265
3202 62995
3302 32406
3402 38700
3502 16849
3602 33562
3702 44834
3802 7751
3902 21856
4002 57668
4102 21959
4202 3975
4302 47711
4402 42576
4502 3303
4602 42113
4702 22820
4802 49998
4902 10922
5002 5988
5102 28429
5202 54155
5302 35147
5402 6309
5502 39306
5602 19424
5702 53230
5802 34167
5902 29063
6002 65084
6102 33127
6202 27374
6302 7513
6402 22962
6502 56888
6602 57624
6702 59466
6802 25010
6902 28980
7002 65135
7102 29926
7202 32899
7302 12158
7402 55730
7502 47552
7602 65530
7702 63161
7802 1019
7902 59055
8002 18003
8102 21048
8202 4992
8302 893
8402 6662
8502 11962
8602 1489
8702 13641
8802 48093
8902 46319
9002 43982
9102 41371
9202 60161
9302 32139
9402 24904
9502 13082
9602 40797
9702 22828
9802 47991
9902 19490
10002 18187
10102 17914
10202 47695
10302 46178
10402 47736
10502 46188
10602 1293
10702 18101
10802 22264
10902 7048
11002 64897
11102 52670
11202 39866
11302 58507
11402 23220
11502 23033
11602 15848
11702 45146
11802 7585
11902 6484
12002 39556
12102 27400
12202 25106
12302 2942
12402 4621
12502 24489
12602 40170
12702 40378
12802 10526
12902 19718
13002 60304
13102 18532
13202 8366
13302 34144
13402 18361
13502 48675
13602 25654
13702 13469
13802 2048
13902 51936
14002 61040
14102 11344
14202 35999
14302 29798
14402 40074
14502 39647
14602 38726
14702 51052
14802 30963
14902 44299
15002 61492
15102 38709
15202 13698
15302 4962
15402 13730
15502 23295
15602 59978
15702 21410
15802 51150
15902 37198
16002 19886
16102 8719
16202 40894
16302 58828
16402 7062
16502 1619
16602 54921
16702 39207
16802 2797
16902 30090
17002 41851
17102 16583
17202 20960
17302 31342
17402 13831
17502 25874
17602 22875
17702 15957
17802 45020
17902 42878
18002 47534
18102 27289
18202 58420
18302 33721
18402 20879
18502 35107
18602 63554
18702 18730
18802 35176
18902 40797
19002 35525
19102 47747
19202 15056
19302 24121
19402 32915
19502 7714
19602 13995
19702 55388
19802 62356
19902 44037
20002 14116
20102 7693
20202 57939
20302 32195
20402 56131
20502 51676
20602 5825
20702 10908
20802 21105
20902 49305
21002 7559
21102 57531
21202 30577
21302 64852
21402 27551
21502 16637
21602 52340
21702 64450
21802 62480
21902 39839
22002 21158
22102 19156
22202 37344
22302 14026
22402 42175
22502 57643
22602 49126
22702 56522
22802 15314
22902 25219
23002 63824
23102 37697
23202 39573
23302 8993
23402 63273
23502 57646
23602 48531
23702 55035
23802 21891
23902 51353
24002 27152
24102 6741
24202 24124
24302 1231
24402 12698
24502 30994
24602 40827
24702 50532
24802 45036
24902 20385
25002 18651
25102 52851
25202 65509
25302 48435
25402 46145
25502 39785
25602 50981
25702 46436
25802 16439
25902 12416
26002 17461
26102 61590
26202 1570
26302 30910
26402 47913
26502 2110
26602 2814
26702 40748
26802 52652
26902 7756
27002 53469
27102 3300
27202 27699
27302 42581
27402 49534
27502 14122
27602 29479
27702 31692
27802 25607
27902 36085
28002 44797
28102 42364
28202 47782
28302 48977
28402 8089
28502 65209
28602 8234
28702 30002
28802 34561
28902 10615
29002 41727
29102 23804
29202 22329
29302 18319
29402 61264
29502 39665
29602 38075
29702 22674
29802 7006
29902 56614
30002 45014
30102 22254
30202 21092
30302 46214
30402 5985
30502 11846
30602 58079
30702 29496
30802 57027
30902 61396
31002 13564
31102 10764
31202 44022
31302 44088
31402 16163
31502 29425
31602 17787
31702 48120
31802 100
31902 48044
32002 10258
32102 12099
32202 32929
32302 54818
32402 21699
32502 35949
32602 36779
32702 27343
32802 27133
32902 37403
33002 5990
33102 46625
33202 13482
33302 48636
33402 41360
33502 63820
33602 26633
33702 40727
33802 30674
33902 36873
34002 49625
34102 59240
34202 8481
34302 42924
34402 3638
34502 48947
34602 16072
34702 56849
34802 36928
34902 46384
35002 47414
35102 32360
35202 2479
35302 34572
35402 51838
35502 43736
35602 12145
35702 1637
35802 32285
35902 24867
36002 46611
