102 21344
202 4575
302 30467
402 34569
502 48477
602 13035
702 9976
802 32748
902 38444
1002 53137
1102 3923
1202 60372
1302 58000
1402 17360
1502 61357
1602 5963
1702 55057
1802 45458
1902 9395
2002 12083
2102 1070
2202 61652
2302 26296
2402 37313
2502 59116
2602 27764
2702 50900
2802 2728
2902 60252
3002 21296
3102 19173
3202 35684
3302 3219
3402 5926
3502 50411
3602 40927
3702 15596
3802 29450
3902 805
4002 36784
4102 54937
4202 35160
4302 2794
4402 48049
4502 34148
4602 34515
4702 38863
4802 44943
4902 29101
5002 56682
5102 30684
5202 44130
5302 20227
5402 38670
5502 10697
5602 42506
5702 49761
5802 58536
5902 6063
6002 37168
6102 59136
6202 47169
6302 63280
6402 48835
6502 58250
6602 31097
6702 27588
6802 21758
6902 30983
7002 12585
7102 29349
7202 46752
7302 43580
7402 15133
7502 39698
7602 37389
7702 48957
7802 22333
7902 30278
8002 51546
8102 10084
8202 25610
8302 21508
8402 24204
8502 30304
8602 9058
8702 15936
8802 23225
8902 52697
9002 60379
9102 58090
9202 49088
9302 3377
9402 43403
9502 12349
9602 51754
9702 20278
9802 25098
9902 38348
10002 9091
10102 4236
10202 5022
10302 37993
10402 12972
10502 39924
10602 15950
10702 34704
10802 44180
10902 21970
11002 1512
11102 45449
11202 50975
11302 50049
11402 56884
11502 18114
11602 37077
11702 46757
11802 43082
11902 49495
12002 2036
12102 44819
12202 43621
12302 5297
12402 24023
12502 27273
12602 50148
12702 8436
12802 13670
12902 40087
13002 35660
13102 16765
13202 61580
13302 27731
13402 26838
13502 54637
13602 1564
13702 54609
13802 17022
13902 55645
14002 53509
14102 54929
14202 56985
14302 34566
14402 33523
14502 37381
14602 44142
14702 18519
14802 62075
14902 33520
15002 32235
15102 33468
15202 38471
15302 31065
15402 52191
15502 56284
15602 52112
15702 25982
15802 22326
15902 42012
16002 48214
16102 58535
16202 41883
16302 1063
16402 45891
16502 43219
16602 34842
16702 28379
16802 28911
16902 25905
17002 7019
17102 1940
17202 37788
17302 29774
17402 23385
17502 31606
17602 51050
17702 44713
17802 22874
17902 14783
18002 12083
18102 5113
18202 22896
18302 54493
18402 34896
18502 36864
18602 41820
18702 58660
18802 13991
18902 38648
19002 62384
19102 29986
19202 49409
19302 43422
19402 31409
19502 38326
19602 39596
19702 9355
19802 9897
19902 5011
20002 20503
20102 42460
20202 19016
20302 37431
20402 58597
20502 16580
20602 54479
20702 42904
20802 37974
20902 47898
21002 45562
21102 37227
21202 15658
21302 17716
21402 36154
21502 6749
21602 6560
21702 3553
21802 43005
21902 30016
22002 58268
22102 16748
22202 30692
22302 53360
22402 23146
22502 14933
22602 34797
22702 61046
22802 2665
22902 56856
23002 63277
23102 19869
23202 60783
23302 12162
23402 36518
23502 10075
23602 31156
23702 26740
23802 37141
23902 8455
24002 48231
24102 30167
24202 53201
24302 39566
24402 62913
24502 47476
24602 4304
24702 58039
24802 44514
24902 32830
25002 19143
25102 20681
25202 34317
25302 26159
25402 13524
25502 59784
25602 26706
25702 20598
25802 5876
25902 11226
26002 253
26102 1115
26202 12318
26302 20668
26402 16110
26502 6932
26602 56603
26702 34965
26802 28875
26902 44337
27002 59682
27102 42002
27202 38489
27302 11528
27402 28104
27502 38829
27602 20267
27702 3079
27802 46822
27902 1128
28002 50357
28102 57799
28202 55187
28302 20727
28402 1575
28502 2911
28602 57585
28702 44380
28802 22874
28902 21796
29002 21716
29102 45264
29202 35107
29302 24752
29402 55919
29502 48915
29602 47442
29702 59985
29802 39637
29902 31721
30002 44759
30102 12012
30202 63121
30302 64622
30402 39772
30502 19252
30602 51326
30702 18497
30802 45078
30902 34650
31002 9318
31102 40179
31202 7637
31302 35356
31402 1318
31502 7207
31602 9105
31702 558
31802 9702
31902 2707
32002 41810
32102 19261
32202 33802
32302 7859
32402 18156
32502 2760
32602 16045
32702 51366
32802 11942
32902 24224
33002 8627
33102 42440
33202 63180
33302 61700
33402 59337
33502 22953
33602 35442
33702 10977
33802 42907
33902 44532
34002 15547
34102 3028
34202 55320
34302 38806
34402 64136
34502 32320
34602 49645
34702 62686
34802 46001
34902 61031
35002 30331
35102 54362
35202 31938
35302 29185
35402 36349
35502 56225
35602 9751
35702 51209
35802 37274
35902 43940
36002 3489
36102 1613
36202 4010
36302 59636
36402 45148
36502 60976
36602 629
36702 7118
36802 23673
36902 6844
37002 44931
37102 34640
37202 49892
37302 50
37402 13542
37502 24411
37602 51999
37702 14309
37802 33532
37902 29620
38002 37323
38102 33454
38202 20920
38302 37945
38402 24208
38502 13519
38602 19004
38702 11491
38802 28159
38902 65124
39002 36892
39102 60877
39202 58683
39302 58573
39402 59794
39502 30936
39602 60039
39702 27027
39802 15728
39902 12994
40002 12289
40102 55870
40202 61307
40302 54346
40402 29658
40502 2417
40602 1606
40702 44550
40802 12742
40902 44764
41002 5818
41102 53013
41202 22119
41302 34635
41402 3636
41502 15069
41602 40727
41702 20732
41802 62526
41902 52362
42002 328
42102 5891
42202 20419
42302 37486
42402 55886
42502 21969
42602 63980
42702 62128
42802 15114
42902 31749
43002 15194
43102 40789
43202 16843
43302 56632
43402 56705
43502 28490
43602 1447
43702 38898
43802 1074
43902 42911
44002 14394
44102 14868
44202 64756
44302 49328
44402 55890
44502 16846
44602 36692
44702 1902
44802 23028
44902 15202
45002 2437
45102 34848
45202 38917
45302 31654
45402 46855
45502 21694
45602 57681
45702 15656
45802 64493
45902 35188
46002 50559
46102 204
46202 30349
46302 14613
46402 50395
46502 9382
46602 59890
46702 29656
46802 37641
46902 48120
47002 63134
47102 35745
47202 34264
47302 53659
47402 19504
47502 33049
47602 40321
47702 9382
47802 5604
47902 26604
48002 34297
48102 64121
48202 8094
48302 49434
48402 15025
48502 14951
48602 56221
48702 50501
48802 51263
48902 3561
49002 34307
49102 15709
49202 40197
49302 57188
49402 2762
49502 28628
49602 7369
49702 20914
49802 49006
49902 54955
50002 42032
50102 10472
50202 43768
50302 20287
50402 4143
50502 23977
50602 48757
50702 24948
50802 63752
50902 61761
51002 60363
51102 33109
51202 64414
51302 20611
51402 42598
51502 12297
51602 64780
51702 6205
51802 27897
51902 42611
52002 38177
52102 15413
52202 18641
52302 44458
52402 47984
52502 55830
52602 31910
52702 24779
52802 32021
52902 22053
53002 9011
53102 908
53202 911
53302 22118
53402 14758
53502 54130
53602 39927
53702 46232
53802 54453
53902 45855
54002 42885
54102 46067
54202 48237
54302 8352
54402 3846
54502 13156
54602 42028
54702 30664
54802 52498
54902 39338
55002 45361
55102 756
55202 11739
55302 52411
55402 8516
55502 30285
55602 43367
55702 15564
55802 50735
55902 8214
56002 14651
56102 42974
56202 4463
56302 27704
56402 49324
56502 1844
56602 25274
56702 40641
56802 21750
56902 46640
57002 39047
57102 29528
57202 38636
57302 8696
57402 4677
57502 65063
57602 10489
57702 56811
57802 10213
57902 13253
58002 31478
58102 20849
58202 57168
58302 8670
58402 1761
58502 49358
58602 8870
58702 12293
58802 24076
58902 875
59002 64448
59102 7830
59202 36346
59302 17383
59402 571
59502 48707
59602 43595
59702 51217
59802 17185
59902 43735
60002 38479
60102 9792
60202 18065
60302 1004
60402 57946
60502 9950
60602 33720
60702 5362
60802 52918
60902 50276
61002 38668
61102 16589
61202 17053
61302 25325
61402 14635
61502 24226
61602 5818
61702 28690
61802 15856
61902 58361
62002 52655
62102 62891
62202 35879
62302 46593
62402 22094
62502 39559
62602 34152
62702 13591
62802 13618
62902 36490
63002 50710
63102 47984
63202 47885
63302 37798
63402 18407
63502 7709
63602 36421
63702 32362
63802 27647
63902 50511
64002 20729
64102 29697
64202 25576
64302 34403
64402 58680
64502 44234
64602 32655
64702 51102
64802 38023
64902 10343
65002 54109
65102 18123
65202 12886
65302 7260
65402 21526
65502 23891
65602 57373
65702 44243
65802 37917
65902 6916
66002 26956
66102 50035
66202 56706
66302 52357
66402 51642
66502 27003
66602 1321
66702 40728
66802 59229
66902 55559
67002 60050
67102 17041
67202 406
67302 64418
67402 51017
67502 22277
67602 51243
67702 8310
67802 41320
67902 26385
68002 65377
68102 20957
68202 56853
68302 41754
68402 57548
68502 44246
68602 25858
68702 28048
68802 18531
68902 50546
69002 63762
69102 29963
69202 14524
69302 11799
69402 21686
69502 39407
69602 37983
69702 8370
69802 42502
69902 53097
70002 63030
70102 40583
70202 11978
70302 17750
70402 4559
70502 23726
70602 61699
70702 22204
70802 40863
70902 54150
71002 26374
71102 31666
71202 2798
71302 47682
71402 63291
71502 64697
71602 35655
71702 15987
71802 64252
71902 2238
72002 57921
72102 890
72202 64613
72302 22160
72402 19028
72502 63442
72602 53232
72702 32560
72802 58946
72902 48076
73002 6008
73102 4232
73202 4433
73302 4623
73402 24485
73502 5987
73602 17890
73702 14342
73802 18601
73902 55126
74002 20022
74102 5915
74202 26755
74302 14504
74402 14733
74502 34440
74602 868
74702 54429
74802 49989
74902 44592
75002 9442
75102 2650
75202 64500
75302 5927
75402 18625
75502 17493
75602 898
75702 54492
75802 25009
75902 37088
76002 13475
76102 193
76202 40869
76302 57229
76402 3148
76502 4479
76602 3068
76702 14013
76802 7206
76902 44343
77002 39627
77102 2551
77202 26399
77302 60324
77402 64968
77502 49805
77602 61956
77702 9765
77802 12791
77902 23672
78002 8634
78102 28068
78202 44398
78302 6118
78402 61190
78502 34495
78602 9744
78702 20373
78802 65305
78902 49825
79002 21673
79102 369
79202 57086
79302 59483
79402 24010
79502 48531
79602 9979
79702 37451
79802 31155
79902 7955
80002 61149
80102 44274
80202 22593
80302 62765
80402 25329
80502 38891
80602 57253
80702 12014
80802 24723
80902 28731
81002 3208
81102 11728
81202 56817
81302 55321
81402 46372
81502 55985
81602 21449
81702 51185
81802 40576
81902 60368
82002 10403
82102 60845
82202 63903
82302 41788
82402 24230
82502 17903
82602 62755
82702 11450
82802 37486
82902 31344
83002 62822
83102 36107
83202 60570
83302 21955
83402 2920
83502 18361
83602 32322
83702 21990
83802 27072
83902 38575
84002 49906
84102 53405
84202 518
84302 36412
84402 1015
84502 18301
84602 2861
84702 25861
84802 21613
84902 50313
85002 49484
85102 7096
85202 47816
85302 45625
85402 51959
85502 35191
85602 10217
85702 33221
85802 59374
85902 53203
86002 46525
86102 54128
86202 65159
86302 15996
86402 57237
86502 53107
86602 23777
86702 54153
86802 10695
86902 41860
87002 15265
87102 14968
87202 59385
87302 56974
87402 54580
87502 32621
87602 30557
87702 13227
87802 43588
87902 64597
88002 38110
88102 26084
88202 58540
88302 27536
88402 35737
88502 5912
88602 51324
88702 13389
88802 33329
88902 46016
89002 11291
89102 39393
89202 12759
89302 51989
89402 6536
89502 45140
89602 4985
89702 33359
89802 40277
89902 19380
90002 42470
90102 30719
