102 13359
202 9601
302 62482
402 62393
502 9182
602 35171
702 53651
802 5132
902 49859
1002 49352
1102 18473
1202 15788
1302 4399
1402 7539
1502 34368
1602 2899
1702 48332
1802 39635
1902 38109
2002 5308
2102 43381
2202 39491
2302 37128
2402 33284
2502 59875
2602 38012
2702 25858
2802 31532
2902 61968
3002 38511
3102 16468
3202 56292
3302 10348
3402 32674
3502 21615
3602 63964
3702 42733
3802 28359
3902 52504
4002 25036
4102 5836
4202 53781
4302 58587
4402 17499
4502 48519
4602 1408
4702 22732
4802 50701
4902 57996
5002 15111
5102 12840
5202 55166
5302 37042
5402 2505
5502 24248
5602 62965
5702 24064
5802 23145
5902 55265
6002 17072
6102 62936
6202 58653
6302 40827
6402 35927
6502 65078
6602 18398
6702 7418
6802 897
6902 24638
7002 33072
7102 4702
7202 42905
7302 34843
7402 52756
7502 48179
7602 46985
7702 54812
7802 46923
7902 6251
8002 19362
8102 40387
8202 21364
8302 20820
8402 27350
8502 29765
8602 50089
8702 34257
8802 21566
8902 1639
9002 29972
9102 8892
9202 41724
9302 38563
9402 23496
9502 15834
9602 16443
9702 46638
9802 14060
9902 17830
10002 9726
10102 11420
10202 36266
10302 53219
10402 57872
10502 1339
10602 11300
10702 37129
10802 2387
10902 33028
11002 50496
11102 5630
11202 19839
11302 20360
11402 52380
11502 55801
11602 35428
11702 34232
11802 6807
11902 11349
12002 12667
12102 41431
12202 54479
12302 51346
12402 18647
12502 38092
12602 40148
12702 38978
12802 5572
12902 5834
13002 31578
13102 32526
13202 51245
13302 44506
13402 1565
13502 63380
13602 4525
13702 26435
13802 47560
13902 28657
14002 40543
14102 21939
14202 59039
14302 31733
14402 44881
14502 15611
14602 42744
14702 36334
14802 12416
14902 13861
15002 26244
15102 55748
15202 29408
15302 29974
15402 5678
15502 13351
15602 3097
15702 19684
15802 2777
15902 50608
16002 41218
16102 2799
16202 39325
16302 55948
16402 20502
16502 16793
16602 36209
16702 57539
16802 5354
16902 41839
17002 47382
17102 31749
17202 812
17302 49543
17402 5120
17502 46725
17602 52288
17702 24573
17802 42350
17902 32383
18002 62661
18102 38527
18202 44383
18302 14927
18402 37328
18502 42546
18602 38876
18702 61465
18802 14578
18902 33285
19002 58875
19102 23712
19202 28102
19302 11005
19402 48165
19502 32835
19602 31301
19702 65071
19802 47672
19902 22488
20002 40798
20102 25492
20202 37137
20302 21221
20402 57721
20502 17121
20602 28529
20702 58020
20802 52802
20902 1479
21002 17782
21102 15758
21202 13803
21302 8350
21402 9470
21502 56506
21602 3961
21702 30830
21802 13519
21902 21009
22002 17487
22102 52998
22202 54461
22302 32534
22402 55668
22502 18852
22602 6034
22702 16037
22802 7240
22902 853
23002 22042
23102 36381
23202 27226
23302 17542
23402 61549
23502 26164
23602 14027
23702 55475
23802 46020
23902 27490
24002 5948
24102 27909
24202 52176
24302 2181
24402 57355
24502 21703
24602 33925
24702 44101
24802 32694
24902 64501
25002 48050
25102 21917
25202 45760
25302 36257
25402 59449
25502 43519
25602 44258
25702 40635
25802 30747
25902 24713
26002 16320
26102 10565
26202 26337
26302 26568
26402 61998
26502 61648
26602 22449
26702 833
26802 6057
26902 38320
27002 46786
27102 13536
27202 2004
27302 13055
27402 23064
27502 48213
27602 38251
27702 20362
27802 76
27902 26390
28002 35183
28102 48100
28202 20223
28302 37917
28402 32686
28502 21292
28602 65089
28702 49785
28802 63005
28902 23475
29002 59979
29102 27966
29202 56210
29302 15318
29402 57594
29502 45849
29602 339
29702 23434
29802 2744
29902 62263
30002 41808
30102 29229
30202 44579
30302 55911
30402 37193
30502 63254
30602 16783
30702 63329
30802 59472
30902 14520
31002 22030
31102 2333
31202 12899
31302 49314
31402 43140
31502 42758
31602 48286
31702 55176
31802 31743
31902 5492
32002 54264
32102 43629
32202 3867
32302 29947
32402 11216
32502 16274
32602 26583
32702 7407
32802 1235
32902 507
33002 64838
33102 31560
33202 4662
33302 56190
33402 60097
33502 12302
33602 17357
33702 30685
33802 59203
33902 49105
34002 7897
34102 42143
34202 2925
34302 7709
34402 58876
34502 48397
34602 52275
34702 42428
34802 63077
34902 40453
35002 44140
35102 49440
35202 47172
35302 25671
35402 16601
35502 61985
35602 39122
35702 53802
35802 20615
35902 27675
36002 39781
36102 45032
36202 27492
36302 62734
36402 64284
36502 80
36602 1124
36702 26280
36802 26053
36902 37353
37002 27525
37102 29798
37202 15090
37302 7474
