102 60031
202 21043
302 28226
402 34757
502 16610
602 32193
702 17067
802 36973
902 24481
1002 54510
1102 23173
1202 34338
1302 34392
1402 62908
1502 48917
1602 64346
1702 14980
1802 54154
1902 27578
2002 62323
2102 26990
2202 7367
2302 12364
2402 40265
2502 59198
2602 18900
2702 44229
2802 30530
2902 5663
3002 62674
3102 48623
3202 56907
3302 2761
3402 40931
3502 4942
3602 17254
3702 53502
3802 14641
3902 1477
4002 54383
4102 5918
4202 21572
4302 10635
4402 29350
4502 59940
4602 51979
4702 1757
4802 54250
4902 30025
5002 19438
5102 40729
5202 46885
5302 55397
5402 51199
5502 26363
5602 30004
5702 37186
5802 3152
5902 63296
6002 44056
6102 40343
6202 32244
6302 64555
6402 64993
6502 12927
6602 16442
6702 26537
6802 30552
6902 3085
7002 44791
7102 33979
7202 23553
7302 39710
7402 9837
7502 60528
7602 64864
7702 46685
7802 21041
7902 4253
8002 27910
8102 22582
8202 61926
8302 19124
8402 36448
8502 44198
8602 39901
8702 53847
8802 3812
8902 28734
9002 19593
9102 54876
9202 58188
9302 1223
9402 65065
9502 50713
9602 51837
9702 20327
9802 42132
9902 6994
10002 36233
10102 18616
10202 22540
10302 15963
10402 43341
10502 64570
10602 48711
10702 17703
10802 58117
10902 49747
11002 7198
11102 32306
11202 44814
11302 38282
11402 57799
11502 42636
11602 34883
11702 2665
11802 42519
11902 64344
12002 63940
12102 10199
12202 61330
12302 21119
12402 61763
12502 54658
12602 20787
12702 34918
12802 15683
12902 38731
13002 55616
13102 54287
13202 54544
13302 2952
13402 57209
13502 16722
13602 51044
13702 34604
13802 59811
13902 12713
14002 60319
14102 58992
14202 12520
14302 21589
14402 6512
14502 35953
14602 29563
14702 63704
14802 58030
14902 29698
15002 30378
15102 26680
15202 25327
15302 64085
15402 14913
15502 38510
15602 40152
15702 51449
15802 16563
15902 19261
16002 37140
16102 20002
16202 4531
16302 30482
16402 43343
16502 22092
16602 12051
16702 4838
16802 49117
16902 32888
17002 35679
17102 37212
17202 65401
17302 43433
17402 63325
17502 45152
17602 25409
17702 37377
17802 46274
17902 8643
18002 1326
18102 45045
18202 22404
18302 26311
18402 39226
18502 58377
18602 40565
18702 29635
18802 2312
18902 4592
19002 9160
19102 64748
19202 63374
19302 32326
19402 38420
19502 49499
19602 42816
19702 36205
19802 9592
19902 30793
20002 60793
20102 49291
20202 12416
20302 30116
20402 28012
20502 50801
20602 57480
20702 24773
20802 58834
20902 30560
21002 58228
21102 13147
21202 31957
21302 52366
21402 50910
21502 24369
21602 23934
21702 35050
21802 63859
21902 223
22002 51871
22102 51614
22202 62948
22302 62663
22402 61092
22502 45318
22602 2980
22702 56821
22802 2225
22902 37057
23002 35949
23102 64962
23202 24125
23302 41200
23402 46678
23502 11722
23602 23368
23702 38671
23802 33459
23902 58914
24002 54949
24102 63724
24202 40219
24302 14181
24402 31802
24502 42914
24602 34019
24702 61491
24802 20335
24902 28111
25002 45811
25102 26886
25202 46780
25302 55175
25402 5173
25502 53553
25602 54790
25702 21679
25802 59243
25902 35349
26002 4917
26102 21361
26202 20884
26302 49001
26402 60483
26502 58624
26602 48424
26702 15237
26802 16877
26902 30963
27002 36383
27102 2779
27202 23210
27302 25085
27402 2781
27502 19063
27602 49253
27702 1488
27802 46989
27902 7585
28002 36105
28102 42035
28202 53545
28302 5146
28402 21175
28502 45090
28602 6062
28702 17204
28802 14659
28902 56587
29002 16210
29102 48939
29202 65280
29302 33885
29402 54735
29502 35969
29602 39760
29702 46175
29802 27149
29902 1315
30002 14525
30102 38453
30202 913
30302 35472
30402 7294
30502 61162
30602 57150
30702 32792
30802 4000
30902 24560
31002 16900
31102 22805
31202 8757
31302 9792
31402 63559
31502 54082
31602 12293
31702 961
31802 5232
31902 28093
32002 10255
32102 48629
32202 58760
32302 15011
32402 33459
32502 33390
32602 62003
32702 44123
32802 31179
32902 13411
33002 19007
33102 26341
33202 18031
33302 24267
33402 53444
33502 34715
33602 43077
33702 10035
33802 23398
33902 61039
34002 56188
34102 23679
34202 1425
34302 43620
34402 26538
34502 41755
34602 63813
