102 32933
202 33775
302 61458
402 26307
502 41732
602 4688
702 15006
802 25120
902 20444
1002 24857
1102 49517
1202 43454
1302 10799
1402 15095
1502 19788
1602 55273
1702 58502
1802 60631
1902 49807
2002 12362
2102 9411
2202 48132
2302 46413
2402 52294
2502 4713
2602 52838
2702 57150
2802 20639
2902 49481
3002 14521
3102 45018
3202 45147
3302 25163
3402 3347
3502 535
3602 57869
3702 60618
3802 20731
3902 44242
4002 29824
4102 53070
4202 13302
4302 44306
4402 6596
4502 6881
4602 62509
4702 18553
4802 36821
4902 56691
5002 6200
5102 30148
5202 45585
5302 62480
5402 31257
5502 58314
5602 3266
5702 16571
5802 45536
5902 41291
6002 6322
6102 34060
6202 11794
6302 16625
6402 20029
6502 43670
6602 32578
6702 12992
6802 55862
6902 39306
7002 45931
7102 25604
7202 45064
7302 18281
7402 17527
7502 8335
7602 56163
7702 47451
7802 13736
7902 55058
8002 22165
8102 39422
8202 806
8302 38224
8402 10646
8502 9651
8602 63396
8702 7585
8802 33626
8902 46685
9002 65299
9102 25847
9202 761
9302 51121
9402 61102
9502 52854
9602 31691
9702 34392
9802 46778
9902 19615
10002 44254
10102 64760
10202 27844
10302 29104
10402 42627
10502 17296
10602 31705
10702 35821
10802 21671
10902 63608
11002 24689
11102 50219
11202 22707
11302 38521
11402 24420
11502 14390
11602 10274
11702 63227
11802 41948
11902 56700
12002 360
12102 6613
12202 8089
12302 63347
12402 4148
12502 42531
12602 50618
12702 14414
12802 51733
12902 22259
13002 10977
13102 28206
13202 49952
13302 52358
13402 17380
13502 26175
13602 44673
13702 30499
13802 32579
13902 59985
14002 47445
14102 39390
14202 40903
14302 9816
14402 27343
14502 17550
14602 54266
14702 3854
14802 4842
14902 52890
15002 23841
15102 22328
15202 10089
15302 11672
15402 16699
15502 31416
15602 18222
15702 34876
15802 62157
15902 56646
16002 18706
16102 19797
16202 48982
16302 4092
16402 755
16502 27133
16602 52810
16702 41250
16802 47043
16902 21335
17002 59843
17102 538
17202 46895
17302 54492
17402 63192
17502 19398
17602 21015
17702 19113
17802 49011
17902 57015
18002 2296
18102 37330
18202 17953
18302 11537
18402 36147
18502 59159
18602 25274
18702 25726
18802 11685
18902 24609
19002 28419
19102 30101
19202 47803
19302 62588
19402 21978
19502 61815
19602 60920
19702 28033
19802 17535
19902 48633
20002 37375
20102 41268
20202 21918
20302 33359
20402 63371
20502 22675
20602 45550
20702 20895
20802 7468
20902 22853
21002 58550
21102 43780
21202 21896
21302 54806
21402 34204
21502 3248
21602 65415
21702 57803
21802 11306
21902 1579
22002 34732
22102 21783
22202 48929
22302 42198
22402 61980
22502 38426
22602 23493
22702 2786
22802 36550
22902 19093
23002 16724
23102 11477
23202 45903
23302 12150
23402 48858
23502 21802
23602 34109
23702 16253
23802 5789
23902 42184
24002 41349
24102 23469
24202 58835
24302 31863
24402 2781
24502 60295
24602 25436
24702 18781
24802 43060
24902 23842
25002 61347
25102 41434
25202 55353
25302 33781
25402 37995
25502 51928
25602 25083
25702 22808
25802 50195
25902 11877
26002 60319
26102 38820
26202 46895
26302 1647
26402 35050
26502 38835
26602 47569
26702 60634
26802 5421
26902 9849
27002 35314
27102 1678
27202 1928
27302 8543
27402 51460
27502 26400
27602 59971
27702 48897
27802 40017
27902 30115
28002 55961
28102 64157
28202 37692
28302 58375
28402 47113
28502 16375
28602 2644
28702 41622
28802 32138
28902 58644
29002 41552
29102 9691
29202 53886
29302 52950
29402 48680
29502 20440
29602 47155
29702 55491
29802 62118
29902 11647
30002 46922
30102 23116
30202 13190
30302 59971
30402 15766
30502 49279
30602 7156
30702 35419
30802 21661
30902 61620
31002 47219
31102 11623
31202 56447
31302 44290
31402 30126
31502 63297
31602 28105
31702 21476
31802 3685
31902 64930
32002 4262
32102 58835
32202 2153
32302 51542
32402 27644
32502 48534
32602 31218
32702 17977
32802 21000
32902 62085
33002 82
33102 47580
33202 333
33302 36478
33402 11651
33502 51019
33602 19950
33702 42861
33802 22691
33902 24219
34002 47347
34102 57475
34202 28960
34302 41810
34402 37363
34502 49667
34602 3192
34702 54287
34802 8387
34902 9518
35002 59268
35102 51583
35202 55101
35302 22328
35402 26208
35502 63276
35602 27781
35702 60985
35802 8524
35902 24560
36002 64742
36102 30058
36202 52713
36302 60954
36402 8169
36502 10707
36602 35175
36702 1473
36802 56723
36902 58101
37002 54747
37102 27309
37202 27917
37302 19958
37402 7501
37502 24256
37602 51337
37702 35004
37802 19867
37902 59700
38002 12787
38102 8748
38202 18678
38302 27586
38402 57835
38502 51839
38602 46745
38702 53751
38802 31050
38902 699
39002 54432
39102 42151
39202 64007
39302 26011
39402 10436
39502 27672
39602 61497
39702 54537
39802 60074
39902 2352
40002 16075
40102 17837
40202 57257
40302 45450
40402 15106
40502 2765
40602 58612
40702 47756
40802 59243
40902 14006
41002 60080
41102 45704
41202 1300
41302 7016
41402 60871
41502 51237
41602 48832
41702 53600
41802 44488
41902 34952
42002 12953
42102 61550
42202 1145
42302 49573
42402 7139
42502 50393
42602 11961
42702 59402
42802 33174
42902 39388
43002 6113
43102 22518
43202 11949
43302 24686
43402 20736
43502 15753
43602 61610
43702 10088
43802 42780
43902 14991
44002 35822
44102 42793
44202 44789
44302 61195
44402 25240
44502 36861
44602 20083
44702 55644
44802 30662
44902 57602
45002 22849
45102 58877
45202 46033
45302 5195
45402 19719
45502 28205
45602 63347
45702 14706
45802 47623
45902 24576
46002 16426
46102 10956
46202 39914
46302 51336
46402 41195
46502 59225
46602 32214
46702 61723
46802 20829
46902 34676
47002 32211
47102 8130
47202 20511
47302 33073
47402 47594
47502 58433
47602 40758
47702 51519
47802 1272
47902 37069
48002 39754
48102 51507
48202 49470
48302 2201
48402 29754
48502 5770
48602 42629
48702 12960
48802 16514
48902 43212
49002 36348
49102 13071
49202 45117
49302 17032
49402 4402
49502 61725
49602 14950
49702 8284
49802 65093
49902 42308
50002 9397
50102 46065
50202 42756
50302 3639
50402 3123
50502 13624
50602 62029
50702 48091
50802 19451
50902 13856
51002 63308
51102 25029
51202 6586
51302 61341
51402 53834
51502 31778
51602 2157
51702 43378
51802 2291
51902 63850
52002 50355
52102 47028
52202 23129
52302 7756
52402 65101
52502 2320
52602 57816
52702 15731
52802 35784
52902 20216
53002 23728
53102 16959
53202 41405
53302 54315
53402 28767
53502 11118
53602 33636
53702 36935
53802 50900
53902 61668
54002 50543
54102 59089
54202 36747
54302 40465
54402 9783
54502 33319
54602 13123
54702 10796
54802 16853
54902 61283
55002 26348
55102 50925
55202 36424
55302 8175
55402 22345
55502 61188
55602 49094
55702 53234
55802 37884
55902 25494
56002 59204
56102 60320
56202 35940
56302 802
56402 56051
56502 30383
56602 55330
56702 20146
56802 60585
56902 20209
57002 30957
57102 3531
57202 56848
57302 44132
57402 31307
57502 12999
57602 43214
57702 6422
57802 17405
57902 55507
58002 294
58102 41398
58202 12785
58302 7388
58402 52644
58502 14870
58602 43497
58702 5406
58802 47148
58902 53508
59002 41040
59102 12658
59202 7502
59302 31298
59402 60996
59502 40369
59602 43554
59702 40361
59802 11324
59902 59660
60002 5189
60102 32959
60202 45622
60302 51126
60402 50000
60502 36919
60602 56296
60702 49555
60802 23672
60902 49234
61002 20524
61102 1170
61202 17517
61302 23898
61402 19301
61502 16519
61602 46384
61702 14636
61802 35921
61902 27365
62002 10488
62102 26253
62202 13798
62302 14709
62402 56063
62502 61497
62602 2464
62702 57368
62802 56803
62902 37908
63002 21450
63102 43051
63202 46005
63302 54430
63402 36630
63502 12500
63602 57098
63702 28788
63802 37392
63902 28554
64002 20753
64102 44499
64202 117
64302 2222
64402 44562
64502 38542
64602 62698
64702 61081
64802 17548
64902 64790
65002 40055
65102 49443
65202 56131
65302 17684
65402 15132
65502 37256
65602 27921
65702 1222
65802 54880
65902 64135
66002 5435
66102 27720
66202 10511
66302 16694
66402 65359
66502 3166
66602 8128
66702 27109
66802 60396
66902 10509
67002 34904
67102 63334
67202 24264
67302 33205
67402 4036
67502 42199
67602 37533
67702 8061
67802 48340
67902 9152
68002 62861
68102 2680
68202 50820
68302 36187
68402 4378
68502 47761
68602 42355
68702 36870
68802 33620
68902 16323
69002 55112
69102 20907
69202 58878
69302 18196
69402 4282
69502 31209
69602 54030
69702 4104
69802 6858
69902 19083
70002 35628
70102 28132
70202 27393
70302 17244
70402 36370
70502 48842
70602 21131
70702 24027
70802 48
70902 7347
71002 57147
71102 60474
71202 35481
71302 3047
71402 23539
71502 46900
71602 51452
71702 50674
71802 33605
71902 62806
72002 8223
72102 9278
72202 9227
72302 20728
72402 35512
72502 10234
72602 54896
72702 40959
72802 34599
72902 36008
73002 16536
73102 2292
73202 46772
73302 18008
73402 20961
73502 62354
73602 6746
73702 48282
73802 2950
73902 16101
74002 30258
74102 17352
74202 9396
74302 43259
74402 64315
74502 19064
74602 28700
74702 40986
74802 57511
74902 55224
75002 3542
75102 10464
75202 19655
75302 32391
75402 21488
75502 10038
75602 51549
75702 5145
75802 43318
75902 12153
76002 53250
76102 47125
76202 9122
76302 54167
76402 43464
76502 36643
76602 22503
76702 15557
76802 21210
76902 52247
77002 54453
77102 63240
77202 57640
77302 12899
77402 49923
77502 39905
77602 1801
77702 32772
77802 49187
77902 24847
78002 48802
78102 34245
78202 50986
78302 59606
78402 30875
78502 40585
78602 55023
78702 35215
78802 44263
78902 57980
79002 2920
79102 46493
79202 55944
79302 65263
79402 26831
79502 11548
79602 62907
79702 62295
79802 48362
79902 58921
80002 1577
80102 17776
80202 4548
80302 46420
80402 62066
80502 39204
80602 43250
80702 53196
80802 40321
80902 51096
81002 55466
81102 30773
81202 28521
81302 25638
81402 1297
81502 5101
81602 56828
81702 1450
81802 41122
81902 64436
82002 51713
82102 43164
82202 58276
82302 5980
82402 32525
82502 1748
82602 1157
82702 6040
82802 10987
82902 17579
83002 56165
83102 63075
83202 36309
83302 42636
83402 22773
83502 20623
83602 5824
83702 29015
83802 12530
83902 58942
84002 47103
84102 1787
84202 47551
84302 18145
84402 18516
84502 43235
84602 22857
84702 56261
84802 7399
84902 54541
85002 12417
85102 28466
85202 11075
85302 38558
85402 33879
85502 25459
85602 64677
85702 35063
85802 57782
85902 59645
86002 34575
86102 40629
86202 22666
86302 39308
86402 1933
86502 20758
86602 12209
86702 38880
86802 64315
86902 32055
87002 28702
87102 20787
87202 49900
87302 48647
87402 6152
87502 19016
87602 8090
87702 40245
87802 61567
87902 47681
88002 57188
88102 22808
88202 51327
88302 29882
88402 8877
88502 64369
88602 5947
88702 23230
88802 35145
88902 49128
89002 19320
89102 48880
89202 35611
89302 21374
89402 60529
89502 50630
89602 15785
89702 60839
89802 11941
89902 29616
90002 19148
90102 27071
