102 45813
202 26343
302 786
402 30998
502 61805
602 41123
702 43744
802 35240
902 37672
1002 57087
1102 51504
1202 54459
1302 37027
1402 22225
1502 50253
1602 3076
1702 43960
1802 31511
1902 4391
2002 30272
2102 16152
2202 59090
2302 59792
2402 47646
2502 51801
2602 42480
2702 27355
2802 32317
2902 54090
3002 1115
3102 19932
3202 5362
3302 37890
3402 9512
3502 12798
3602 43480
3702 8180
3802 55749
3902 24786
4002 54749
4102 43573
4202 9837
4302 4550
4402 43679
4502 61195
4602 37500
4702 7734
4802 62475
4902 14376
5002 25346
5102 4325
5202 9558
5302 26232
5402 45492
5502 53401
5602 24735
5702 11108
5802 14848
5902 41216
6002 39509
6102 14739
6202 20497
6302 33807
6402 15573
6502 5439
6602 32958
6702 24989
6802 4316
6902 6552
7002 30116
7102 47368
7202 23857
7302 18201
7402 45414
7502 38700
7602 44959
7702 34808
7802 63034
7902 26414
8002 35129
8102 17941
8202 13294
8302 34265
8402 2906
8502 33627
8602 65525
8702 13119
8802 36221
8902 17631
9002 65242
9102 17550
9202 23189
9302 59522
9402 10377
9502 38755
9602 467
9702 61562
9802 24893
9902 58472
10002 65348
10102 24098
10202 65017
10302 47312
10402 55974
10502 4267
10602 17748
10702 41067
10802 28680
10902 57350
11002 55618
11102 20443
11202 64537
11302 20318
11402 18823
11502 43910
11602 58686
11702 29803
11802 59801
11902 45084
12002 38300
12102 583
12202 11808
12302 5224
12402 21853
12502 42227
12602 65492
12702 31103
12802 57532
12902 47909
13002 28777
13102 34614
13202 46771
13302 59495
13402 60271
13502 54956
13602 35574
13702 41751
13802 63367
13902 26864
14002 31568
14102 55703
14202 37787
14302 10945
14402 19270
14502 369
14602 44356
14702 33539
14802 15392
14902 58452
15002 51639
15102 11349
15202 12844
15302 14045
15402 6304
15502 35662
15602 59720
15702 62890
15802 50685
15902 59330
16002 15350
16102 45879
16202 6378
16302 6317
16402 18115
16502 5508
16602 27354
16702 10181
16802 2106
16902 9468
17002 12393
17102 45586
17202 58823
17302 11246
17402 55722
17502 24133
17602 19436
17702 16445
17802 48867
17902 35804
18002 49056
18102 37993
18202 39562
18302 50189
18402 16316
18502 28890
18602 57262
18702 5254
18802 35171
18902 31748
19002 38793
19102 46220
19202 57725
19302 11125
19402 48184
19502 42734
19602 64669
19702 47162
19802 26986
19902 43961
20002 5995
20102 52158
20202 39090
20302 12607
20402 44673
20502 25534
20602 13500
20702 60213
20802 3044
20902 59146
21002 28817
21102 29145
21202 33819
21302 28666
21402 54969
21502 52387
21602 34113
21702 18296
21802 3146
21902 23376
22002 15922
22102 15028
22202 7103
22302 45190
22402 62005
22502 46800
22602 6919
22702 10844
22802 47694
22902 58836
23002 22632
23102 2475
23202 16148
23302 44186
23402 51743
23502 12937
23602 4387
23702 29208
23802 48537
23902 35947
24002 16030
24102 43687
24202 61379
24302 12881
24402 30279
24502 8217
24602 50658
24702 28106
24802 58506
24902 12972
25002 49362
25102 33690
25202 27608
25302 16644
25402 56941
25502 28863
25602 16387
25702 21411
25802 7750
25902 59277
26002 46743
26102 50239
26202 10433
26302 41816
26402 13755
26502 42399
26602 57831
26702 51534
26802 38918
26902 30327
27002 5957
27102 59688
27202 18392
27302 9596
27402 7845
27502 20728
27602 30946
27702 55490
27802 21665
27902 53870
28002 53358
28102 3345
28202 34667
28302 15130
28402 22692
28502 29212
28602 50575
28702 17532
28802 32769
28902 53277
29002 58609
29102 31189
29202 32004
29302 17980
29402 11868
29502 13164
29602 38347
29702 60971
29802 64024
29902 14895
30002 62182
30102 45999
30202 64121
30302 57805
30402 36504
30502 30135
30602 2375
30702 60090
30802 38625
30902 63027
31002 53659
31102 63152
31202 21840
31302 55650
31402 23787
31502 20588
31602 44251
31702 53862
31802 6853
31902 9324
32002 1260
32102 30841
32202 29581
32302 38375
32402 9907
32502 38879
32602 10454
32702 40348
32802 27965
32902 49681
33002 2057
33102 22756
33202 10743
33302 21095
33402 54263
33502 41981
33602 46734
33702 8911
33802 27584
33902 27091
34002 31764
34102 5086
34202 6961
34302 16947
34402 1887
34502 42491
