102 20490
202 43711
302 1597
402 25613
502 44515
602 20129
702 46523
802 42217
902 8730
1002 1213
1102 52593
1202 475
1302 4287
1402 591
1502 59023
1602 33198
1702 50138
1802 64632
1902 58256
2002 58784
2102 5736
2202 28317
2302 27753
2402 27899
2502 45991
2602 18352
2702 55226
2802 33694
2902 47177
3002 58873
3102 13808
3202 34455
3302 2105
3402 65484
3502 40796
3602 13278
3702 12422
3802 60878
3902 60689
4002 49633
4102 64283
4202 54009
4302 16246
4402 37957
4502 49134
4602 3372
4702 50397
4802 18300
4902 3849
5002 19274
5102 30722
5202 38109
5302 63567
5402 21194
5502 6930
5602 24024
5702 37518
5802 34719
5902 10397
6002 43334
6102 5872
6202 30648
6302 54518
6402 37158
6502 40715
6602 61727
6702 42758
6802 42250
6902 62503
7002 7258
7102 48568
7202 32664
7302 42045
7402 19410
7502 4792
7602 31151
7702 59049
7802 37369
7902 61228
8002 30734
8102 35177
8202 59604
8302 25609
8402 30024
8502 9092
8602 27239
8702 26216
8802 43352
8902 24
9002 63268
9102 49980
9202 51143
9302 64349
9402 49288
9502 44828
9602 15348
9702 57928
9802 58544
9902 39462
10002 33895
10102 15182
10202 30489
10302 40187
10402 8711
10502 45091
10602 9248
10702 2131
10802 14197
10902 18089
11002 2556
11102 19558
11202 63857
11302 33664
11402 50154
11502 26191
11602 13408
11702 18637
11802 26369
11902 35848
12002 3250
12102 33413
12202 49047
12302 42467
12402 1700
12502 4762
12602 36230
12702 43002
12802 2044
12902 27312
13002 26404
13102 34924
13202 14725
13302 47182
13402 28573
13502 62387
13602 27829
13702 40137
13802 47743
13902 48975
14002 32568
14102 23782
14202 30162
14302 46578
14402 55858
14502 55661
14602 18707
14702 8025
14802 29345
14902 34354
15002 47087
15102 19591
15202 29994
15302 41488
15402 7001
15502 17435
15602 7168
15702 62606
15802 53113
15902 64669
16002 18691
16102 37030
16202 16713
16302 41732
16402 6275
16502 46631
16602 53889
16702 1526
16802 24583
16902 2186
17002 28772
17102 343
17202 1394
17302 40362
17402 44501
17502 21542
17602 10971
17702 1109
17802 29590
17902 2057
18002 11869
18102 20979
18202 39332
18302 49393
18402 38515
18502 8308
18602 3226
18702 13686
18802 27152
18902 34729
19002 48606
19102 22200
19202 33776
19302 25516
19402 9438
19502 6170
19602 46558
19702 17227
19802 27265
19902 64541
20002 15283
20102 45240
20202 495
20302 58109
20402 21403
20502 13931
20602 61187
20702 37540
20802 11368
20902 40383
21002 791
21102 7100
21202 63261
21302 13196
21402 35277
21502 15989
21602 41630
21702 47031
21802 29316
21902 46661
22002 13843
22102 49012
22202 34044
22302 24918
22402 17725
22502 7377
22602 15338
22702 24266
22802 33402
22902 19661
23002 9819
23102 60838
23202 25363
23302 4919
23402 34010
23502 13222
23602 42078
23702 39575
23802 28116
23902 33073
24002 20167
24102 26271
24202 22754
24302 40577
24402 18941
24502 51253
24602 53128
24702 27942
24802 4175
24902 60572
25002 27955
25102 49911
25202 40404
25302 56625
25402 8070
25502 21919
25602 20612
25702 9634
25802 9438
25902 38261
26002 48205
26102 60341
26202 7222
26302 41630
26402 41912
26502 51473
26602 29252
26702 41069
26802 38524
26902 42002
27002 61628
27102 51023
27202 22226
27302 24133
27402 5674
27502 65
27602 41795
27702 41705
27802 32837
27902 16448
28002 35892
28102 1692
28202 6297
28302 10101
28402 25401
28502 34115
28602 46433
28702 24840
28802 5518
28902 63048
29002 35375
29102 44902
29202 41897
29302 18756
29402 46128
29502 24131
29602 61125
29702 405
29802 485
29902 29457
30002 55355
30102 60897
30202 36948
30302 26683
30402 4832
30502 30643
30602 19946
30702 22390
30802 62078
30902 60407
31002 13801
31102 32917
31202 43065
31302 37461
31402 43872
31502 42472
31602 12763
31702 2286
31802 903
31902 34578
32002 59015
32102 43534
32202 30033
32302 17117
32402 16310
32502 22532
32602 11328
32702 7705
32802 997
32902 52498
33002 12250
33102 28631
33202 19824
33302 43636
33402 56316
33502 32252
33602 32226
33702 57989
33802 8090
33902 45473
34002 14653
34102 35548
34202 54715
34302 28287
34402 46174
34502 57023
34602 40922
34702 36087
34802 60989
34902 20481
35002 27711
35102 6314
35202 30886
35302 33180
35402 6688
35502 18097
35602 4686
35702 49724
35802 52712
35902 36239
36002 61973
36102 46432
36202 52183
36302 62368
36402 13806
36502 21264
36602 39049
36702 60470
36802 32972
36902 6114
37002 62882
37102 33251
37202 52905
37302 36322
37402 24662
37502 33580
37602 10762
37702 29153
37802 6410
37902 57008
38002 16253
38102 35381
38202 55385
38302 20052
38402 45399
38502 23195
38602 22085
38702 26700
38802 56547
38902 40050
39002 40813
39102 43082
39202 34552
39302 18354
39402 48610
39502 41009
39602 48740
39702 60552
39802 3793
39902 57599
40002 30336
40102 44631
40202 53095
40302 16505
40402 53185
40502 48919
40602 63952
40702 684
40802 33510
40902 746
41002 32870
41102 33797
41202 38139
41302 41653
41402 51015
41502 27371
41602 23977
41702 37079
41802 24798
41902 23930
42002 48664
42102 19730
42202 62783
42302 53049
42402 51067
42502 51000
42602 24039
42702 23403
42802 44937
42902 52738
43002 44145
43102 51615
43202 11521
43302 63081
43402 15276
43502 57028
43602 46533
43702 58139
43802 49746
43902 34564
44002 1362
44102 33047
44202 49119
44302 20477
44402 38312
44502 26828
44602 5611
44702 48485
44802 25750
44902 30584
45002 25559
45102 5426
45202 55828
45302 19972
45402 10449
45502 21171
45602 6563
45702 37653
45802 23818
45902 22278
46002 47134
46102 28126
46202 64783
46302 32012
46402 51163
46502 18175
46602 56663
46702 56673
46802 16358
46902 2668
47002 16230
47102 7623
47202 8469
47302 23789
47402 5989
47502 23299
47602 57569
47702 12506
47802 51031
47902 60147
48002 18235
48102 14790
48202 61963
48302 41768
48402 21177
48502 35484
48602 21208
48702 51145
48802 17105
48902 32292
49002 36798
49102 35064
49202 45611
49302 13258
49402 15393
49502 36416
49602 34347
49702 33341
49802 21140
49902 13834
50002 2977
50102 16392
50202 58207
50302 44467
50402 60229
50502 3590
50602 20361
50702 13479
50802 49281
50902 11573
51002 22897
51102 63961
51202 58916
51302 13955
51402 33439
51502 202
51602 56727
51702 21018
51802 9785
51902 39937
52002 5422
52102 155
52202 3198
52302 36482
52402 32198
52502 35268
52602 58609
52702 47893
52802 57411
52902 59023
53002 9512
53102 58995
53202 6601
53302 51723
53402 12802
53502 13707
53602 54169
53702 18161
53802 11343
53902 1174
54002 14478
54102 52856
54202 50075
54302 55611
54402 58175
54502 41045
54602 61257
54702 53394
54802 19770
54902 1345
55002 17352
55102 57003
55202 12558
55302 44415
55402 36907
55502 47629
55602 6228
55702 27865
55802 31696
55902 27260
56002 27718
56102 60356
56202 4428
56302 17845
56402 31814
56502 28245
56602 54715
56702 37842
56802 52830
56902 32517
57002 47073
57102 19687
57202 59360
57302 65453
57402 55451
57502 3080
57602 64326
57702 39319
57802 24943
57902 38205
58002 12731
58102 29032
58202 1967
58302 46750
58402 12834
58502 48309
58602 39896
58702 4366
58802 35852
58902 38829
59002 14390
59102 54661
59202 40893
59302 36860
59402 62462
59502 39512
59602 38133
59702 19424
59802 50923
59902 2582
60002 65095
60102 57176
60202 45365
60302 7745
60402 1056
60502 506
60602 3064
60702 45579
60802 23470
60902 13165
61002 26817
61102 56219
61202 30366
61302 40816
61402 52271
61502 14328
61602 21946
61702 38946
61802 15728
61902 54472
62002 4680
62102 45893
62202 46728
62302 10623
62402 11751
62502 57346
62602 64843
62702 8874
62802 55298
62902 23604
63002 6304
63102 9198
63202 7780
63302 44703
63402 5136
63502 58481
63602 48965
63702 9558
63802 62623
63902 37548
64002 63588
64102 9538
64202 36510
64302 31623
64402 64734
64502 20138
64602 27340
64702 47589
64802 20262
64902 19895
65002 36421
65102 47353
65202 31800
65302 39496
65402 33354
65502 56345
65602 59849
65702 63938
65802 40875
65902 942
66002 18606
66102 6387
66202 62968
66302 37433
66402 36692
66502 37617
66602 39362
66702 42347
66802 15139
66902 32025
67002 54241
67102 1696
67202 32418
67302 906
67402 16816
67502 25803
67602 27905
67702 60065
67802 20255
67902 53748
68002 53953
68102 63976
68202 19802
68302 59521
68402 8820
68502 53058
68602 9765
68702 30850
68802 21561
68902 11065
69002 45505
69102 49791
69202 20284
69302 60
69402 56524
69502 13625
69602 22834
69702 12887
69802 6918
69902 25030
70002 55117
70102 6689
70202 52982
70302 12724
70402 46150
70502 50830
70602 44064
70702 11429
70802 37577
70902 18660
71002 10144
71102 45061
71202 56976
71302 59250
71402 52389
71502 2174
71602 62207
71702 13781
71802 5269
71902 42546
72002 23420
72102 55736
72202 64639
72302 29918
72402 30903
72502 32818
72602 33689
72702 13639
72802 26419
72902 29043
73002 18130
73102 41638
73202 54243
73302 55096
73402 12382
73502 26487
73602 37813
73702 42272
73802 51226
73902 14669
74002 51338
74102 58188
74202 62457
74302 28023
74402 60894
74502 46584
74602 41837
74702 47989
74802 9887
74902 5611
75002 57743
75102 61210
75202 29077
75302 41728
75402 5939
75502 64453
75602 6174
75702 64488
75802 3566
75902 58995
76002 50952
76102 4313
76202 40323
76302 39650
76402 58496
76502 26070
76602 48687
76702 20840
76802 19348
76902 19708
77002 22079
77102 16819
77202 15324
77302 49250
77402 50846
77502 51386
77602 61493
77702 2370
77802 57735
77902 33613
78002 37993
78102 46821
78202 12486
78302 6086
78402 51962
78502 16578
78602 20893
78702 472
78802 42994
78902 57201
79002 55478
79102 60306
79202 31710
79302 5762
79402 50284
79502 4362
79602 25389
79702 61237
79802 46433
79902 4497
80002 15451
80102 6286
80202 43028
80302 40493
80402 24935
80502 19582
80602 34265
80702 44372
80802 44674
80902 32456
81002 24469
81102 41924
81202 31691
81302 47928
81402 47790
81502 50113
81602 40811
81702 54818
81802 42020
81902 61806
82002 13882
82102 24176
82202 38148
82302 54589
82402 39907
82502 36057
82602 59557
82702 55643
82802 5598
82902 34574
83002 29259
83102 50929
83202 1221
83302 13307
83402 42881
83502 51582
83602 17827
83702 49227
83802 36660
83902 12933
84002 455
84102 49566
84202 59633
84302 26441
84402 6725
84502 46194
84602 32321
84702 39918
84802 23267
84902 20538
85002 55594
85102 21549
85202 43188
85302 27208
85402 2873
85502 18584
85602 819
85702 45856
85802 21534
85902 24691
86002 21728
86102 29069
86202 17470
86302 29950
86402 54699
86502 22958
86602 24556
86702 10702
86802 55645
86902 23219
87002 32226
87102 44940
87202 10028
87302 15020
87402 4142
87502 8998
87602 44718
87702 28225
87802 47811
87902 24710
88002 32165
88102 42141
88202 39096
88302 28615
88402 949
88502 4360
88602 57280
88702 25330
88802 12466
88902 15080
89002 45634
89102 39417
89202 3829
89302 114
89402 29217
89502 49550
89602 60955
89702 16059
89802 10917
89902 40382
90002 51486
90102 22991
90202 6009
90302 19428
90402 945
90502 43852
