102 22458
202 16704
302 22714
402 23370
502 46385
602 3171
702 12496
802 13047
902 45208
1002 49988
1102 48450
1202 23558
1302 64884
1402 28908
1502 49714
1602 7592
1702 9090
1802 49881
1902 63012
2002 20567
2102 60607
2202 60230
2302 52945
2402 10594
2502 55187
2602 13674
2702 61681
2802 65417
2902 11594
3002 42746
3102 46543
3202 18595
3302 46504
3402 58386
3502 18770
3602 33985
3702 29943
3802 25832
3902 35647
4002 20434
4102 32194
4202 46550
4302 14498
4402 14372
4502 24501
4602 55506
4702 38668
4802 58177
4902 9535
5002 58249
5102 43688
5202 12147
5302 18732
5402 21652
5502 30997
5602 4387
5702 47395
5802 42348
5902 30626
6002 57153
6102 29460
6202 53582
6302 29111
6402 64579
6502 25250
6602 39427
6702 38776
6802 41573
6902 11286
7002 39513
7102 15408
7202 62635
7302 57413
7402 46365
7502 2125
7602 27567
7702 61854
7802 18614
7902 12780
8002 53897
8102 45336
8202 23977
8302 46857
8402 8807
8502 42199
8602 4506
8702 54200
8802 1824
8902 9041
9002 734
9102 22764
9202 26183
9302 17752
9402 856
9502 15300
9602 49027
9702 10712
9802 27063
9902 55131
10002 42291
10102 29033
10202 28664
10302 53571
10402 22012
10502 59725
10602 12050
10702 40208
10802 38346
10902 13636
11002 36589
11102 55410
11202 8907
11302 51205
11402 55448
11502 9099
11602 36887
11702 39260
11802 16677
11902 8722
12002 16107
12102 55267
12202 2634
12302 21576
12402 24768
12502 30797
12602 65524
12702 10964
12802 8682
12902 49947
13002 43450
13102 4612
13202 11513
13302 52404
13402 54258
13502 44692
13602 30212
13702 5857
13802 65036
13902 27219
14002 23456
14102 21537
14202 1224
14302 65217
14402 36194
14502 16832
14602 48455
14702 19029
14802 41586
14902 30864
15002 2279
15102 50012
15202 63704
15302 35523
15402 61669
15502 15660
15602 60425
15702 26822
15802 3564
15902 6766
16002 33626
16102 49614
16202 37120
16302 48235
16402 54970
16502 459
16602 21769
16702 26937
16802 6866
16902 32008
17002 42207
17102 12361
17202 2543
17302 39844
17402 30235
17502 26864
17602 54635
17702 23276
17802 29198
17902 24054
18002 5212
18102 14260
18202 17673
18302 24450
18402 29724
18502 18250
18602 5997
18702 57766
18802 65175
18902 5305
19002 2298
19102 53518
19202 9835
19302 33512
19402 49672
19502 40710
19602 6138
19702 61874
19802 17220
19902 22564
20002 12999
20102 361
20202 47377
20302 32028
20402 11585
20502 50307
20602 50116
20702 38838
20802 11310
20902 30556
21002 7703
21102 13682
21202 28479
21302 8371
21402 65444
21502 63155
21602 21677
21702 34035
21802 59921
21902 4398
22002 53473
22102 14540
22202 60918
22302 40687
22402 15485
22502 56852
22602 3227
22702 39017
22802 6267
22902 31550
23002 36861
23102 46624
23202 28292
23302 13079
23402 31976
23502 11006
23602 60877
23702 37618
23802 17708
23902 40964
24002 21174
24102 61690
24202 30172
24302 9809
24402 20699
24502 27066
24602 11650
24702 12575
24802 40121
24902 52518
25002 12165
25102 7630
25202 26555
25302 8014
25402 61166
25502 30052
25602 1041
25702 48317
25802 28348
25902 8776
26002 23905
26102 23456
26202 8477
26302 33624
26402 20278
26502 58979
26602 24366
26702 64335
26802 56481
26902 39224
27002 42282
27102 57130
27202 37588
27302 12273
27402 65317
27502 50246
27602 20651
27702 7560
27802 13050
27902 31980
28002 10693
28102 30886
28202 28390
28302 45109
28402 55785
28502 29069
28602 42384
28702 58926
28802 18442
28902 34380
29002 23729
29102 2970
29202 41510
29302 35114
29402 23765
29502 47474
29602 901
29702 5919
29802 59954
29902 48281
30002 37411
30102 16525
30202 1738
30302 43559
30402 5230
30502 41981
30602 52359
30702 22389
30802 42315
30902 42287
31002 41991
31102 6684
31202 41582
31302 57100
31402 62647
31502 32707
31602 23389
31702 50572
31802 57615
31902 23868
32002 61657
32102 5490
32202 54871
32302 6190
32402 19266
32502 389
32602 54351
32702 19111
32802 45103
32902 36988
33002 14040
33102 58057
33202 4951
33302 35432
33402 26067
33502 61075
33602 951
33702 36383
33802 56432
33902 58808
34002 55968
34102 50945
34202 65091
34302 60659
34402 25729
34502 61414
34602 979
34702 28938
34802 13245
34902 55032
35002 18137
35102 42268
35202 22301
35302 61402
35402 42487
35502 59463
35602 62729
35702 39156
35802 45226
35902 31509
36002 55870
36102 25232
36202 15572
36302 55496
36402 38258
36502 32538
36602 11223
36702 27136
36802 54310
36902 22898
37002 52189
37102 52144
37202 26716
37302 14486
37402 42514
37502 22220
37602 39364
37702 15686
37802 6378
37902 45477
38002 42424
38102 5317
38202 14530
38302 39644
38402 62644
38502 29752
38602 15576
38702 64749
38802 46106
38902 55494
39002 25556
39102 37157
39202 38651
39302 6917
39402 50829
39502 43773
39602 27596
39702 24937
39802 63494
39902 34935
40002 7105
40102 16012
40202 64435
40302 32739
40402 5946
40502 55318
40602 51483
40702 52150
40802 6194
40902 62559
41002 30445
41102 44069
41202 7800
41302 29670
41402 2001
41502 61026
41602 17625
41702 15657
41802 35188
41902 11987
42002 60163
42102 57207
42202 40367
42302 45461
42402 8430
42502 34956
42602 36882
42702 1679
42802 35093
42902 10232
43002 61416
43102 18119
43202 39616
43302 31924
43402 48549
43502 16782
43602 42549
43702 64642
43802 19524
43902 9693
44002 45227
44102 34623
44202 38713
44302 62365
44402 56693
44502 64848
44602 931
44702 50337
44802 20836
44902 61854
45002 51404
45102 21580
45202 110
45302 18909
45402 49682
45502 40998
45602 42950
45702 50293
45802 40015
45902 39901
46002 64988
46102 53897
46202 45966
46302 3127
46402 57607
46502 8845
46602 35852
46702 64894
46802 61688
46902 41261
47002 53206
47102 19515
47202 32106
47302 58238
47402 56066
47502 52364
47602 47350
47702 26726
47802 29655
47902 47329
48002 563
48102 41601
48202 30370
48302 20303
48402 15790
48502 14437
48602 54022
48702 58138
48802 40487
48902 47340
49002 34513
49102 52659
49202 33493
49302 61276
49402 15401
49502 50732
49602 33056
49702 46998
49802 36719
49902 11643
50002 42892
50102 44288
50202 65218
50302 366
50402 37259
50502 11949
50602 45530
50702 5830
50802 14359
50902 22547
51002 11659
51102 24267
51202 13671
51302 43444
51402 31393
51502 63970
51602 12654
51702 7867
51802 39207
51902 50114
52002 31536
52102 4609
52202 60293
52302 54106
52402 20930
52502 29159
52602 701
52702 46557
52802 64936
52902 58543
53002 24390
53102 5449
53202 25765
53302 10862
53402 12456
53502 50726
53602 32974
53702 768
53802 32180
53902 25590
54002 724
54102 30061
54202 26395
54302 10390
54402 763
54502 56792
54602 63781
54702 6891
54802 49119
54902 47976
55002 61578
55102 30178
55202 10440
55302 44127
55402 34227
55502 35237
55602 4171
55702 36175
55802 50467
55902 44586
56002 6780
56102 45225
56202 31588
56302 37137
56402 23560
56502 53571
56602 49075
56702 25640
56802 9427
56902 44747
57002 582
57102 13307
57202 59229
57302 40624
57402 50005
57502 5140
57602 4028
57702 31605
57802 38957
57902 63671
58002 48804
58102 4242
58202 30056
58302 33079
58402 43647
58502 59687
58602 1768
58702 63285
58802 38009
58902 31233
59002 12942
59102 48846
59202 49775
59302 11141
59402 16421
59502 58630
59602 64043
59702 62251
59802 47315
59902 5991
60002 15865
60102 21773
60202 40140
60302 60144
60402 19370
60502 62918
60602 50046
60702 34554
60802 7754
60902 1697
61002 44867
61102 49486
61202 33047
61302 30666
61402 62134
61502 51236
61602 3594
61702 12152
61802 15649
61902 15041
62002 13678
62102 8992
62202 31121
62302 57775
62402 9591
62502 23324
62602 44354
62702 16625
62802 10256
62902 21316
63002 39979
63102 4368
63202 6266
63302 49295
63402 47962
63502 34700
63602 32450
63702 27089
63802 17580
63902 40987
64002 27157
64102 26413
64202 41238
64302 42384
64402 36381
64502 16994
64602 33725
64702 2197
64802 11618
64902 40764
65002 28522
65102 42597
65202 41054
65302 60723
65402 24525
65502 34904
65602 52352
65702 23785
65802 47745
65902 49412
66002 62475
66102 60699
66202 40469
66302 22500
66402 1286
66502 53399
66602 23793
66702 3360
66802 19349
66902 60729
67002 7334
67102 43111
67202 4809
67302 43149
67402 15499
67502 44172
67602 29469
67702 30779
67802 26751
67902 36760
68002 49512
68102 27130
68202 51583
68302 39157
68402 12614
68502 20754
68602 61344
68702 41476
68802 57663
68902 49597
69002 16501
69102 14341
69202 53721
69302 21782
69402 25834
69502 26728
69602 32613
69702 51392
69802 38918
69902 8093
70002 58531
70102 55424
70202 53029
70302 18253
70402 16062
70502 12788
70602 63766
70702 13459
70802 23922
70902 19903
71002 17030
71102 15350
71202 9209
71302 2288
71402 14654
71502 23902
71602 56463
71702 8921
71802 39223
71902 40647
72002 2877
72102 45181
72202 46425
72302 56759
72402 38297
72502 34035
72602 19090
72702 4624
72802 44463
72902 53680
73002 58670
73102 16006
73202 12092
73302 2391
73402 43215
73502 26332
73602 27703
73702 3407
73802 32476
73902 22816
74002 1070
74102 1334
74202 55753
74302 13288
74402 5943
74502 11087
74602 59978
74702 9898
74802 45515
74902 64025
75002 44817
75102 39788
75202 60260
75302 63843
75402 27792
75502 10460
75602 18838
75702 33435
75802 44104
75902 58141
76002 17739
76102 22576
76202 2837
76302 27129
76402 31819
76502 28286
76602 275
76702 47387
76802 43899
76902 48277
77002 25459
77102 3434
77202 31922
77302 58783
77402 8479
77502 52699
77602 55377
77702 51732
77802 52842
77902 35631
78002 42511
78102 48326
78202 14491
78302 23957
78402 8813
78502 32280
78602 36979
78702 16958
78802 50764
78902 60388
79002 35823
79102 26430
79202 19830
79302 32418
79402 8483
79502 60258
79602 31885
79702 11034
79802 26461
79902 49745
80002 36758
80102 49850
80202 56705
80302 55789
80402 22460
80502 17240
80602 28813
80702 18660
80802 56419
80902 29996
81002 5082
81102 32047
81202 59548
81302 11223
81402 15565
81502 51535
81602 29681
81702 46668
81802 60447
81902 5654
82002 21379
82102 62574
82202 3778
82302 57666
82402 20723
82502 47222
82602 6259
82702 8899
82802 38867
82902 24131
83002 59202
83102 52201
83202 4291
83302 23798
83402 15237
83502 39579
83602 9532
83702 52214
83802 5263
83902 14313
84002 10934
84102 10997
84202 26399
84302 37446
84402 9583
84502 4173
84602 11753
84702 57523
84802 21387
84902 45812
85002 9690
85102 41334
85202 39445
85302 34511
85402 37050
85502 37357
85602 5721
85702 34137
85802 26295
85902 65359
86002 25030
86102 40078
86202 43961
86302 45602
86402 26351
86502 57538
86602 25566
86702 41750
86802 25459
86902 26142
87002 50153
87102 25800
87202 26765
87302 43112
87402 45902
87502 40826
87602 28657
87702 6275
87802 25533
87902 34652
88002 14084
88102 49171
88202 55529
88302 33175
88402 58173
88502 6611
88602 29963
88702 12811
88802 53638
88902 6066
89002 36846
89102 24064
89202 46009
89302 69
89402 24834
89502 25374
89602 49260
89702 30608
89802 12238
89902 19206
90002 54789
90102 16495
