102 13933
202 15242
302 1431
402 63698
502 17541
602 62154
702 18079
802 13853
902 33672
1002 6904
1102 24230
1202 44113
1302 4344
1402 2420
1502 17845
1602 35744
1702 38098
1802 18925
1902 30444
2002 12868
2102 5496
2202 30499
2302 41505
2402 4886
2502 22202
2602 63621
2702 9263
2802 16670
2902 36833
3002 41240
3102 18965
3202 27185
3302 15301
3402 34364
3502 40642
3602 63385
3702 34879
3802 11893
3902 62687
4002 33533
4102 56259
4202 41433
4302 15588
4402 64266
4502 7344
4602 36168
4702 39077
4802 41992
4902 45052
5002 41234
5102 40256
5202 38077
5302 26242
5402 12625
5502 54101
5602 18636
5702 27057
5802 8885
5902 30615
6002 17844
6102 24436
6202 33131
6302 29385
6402 58124
6502 24030
6602 44659
6702 41665
6802 41809
6902 26025
7002 32709
7102 48006
7202 14667
7302 49087
7402 33475
7502 43017
7602 6190
7702 42366
7802 36873
7902 33267
8002 47101
8102 35152
8202 37091
8302 24983
8402 2554
8502 44049
8602 32381
8702 12521
8802 52728
8902 57537
9002 8771
9102 58323
9202 8952
9302 4373
9402 10623
9502 57421
9602 49045
9702 25645
9802 29205
9902 5331
10002 939
10102 39221
10202 25711
10302 52459
10402 20957
10502 36326
10602 23716
10702 24016
10802 7450
10902 43822
11002 13727
11102 48867
11202 27053
11302 34036
11402 38119
11502 28902
11602 11711
11702 35561
11802 58897
11902 15646
12002 8581
12102 14945
12202 48440
12302 43323
12402 9881
12502 60147
12602 16057
12702 24148
12802 9233
12902 45599
13002 5111
13102 24348
13202 51859
13302 7302
13402 61257
13502 37725
13602 61732
13702 44877
13802 60857
13902 33669
14002 3633
14102 40536
14202 42736
14302 28192
14402 14280
14502 30463
14602 41446
14702 62114
14802 5611
14902 59376
15002 30940
15102 33631
15202 20072
15302 11796
15402 20433
15502 38576
15602 64095
15702 29790
15802 51808
15902 37386
16002 61314
16102 62671
16202 35993
16302 32214
16402 30333
16502 24011
16602 25602
16702 37358
16802 34508
16902 36826
17002 42278
17102 43794
17202 61576
17302 23163
17402 32747
17502 23554
17602 55695
17702 8535
17802 31601
17902 65429
18002 53526
18102 44791
18202 33690
18302 65279
18402 2141
18502 44297
18602 29464
18702 39021
18802 10995
18902 47433
19002 27277
19102 32851
19202 34653
19302 54338
19402 59840
19502 7289
19602 18004
19702 50689
19802 4334
19902 7930
20002 25496
20102 17804
20202 61548
20302 13226
20402 63656
20502 46843
20602 31606
20702 60267
20802 3256
20902 48834
21002 28691
21102 27879
21202 31429
21302 60215
21402 37387
21502 32512
21602 13715
21702 31674
21802 15093
21902 56911
22002 22869
22102 38540
22202 50544
22302 57070
22402 17663
22502 16226
22602 16071
22702 57491
22802 55223
22902 45847
23002 56571
23102 5246
23202 3565
23302 15924
23402 26799
23502 12486
23602 6175
23702 45577
23802 2107
23902 57118
24002 2092
24102 59442
24202 13758
24302 39091
24402 6175
24502 18662
24602 51796
24702 65080
24802 2477
24902 1336
25002 5434
25102 20775
25202 43073
25302 33439
25402 28077
25502 20505
25602 59967
25702 60461
25802 54197
25902 30154
26002 38366
26102 62869
26202 36291
26302 11747
26402 47680
26502 33355
26602 15325
26702 34682
26802 53718
26902 19745
27002 61644
27102 63616
27202 32633
27302 31095
27402 30119
27502 31749
27602 26041
27702 26144
27802 23915
27902 22605
28002 27203
28102 12277
28202 22081
28302 49439
28402 36508
28502 47463
28602 47224
28702 27243
28802 47648
28902 61730
29002 55002
29102 17136
29202 41639
29302 48441
29402 63804
29502 47453
29602 41698
29702 8687
29802 20279
29902 9735
30002 126
30102 34704
30202 47023
30302 33983
30402 22841
30502 22802
30602 15086
30702 4354
30802 42229
30902 61735
31002 36521
31102 22466
31202 41873
31302 59465
31402 17961
31502 24765
31602 7094
31702 22731
31802 21591
31902 18410
32002 57083
32102 52083
32202 44699
32302 55103
32402 12539
32502 47218
32602 10870
32702 60706
32802 44773
32902 39865
33002 35952
33102 9785
33202 62266
33302 8465
33402 6196
33502 50221
33602 48308
33702 19468
33802 741
33902 19534
34002 1932
34102 39435
34202 52580
34302 49967
34402 52702
34502 21822
34602 3761
34702 39431
34802 57622
34902 1246
35002 54234
35102 10692
35202 58509
35302 56099
35402 54135
35502 30886
35602 55625
35702 23308
35802 12099
35902 5275
36002 1002
36102 5212
36202 20052
36302 26272
36402 24309
36502 46386
36602 31767
36702 50876
36802 10110
36902 15741
37002 20801
37102 34397
37202 39542
37302 54616
37402 50198
37502 48108
37602 51007
37702 5009
37802 53951
37902 9171
38002 48376
38102 15194
38202 57558
38302 59118
38402 40638
38502 20002
38602 63278
38702 37525
38802 54609
38902 8408
39002 54684
39102 24842
39202 20353
39302 47430
39402 46322
39502 42045
39602 54980
39702 293
39802 7624
39902 45229
40002 58601
40102 31875
40202 33587
40302 13241
40402 55681
40502 49245
40602 57546
40702 47312
40802 49940
40902 44159
41002 51624
41102 36016
41202 36225
41302 17582
41402 52382
41502 44826
41602 54496
41702 13105
41802 40174
41902 19025
42002 38902
42102 60083
42202 9308
42302 8959
42402 27232
42502 35574
42602 56791
42702 21103
42802 16535
42902 14175
43002 50436
43102 52496
43202 27217
43302 9929
43402 26156
43502 15200
43602 41399
43702 6541
43802 32130
43902 536
44002 6
44102 51756
44202 44248
44302 65029
44402 42830
44502 22590
44602 64544
44702 42776
44802 31429
44902 56738
45002 22060
45102 49283
45202 65216
45302 58083
45402 40504
45502 51377
45602 19937
45702 9007
45802 12794
45902 16603
46002 15661
46102 43013
46202 4740
46302 57418
46402 50646
46502 55964
46602 27409
46702 59024
46802 62079
46902 12951
47002 42636
47102 25024
47202 22587
47302 23529
47402 63080
47502 6958
47602 16545
47702 51576
47802 54442
47902 22551
48002 2953
48102 4745
48202 30546
48302 29621
48402 42403
48502 22605
48602 39737
48702 31875
48802 31164
48902 29189
49002 13279
49102 25535
49202 50124
49302 29268
49402 59097
49502 51154
49602 20513
49702 7620
49802 4154
49902 40185
50002 16229
50102 30571
50202 64036
50302 43536
50402 51466
50502 36886
50602 11915
50702 6129
50802 46020
50902 45010
51002 53
51102 55804
51202 13458
51302 40755
51402 8087
51502 58071
51602 32218
51702 53564
51802 60630
51902 14809
52002 65269
52102 29701
52202 11745
52302 55505
52402 41708
52502 18819
52602 36543
52702 64223
52802 49982
52902 57600
53002 36073
53102 44658
53202 24742
53302 48629
53402 31560
53502 62232
53602 60754
53702 64980
53802 18865
53902 45825
54002 50520
54102 28270
54202 1192
54302 60922
54402 20560
54502 35946
54602 28250
54702 34586
54802 47640
54902 60368
55002 21468
55102 57149
55202 7488
55302 5173
55402 38539
55502 9809
55602 56115
55702 32184
55802 11114
55902 46940
56002 36112
56102 32233
56202 54536
56302 27375
56402 24483
56502 44045
56602 15967
56702 22196
56802 64828
56902 1580
57002 61817
57102 27166
57202 41789
57302 49831
57402 10105
57502 48077
57602 43632
57702 14373
57802 11512
57902 11951
58002 30756
58102 28428
58202 15232
58302 12931
58402 12900
58502 47651
58602 3495
58702 33106
58802 15384
58902 12569
59002 26605
59102 1270
59202 47775
59302 42673
59402 41209
59502 63869
59602 19442
59702 8353
59802 2981
59902 60456
60002 61251
60102 57304
60202 40639
60302 4540
60402 33133
60502 13509
60602 52307
60702 61982
60802 48367
60902 17445
61002 12810
61102 44546
61202 22618
61302 7013
61402 1746
61502 22907
61602 37927
61702 13603
61802 42103
61902 32135
62002 12283
62102 2938
62202 9835
62302 34979
62402 49295
62502 30030
62602 33618
62702 2076
62802 31104
62902 25032
63002 39109
63102 3411
63202 26572
63302 33746
63402 40133
63502 53018
63602 54961
63702 42129
63802 61171
63902 14543
64002 13089
64102 6935
64202 60980
64302 44777
64402 13092
64502 40367
64602 60826
64702 65076
64802 6198
64902 12589
65002 35776
65102 12188
65202 17193
65302 27265
65402 10627
65502 65322
65602 4505
65702 40127
65802 39852
65902 27999
66002 30705
66102 1240
66202 64886
66302 23659
66402 32811
66502 28967
66602 7640
66702 2996
66802 25357
66902 3779
67002 31901
67102 41834
67202 24747
67302 35168
67402 44124
67502 6049
67602 36855
67702 17108
67802 30336
67902 62392
68002 42286
68102 42224
68202 46393
68302 49083
68402 1957
68502 6009
68602 46539
68702 40415
68802 54938
68902 56643
69002 1185
69102 50523
69202 41153
69302 11494
69402 34574
69502 42031
69602 36048
69702 43883
69802 25541
69902 40134
70002 41266
70102 64886
70202 26503
70302 60759
70402 38586
70502 11908
70602 48385
70702 6048
70802 14193
70902 53311
71002 2948
71102 3825
71202 22647
71302 8664
71402 6004
71502 4898
71602 5763
71702 20908
71802 27808
71902 17263
72002 21219
72102 40317
72202 55841
72302 36835
72402 18470
72502 950
72602 39265
72702 26896
72802 9679
72902 4973
73002 8732
73102 11266
73202 4013
73302 61895
73402 46396
73502 30228
73602 42191
73702 42256
73802 35113
73902 59676
74002 63234
74102 39997
74202 12917
74302 48794
74402 27231
74502 19507
74602 27628
74702 23875
74802 60380
74902 4225
75002 50435
75102 3378
75202 24568
75302 14126
75402 14683
75502 47475
75602 16065
75702 53801
75802 62701
75902 45024
76002 41949
76102 40047
76202 50732
76302 37021
76402 33209
76502 52336
76602 55161
76702 51458
76802 60233
76902 47817
77002 31103
77102 20342
77202 2774
77302 3870
77402 129
77502 60630
77602 29582
77702 11023
77802 36784
77902 58171
78002 51360
78102 63625
78202 662
78302 13267
78402 17192
78502 41167
78602 30436
78702 33481
78802 29636
78902 11056
79002 24946
79102 20411
79202 5345
79302 19377
79402 59956
79502 36979
79602 30580
79702 31827
79802 65490
79902 57418
80002 15347
80102 28827
80202 8850
80302 21127
80402 46313
80502 55181
80602 13135
80702 49382
80802 56703
80902 19901
81002 38345
81102 20283
81202 39409
81302 3499
81402 43903
81502 47356
81602 44103
81702 26479
81802 5407
81902 45297
82002 2641
82102 4231
82202 8480
82302 59958
82402 9304
82502 40084
82602 21922
82702 58892
82802 25002
82902 44614
83002 14617
83102 2912
83202 32917
83302 14442
83402 30264
83502 55982
83602 51744
83702 22761
83802 63551
83902 63924
84002 32050
84102 41421
84202 5127
84302 17829
84402 3343
84502 63352
84602 14281
84702 30765
84802 65504
84902 59908
85002 13314
85102 26139
85202 55356
85302 57312
85402 6009
85502 22716
85602 39945
85702 43053
85802 61458
85902 63560
86002 41540
86102 9233
86202 29958
86302 61190
86402 20021
86502 40289
86602 8923
86702 59624
86802 21255
86902 62186
87002 42760
87102 5247
87202 28955
87302 3106
87402 51892
87502 34353
87602 49615
87702 13968
87802 22663
87902 6193
88002 8747
88102 37412
88202 48644
88302 34174
88402 11081
88502 32769
88602 32006
88702 31209
88802 51394
88902 35726
89002 6494
89102 40866
89202 38562
89302 59868
89402 11684
89502 22826
89602 20968
89702 32649
89802 34637
89902 3648
90002 17090
90102 20223
