102 53084
202 39598
302 42652
402 18934
502 40840
602 58922
702 45574
802 64656
902 14427
1002 34714
1102 30122
1202 34578
1302 39029
1402 34821
1502 28352
1602 31452
1702 65270
1802 55143
1902 27152
2002 43727
2102 22641
2202 23502
2302 6848
2402 20445
2502 52964
2602 9717
2702 34976
2802 6667
2902 54029
3002 11276
3102 30374
3202 9120
3302 60098
3402 55652
3502 23897
3602 33572
3702 39232
3802 58509
3902 61295
4002 61351
4102 50741
4202 40532
4302 44138
4402 13361
4502 17310
4602 35727
4702 29653
4802 47955
4902 21016
5002 15346
5102 45473
5202 26323
5302 47586
5402 42894
5502 26062
5602 43458
5702 2024
5802 48795
5902 22894
6002 49771
6102 45651
6202 34447
6302 47768
6402 60340
6502 62079
6602 9516
6702 10157
6802 7161
6902 3874
7002 49446
7102 6950
7202 12468
7302 61101
7402 14023
7502 48952
7602 45903
7702 6906
7802 44201
7902 2984
8002 4826
8102 64696
8202 30206
8302 34399
8402 23019
8502 27993
8602 25812
8702 3905
8802 47012
8902 41868
9002 35878
9102 64704
9202 5931
9302 60376
9402 21005
9502 23295
9602 9019
9702 38284
9802 14663
9902 22267
10002 27646
10102 45473
10202 39612
10302 40323
10402 60350
10502 63260
10602 13131
10702 46439
10802 52872
10902 1471
11002 45613
11102 45880
11202 44122
11302 31318
11402 16176
11502 10642
11602 42542
11702 10915
11802 25728
11902 53367
12002 47049
12102 55724
12202 15598
12302 36236
12402 26237
12502 61616
12602 60251
12702 9340
12802 4132
12902 52322
13002 41897
13102 32565
13202 59668
13302 25630
13402 36294
13502 27986
13602 56273
13702 18313
13802 7035
13902 28850
14002 62107
14102 63035
14202 41558
14302 13249
14402 58292
14502 61634
14602 10587
14702 43311
14802 6626
14902 38925
15002 18109
15102 53267
15202 2761
15302 35300
15402 8967
15502 57626
15602 15414
15702 36505
15802 59779
15902 14329
16002 41063
16102 42414
16202 9870
16302 41072
16402 10488
16502 4969
16602 394
16702 29349
16802 21032
16902 35086
17002 23131
17102 31841
17202 14385
17302 47684
17402 56247
17502 51206
17602 29924
17702 19482
17802 42503
17902 12524
18002 63189
18102 16204
18202 49244
18302 55269
18402 61748
18502 4336
18602 25537
18702 41552
18802 12032
18902 23736
19002 7331
19102 29397
19202 6185
19302 9828
19402 50076
19502 28840
19602 25322
19702 61712
19802 53303
19902 11670
20002 10716
20102 45203
20202 38574
20302 21094
20402 47533
20502 11321
20602 38939
20702 40585
20802 55018
20902 5978
21002 44431
21102 45690
21202 38572
21302 5855
21402 56830
21502 18325
21602 29312
21702 53749
21802 1877
21902 58617
22002 57189
22102 24601
22202 24203
22302 7892
22402 36254
22502 37705
22602 13193
22702 13873
22802 19709
22902 14688
23002 22391
23102 22790
23202 2178
23302 45215
23402 39854
23502 51648
23602 35244
23702 4318
23802 39010
23902 51338
24002 10853
24102 45128
24202 10008
24302 51386
24402 16638
24502 64908
24602 53378
24702 64365
24802 5379
24902 19638
25002 6104
25102 51801
25202 11225
25302 15937
25402 10069
25502 54509
25602 2704
25702 12243
25802 32281
25902 43093
26002 38242
26102 54245
26202 35137
26302 51807
26402 38146
26502 28254
26602 58286
26702 47128
26802 1888
26902 68
27002 46096
27102 23126
27202 52789
27302 55899
27402 18603
27502 9909
27602 9635
27702 56270
27802 48378
27902 2905
28002 26569
28102 7286
28202 30803
28302 64873
28402 35509
28502 21003
28602 44987
28702 47835
28802 2775
28902 15406
29002 12449
29102 60535
29202 10685
29302 13342
29402 30806
29502 33763
29602 56701
29702 9295
29802 35132
29902 6710
30002 2274
30102 35295
30202 45689
30302 42975
30402 27457
30502 54128
30602 63982
30702 30557
30802 21264
30902 4595
31002 20185
31102 15805
31202 32050
31302 41513
31402 13482
31502 62569
31602 31258
31702 41949
31802 18971
31902 24575
32002 56561
32102 46408
32202 55655
32302 49854
32402 63428
32502 8734
32602 4394
32702 1677
32802 42669
32902 15177
33002 17319
33102 5178
33202 12681
33302 7126
33402 62401
33502 59095
33602 58911
33702 47863
33802 5719
33902 29624
34002 43644
34102 31505
34202 3631
34302 37107
34402 50718
34502 35863
34602 14118
34702 14991
34802 11488
34902 24583
35002 11072
35102 63178
35202 25826
35302 20976
35402 27197
35502 15501
35602 47540
35702 29018
35802 50337
35902 40059
36002 33962
36102 48676
36202 59200
36302 23750
36402 54931
36502 314
36602 37920
36702 50114
36802 43077
36902 2792
37002 59454
37102 12316
37202 29788
37302 5568
37402 326
37502 20399
37602 4082
37702 4146
37802 63333
37902 38105
38002 32046
38102 475
38202 50899
38302 62498
38402 29426
38502 32778
38602 52689
38702 7221
38802 15189
38902 17391
39002 36695
39102 21237
39202 34419
39302 56231
39402 63948
39502 18351
39602 64933
39702 17383
39802 8250
39902 49479
40002 25776
40102 65312
40202 3660
40302 52215
40402 47612
40502 44907
40602 62680
40702 55287
40802 59013
40902 20969
41002 47879
41102 36232
41202 13681
41302 17667
41402 22800
41502 5905
41602 42044
41702 65109
41802 52795
41902 39530
42002 51388
42102 22828
42202 40730
42302 43749
42402 22791
42502 40905
42602 60992
42702 49313
42802 17933
42902 35537
43002 24380
43102 19423
43202 13967
43302 39151
43402 54134
43502 12086
43602 40583
43702 7271
43802 18923
43902 14891
44002 8546
44102 60813
44202 15511
44302 2826
44402 42318
44502 19261
44602 62262
44702 8960
44802 60226
44902 26812
45002 20721
45102 21708
45202 929
45302 29183
45402 26053
45502 20539
45602 46534
45702 29960
45802 29432
45902 42584
46002 40719
46102 35623
46202 3188
46302 20361
46402 52023
46502 18435
46602 2374
46702 24422
46802 41488
46902 54829
47002 4704
47102 18755
47202 62525
47302 40083
47402 17638
47502 22953
47602 40923
47702 28931
47802 42004
47902 32772
48002 60894
48102 29153
48202 26276
48302 47779
48402 5093
48502 14496
48602 52661
48702 54901
48802 52396
48902 29470
49002 24109
49102 58984
49202 35397
49302 59122
49402 62506
49502 52095
49602 22776
49702 15201
49802 20939
49902 20102
50002 51503
50102 61737
50202 28445
50302 25678
50402 47947
50502 34549
50602 8518
50702 38382
50802 62266
50902 50613
51002 35097
51102 25162
51202 23532
51302 37109
51402 19679
51502 46923
51602 48678
51702 57737
51802 22725
51902 2522
52002 3942
52102 30804
52202 17605
52302 31264
52402 1853
52502 3330
52602 54426
52702 171
52802 39854
52902 48388
53002 40720
53102 47557
53202 896
53302 64832
53402 58285
53502 3430
53602 20688
53702 878
53802 3908
53902 4741
54002 51603
54102 20268
54202 61049
54302 7628
54402 53647
54502 42996
54602 57997
54702 61633
54802 5505
54902 55873
55002 29709
55102 46621
55202 19555
55302 58180
55402 37858
55502 43942
55602 23066
55702 52206
55802 2922
55902 5193
56002 38463
56102 21897
56202 62226
56302 47923
56402 24396
56502 30781
56602 2364
56702 56555
56802 30308
56902 34095
57002 48612
57102 15305
57202 38166
57302 10746
57402 49388
57502 7840
57602 54032
57702 64898
57802 8115
57902 14882
58002 19797
58102 22732
58202 63735
58302 2608
58402 15017
58502 18939
58602 10420
58702 1293
58802 40903
58902 20398
59002 20372
59102 59264
59202 17582
59302 63958
59402 1427
59502 20812
59602 44638
59702 28674
59802 14052
59902 28504
60002 31583
60102 62083
60202 59837
60302 61014
60402 49573
60502 46484
60602 43670
60702 31323
60802 49131
60902 47230
61002 7373
61102 16574
61202 44180
61302 45956
61402 19171
61502 27632
61602 532
61702 36533
61802 24112
61902 46012
62002 21004
62102 7916
62202 45516
62302 28672
62402 4942
62502 27045
62602 54221
62702 46654
62802 27440
62902 52368
63002 45789
63102 32404
63202 41162
63302 53396
63402 9110
63502 35065
63602 22822
63702 18452
63802 1029
63902 13776
64002 34587
64102 21444
64202 60112
64302 49026
64402 30910
64502 45114
64602 47384
64702 64489
64802 62427
64902 35059
65002 57308
65102 27821
65202 63057
65302 32848
65402 2401
65502 21543
65602 30258
65702 49376
65802 17833
65902 17173
66002 49085
66102 64704
66202 58285
66302 48969
66402 41153
66502 15259
66602 1671
66702 11623
66802 20626
66902 40673
67002 26622
67102 47002
67202 23967
67302 7042
67402 39504
67502 9820
67602 18372
67702 249
67802 46862
67902 10313
68002 3608
68102 14471
68202 64898
68302 6165
68402 14111
68502 9521
68602 28395
68702 54669
68802 38123
68902 42046
69002 29200
69102 6015
69202 4332
69302 59298
69402 26673
69502 22822
69602 65292
69702 3864
69802 61855
69902 49463
70002 63071
70102 38306
70202 32812
70302 28512
70402 64247
70502 24825
70602 40704
70702 9454
70802 8677
70902 9902
71002 1518
71102 62936
71202 21647
71302 7271
71402 57414
71502 46489
71602 62388
71702 4750
71802 13074
71902 55356
72002 21141
72102 10593
72202 54527
72302 42133
72402 10694
72502 14312
72602 55419
72702 64647
72802 63181
72902 64968
73002 5143
73102 37794
73202 48550
73302 13587
73402 14696
73502 37443
73602 1668
73702 25660
73802 64514
73902 43604
74002 58927
74102 10619
74202 57171
74302 54954
74402 24157
74502 62791
74602 63701
74702 35308
74802 39663
74902 58247
75002 18996
75102 2125
75202 13249
75302 30792
75402 53321
75502 43559
75602 27031
75702 13249
75802 56486
75902 50291
76002 12653
76102 63093
76202 21436
76302 5129
76402 53032
76502 1143
76602 41757
76702 23103
76802 53189
76902 4653
77002 2464
77102 16097
77202 27809
77302 27743
77402 23266
77502 34160
77602 20977
77702 3376
77802 26886
77902 52719
78002 5495
78102 26113
78202 57672
78302 39053
78402 780
78502 2977
78602 37387
78702 29259
78802 33208
78902 43722
79002 43305
79102 46986
79202 57352
79302 53143
79402 33006
79502 22698
79602 21645
79702 24145
79802 47796
79902 25741
80002 11496
80102 18227
80202 34670
80302 61567
80402 17275
80502 38954
80602 43903
80702 14673
80802 43826
80902 37381
81002 34356
81102 23947
81202 44121
81302 60874
81402 4865
81502 47151
81602 52504
81702 60425
81802 43447
81902 8807
82002 45068
82102 4725
82202 64769
82302 48809
82402 1732
82502 48656
82602 56867
82702 8122
82802 58324
82902 25626
83002 41956
83102 36268
83202 28358
83302 1133
83402 22551
83502 58299
83602 8220
83702 5494
83802 63700
83902 35081
84002 23844
84102 5025
84202 28769
84302 28173
84402 64571
84502 40325
84602 41145
84702 16826
84802 20617
84902 4114
85002 47416
85102 4281
85202 6175
85302 58315
85402 29326
85502 5425
85602 53367
85702 501
85802 49866
85902 35233
86002 40196
86102 39761
86202 59650
86302 44731
86402 35101
86502 27048
86602 10852
86702 40004
86802 20805
86902 43541
87002 16488
87102 21849
87202 58620
87302 48632
87402 23409
87502 47436
87602 27790
87702 5131
87802 28026
87902 12785
88002 43622
88102 47058
88202 34348
88302 44826
88402 8548
88502 28846
88602 64941
88702 23819
88802 54287
88902 10672
89002 29433
89102 58801
89202 21374
89302 65011
89402 55044
89502 3498
89602 58556
89702 16946
89802 5015
89902 61475
90002 25019
90102 7659
