102 29050
202 15174
302 63723
402 7849
502 6389
602 50748
702 39779
802 45107
902 40425
1002 39336
1102 59545
1202 30958
1302 11251
1402 11750
1502 47945
1602 52394
1702 53649
1802 53732
1902 58809
2002 55571
2102 23818
2202 53161
2302 11255
2402 11945
2502 43662
2602 5117
2702 62921
2802 60445
2902 39900
3002 27169
3102 36985
3202 35116
3302 9339
3402 48954
3502 20780
3602 9067
3702 31624
3802 55470
3902 10161
4002 21683
4102 36436
4202 55512
4302 37359
4402 45334
4502 6378
4602 40346
4702 16435
4802 18649
4902 12578
5002 31680
5102 35492
5202 11641
5302 28566
5402 47229
5502 21672
5602 16079
5702 22211
5802 49376
5902 14927
6002 49352
6102 27530
6202 30862
6302 24277
6402 39217
6502 39048
6602 9855
6702 22294
6802 5370
6902 8518
7002 8962
7102 32590
7202 48134
7302 17694
7402 57980
7502 61615
7602 52443
7702 32161
7802 24868
7902 55115
8002 21735
8102 34395
8202 49836
8302 55732
8402 54281
8502 26897
8602 5675
8702 45767
8802 996
8902 31141
9002 3163
9102 29540
9202 3288
9302 17230
9402 63548
9502 44108
9602 61157
9702 29518
9802 57604
9902 27388
10002 18986
10102 44221
10202 56510
10302 1564
10402 52224
10502 11356
10602 9245
10702 20629
10802 13929
10902 39160
11002 45754
11102 4773
11202 51941
11302 29553
11402 45700
11502 29033
11602 13947
11702 19852
11802 57878
11902 31514
12002 56752
12102 10222
12202 825
12302 14180
12402 30786
12502 49620
12602 25004
12702 51743
12802 65085
12902 54653
13002 35089
13102 54082
13202 18276
13302 7729
13402 4591
13502 64653
13602 30664
13702 57933
13802 32867
13902 58794
14002 3889
14102 31517
14202 31616
14302 34733
14402 27417
14502 43446
14602 34096
14702 18251
14802 26281
14902 45378
15002 3314
15102 53263
15202 49026
15302 20256
15402 25222
15502 15062
15602 64659
15702 8675
15802 48750
15902 32538
16002 48583
16102 14790
16202 21544
16302 32254
16402 4184
16502 18490
16602 62892
16702 31082
16802 64592
16902 56629
17002 9894
17102 2089
17202 16992
17302 49502
17402 40352
17502 1823
17602 38688
17702 54185
17802 54058
17902 5156
18002 59147
18102 42264
18202 58406
18302 28633
18402 65302
18502 54563
18602 56465
18702 17001
18802 48064
18902 41971
19002 12538
19102 38878
19202 15295
19302 57575
19402 21246
19502 45497
19602 34366
19702 35852
19802 48101
19902 43075
20002 35100
20102 37390
20202 20356
20302 5341
20402 40843
20502 46144
20602 32866
20702 20705
20802 47511
20902 55397
21002 14119
21102 6671
21202 26334
21302 32562
21402 29553
21502 36608
21602 14204
21702 31013
21802 25124
21902 29990
22002 39616
22102 31373
22202 32040
22302 49419
22402 3909
22502 11550
22602 57319
22702 18954
22802 35577
22902 55657
23002 27982
23102 38406
23202 31279
23302 15485
23402 48189
23502 40207
23602 6432
23702 4992
23802 43478
23902 5724
24002 37980
24102 61981
24202 42323
24302 38281
24402 29311
24502 21074
24602 61575
24702 32078
24802 15336
24902 64152
25002 43033
25102 17611
25202 45341
25302 30881
25402 55150
25502 24821
25602 47069
25702 30306
25802 37541
25902 36637
26002 45006
26102 11639
26202 36504
26302 11508
26402 32134
26502 11725
26602 27451
26702 22436
26802 14410
26902 56716
27002 49942
27102 43806
27202 55136
27302 36224
27402 24634
27502 28691
27602 59399
27702 34966
27802 64895
27902 24142
28002 38909
28102 6326
28202 27568
28302 15891
28402 22978
28502 1715
28602 59260
28702 14277
28802 34341
28902 53248
29002 65438
29102 28808
29202 16696
29302 47361
29402 12423
29502 21566
29602 29587
29702 6771
29802 40602
29902 28773
30002 9099
30102 3179
30202 514
30302 6526
30402 22017
30502 47718
30602 2447
30702 2648
30802 57930
30902 27297
31002 21438
31102 54147
31202 53871
31302 2002
31402 6457
31502 41196
31602 16379
31702 1730
31802 24178
31902 48747
32002 34545
32102 6087
32202 22074
32302 59600
32402 37998
32502 42062
32602 5818
32702 11205
32802 52195
32902 48468
33002 3681
33102 29127
33202 6184
33302 7427
33402 24388
33502 32037
33602 37535
33702 65497
33802 47202
33902 2734
34002 52405
34102 34623
34202 52855
34302 11562
34402 60181
34502 30514
34602 28429
34702 39702
34802 24603
34902 10405
35002 19168
35102 3101
35202 54666
35302 54170
35402 5061
35502 7007
35602 2516
35702 40101
35802 8657
35902 43472
36002 21334
36102 30408
36202 14526
36302 26345
36402 8398
36502 62891
36602 21561
36702 7478
36802 3092
36902 11298
37002 57525
37102 30923
37202 27052
37302 34461
37402 9941
37502 12302
37602 3893
37702 3583
37802 56927
37902 41749
38002 63029
38102 43298
38202 3791
38302 51786
38402 50541
38502 6374
38602 50457
38702 55065
38802 56607
38902 40945
39002 42980
39102 5063
39202 18886
39302 65182
39402 32921
39502 22420
39602 24840
39702 52867
39802 64256
39902 51844
40002 49056
40102 26223
40202 23745
40302 14876
40402 41786
40502 21486
40602 35521
40702 56579
40802 21406
40902 28648
41002 25343
41102 10186
41202 51907
41302 41885
41402 27998
41502 19709
41602 61037
41702 1004
41802 63995
41902 13758
42002 25959
42102 1148
42202 2639
42302 63305
42402 31916
42502 15807
42602 23000
42702 65307
42802 15386
42902 44870
43002 2894
43102 14324
43202 50026
43302 49055
43402 22076
43502 42139
43602 41906
43702 48091
43802 45558
43902 59564
44002 36495
44102 42853
44202 15961
44302 44679
44402 29628
44502 63279
44602 8721
44702 30280
44802 27193
44902 31431
45002 6603
45102 41267
45202 21249
45302 7874
45402 14519
45502 39031
45602 2833
45702 5902
45802 47175
45902 48129
46002 46030
46102 49004
46202 9046
46302 30483
46402 46078
46502 23350
46602 52194
46702 13390
46802 33059
46902 43406
47002 2920
47102 45728
47202 43482
47302 53490
47402 59236
47502 13911
47602 40396
47702 3419
47802 59862
47902 9697
48002 11160
48102 9286
48202 38216
48302 37029
48402 36544
48502 27006
48602 47305
48702 13289
48802 22550
48902 17391
49002 63363
49102 33907
49202 21835
49302 14710
49402 49163
49502 13692
49602 4711
49702 47639
49802 3542
49902 612
50002 52983
50102 28474
50202 51377
50302 14245
50402 47145
50502 27709
50602 44067
50702 43441
50802 20142
50902 42441
51002 64746
51102 43163
51202 48061
51302 7599
51402 61085
51502 7014
51602 58511
51702 13206
51802 29757
51902 29329
52002 24933
52102 8454
52202 61215
52302 50442
52402 58980
52502 17851
52602 41262
52702 26510
52802 36879
52902 52123
53002 50724
53102 4280
53202 38989
53302 62988
53402 61744
53502 10757
53602 12804
53702 36317
53802 32695
53902 60723
54002 19933
54102 38270
54202 39053
54302 29767
54402 23230
54502 9633
54602 9987
54702 21913
54802 45604
54902 17237
55002 43920
55102 39393
55202 42406
55302 26232
55402 65003
55502 17515
55602 12680
55702 11343
55802 18008
55902 44447
56002 31218
56102 39945
56202 39755
56302 61155
56402 64684
56502 35940
56602 16585
56702 36372
56802 45688
56902 19790
57002 27374
57102 34957
57202 14537
57302 37324
57402 14702
57502 48102
57602 11952
57702 8683
57802 55267
57902 15889
58002 4326
58102 24150
58202 3204
58302 14337
58402 14943
58502 19101
58602 62125
58702 46664
58802 9162
58902 23502
59002 33186
59102 50518
59202 8176
59302 46545
59402 37083
59502 29286
59602 59669
59702 34028
59802 24155
59902 18560
60002 56391
60102 18436
60202 54528
60302 24779
60402 31867
60502 3813
60602 5113
60702 45925
60802 4183
60902 9034
61002 39556
61102 27257
61202 56615
61302 62934
61402 27141
61502 43277
61602 58423
61702 25119
61802 12100
61902 24926
62002 11430
62102 40977
62202 21092
62302 22550
62402 30465
62502 15198
62602 52620
62702 14542
62802 44147
62902 19726
63002 44695
63102 46954
63202 10182
63302 9978
63402 17233
63502 17569
63602 30122
63702 58454
63802 49821
63902 33846
64002 63824
64102 46254
64202 33805
64302 17784
64402 19137
64502 46278
64602 29064
64702 49839
64802 52480
64902 24431
65002 60776
65102 16861
65202 39732
65302 56775
65402 8710
65502 11112
65602 19833
65702 42390
65802 59337
65902 1233
66002 40534
66102 50758
66202 36536
66302 35142
66402 62489
66502 29509
66602 18345
66702 6749
66802 14311
66902 25169
67002 5318
67102 38423
67202 22431
67302 39139
67402 60240
67502 20059
67602 22197
67702 40562
67802 38467
67902 12956
68002 7620
68102 58084
68202 44268
68302 8802
68402 64627
68502 60350
68602 49710
68702 16338
68802 25046
68902 25162
69002 55724
69102 26850
69202 32432
69302 10020
69402 37965
69502 38081
69602 37851
69702 36043
69802 34584
69902 42948
70002 57164
70102 39824
70202 47169
70302 15650
70402 2779
70502 16130
70602 636
70702 64105
70802 43293
70902 48473
71002 22256
71102 2152
71202 15487
71302 6546
71402 48055
71502 14895
71602 42771
71702 24884
71802 11276
71902 50221
72002 62331
72102 51598
72202 44695
72302 40917
72402 17029
72502 22001
72602 26093
72702 40858
72802 5615
72902 26816
73002 2475
73102 44453
73202 58105
73302 17137
73402 35097
73502 37845
73602 2486
73702 3134
73802 32976
73902 776
74002 22068
74102 39707
74202 39031
74302 35629
74402 28357
74502 47235
74602 20572
74702 52109
74802 35912
74902 12496
75002 21504
75102 23632
75202 48077
75302 64154
75402 25731
75502 61118
75602 37130
75702 54548
75802 43955
75902 29356
76002 21194
76102 14425
76202 9712
76302 37688
76402 40893
76502 55901
76602 49422
76702 64657
76802 35379
76902 43155
77002 34172
77102 23779
77202 8495
77302 14040
77402 5829
77502 29122
77602 16932
77702 48353
77802 40646
77902 50237
78002 21163
78102 16518
78202 24496
78302 44993
78402 42484
78502 16155
78602 42719
78702 23102
78802 5810
78902 41695
79002 60976
79102 554
79202 34890
79302 43301
79402 3791
79502 37841
79602 43028
79702 886
79802 39895
79902 58636
80002 39083
80102 32649
80202 16929
80302 12
80402 4631
80502 40788
80602 11890
80702 41558
80802 38
80902 19414
81002 8394
81102 42218
81202 28364
81302 12194
81402 39322
81502 48446
81602 8399
81702 16373
81802 54130
81902 51108
82002 16624
82102 32765
82202 64288
82302 23557
82402 16310
82502 24643
82602 45840
82702 44713
82802 14787
82902 24368
83002 10793
83102 25780
83202 59331
83302 45635
83402 41916
83502 29998
83602 35290
83702 37684
83802 40136
83902 3490
84002 60262
84102 27761
84202 52651
84302 21194
84402 7385
84502 9837
84602 62822
84702 13478
84802 41855
84902 39820
85002 37483
85102 3976
85202 38300
85302 50670
85402 5645
85502 61653
85602 25438
85702 62548
85802 63100
85902 42513
86002 41429
86102 59039
86202 14077
86302 27855
86402 40426
86502 2814
86602 18301
86702 11146
86802 39429
86902 11095
87002 3411
87102 43502
87202 14613
87302 27850
87402 61637
87502 17402
87602 5150
87702 2756
87802 27159
87902 43513
88002 13133
88102 11211
88202 57077
88302 39850
88402 26755
88502 29784
88602 28716
88702 22838
88802 22579
88902 17991
89002 29719
89102 8899
89202 58597
89302 63340
89402 15876
89502 1207
89602 12472
89702 60555
89802 21125
89902 62615
90002 64872
90102 7963
