102 13933
202 21911
302 39798
402 5207
502 26819
602 43937
702 58297
802 43109
902 19501
1002 17599
1102 60507
1202 57219
1302 61284
1402 9423
1502 56200
1602 3731
1702 29167
1802 11994
1902 20373
2002 11772
2102 57217
2202 59263
2302 22415
2402 55346
2502 42136
2602 53007
2702 10705
2802 33174
2902 14782
3002 36940
3102 64204
3202 3887
3302 5232
3402 14683
3502 29189
3602 63195
3702 2344
3802 16626
3902 15866
4002 26439
4102 28822
4202 5661
4302 1680
4402 1063
4502 50180
4602 33888
4702 1803
4802 9198
4902 22030
5002 20488
5102 53688
5202 24273
5302 45309
5402 16598
5502 48981
5602 58525
5702 16922
5802 63041
5902 51259
6002 43079
6102 48748
6202 45648
6302 21165
6402 17897
6502 38972
6602 42646
6702 30741
6802 23396
6902 63567
7002 23294
7102 49533
7202 7932
7302 20580
7402 47657
7502 60099
7602 54233
7702 11067
7802 43587
7902 10809
8002 27751
8102 51844
8202 46955
8302 36745
8402 29029
8502 29766
8602 52310
8702 61336
8802 43720
8902 36848
9002 12340
9102 40574
9202 60068
9302 59221
9402 50970
9502 39004
9602 17518
9702 49207
9802 7749
9902 21075
10002 58684
10102 63370
10202 31325
10302 5917
10402 44406
10502 20336
10602 41064
10702 5367
10802 27788
10902 59297
11002 49195
11102 42465
11202 54732
11302 60195
11402 63135
11502 5245
11602 35722
11702 16281
11802 48281
11902 63913
12002 22777
12102 11199
12202 24900
12302 34968
12402 720
12502 38058
12602 34446
12702 60395
12802 39910
12902 48079
13002 18840
13102 5266
13202 50414
13302 36898
13402 6480
13502 12376
13602 4308
13702 23875
13802 5353
13902 17874
14002 43916
14102 10003
14202 44860
14302 8967
14402 11883
14502 1072
14602 33968
14702 43462
14802 50274
14902 15576
15002 34324
15102 19000
15202 56816
15302 38615
15402 38967
15502 30644
15602 32624
15702 59909
15802 2974
15902 59782
16002 22201
16102 27277
16202 21686
16302 20717
16402 43686
16502 35790
16602 25140
16702 23049
16802 24984
16902 13197
17002 21288
17102 57002
17202 17479
17302 63128
17402 49524
17502 48795
17602 18165
17702 45312
17802 22632
17902 7585
18002 58782
18102 12387
18202 62275
18302 43499
18402 13219
18502 21770
18602 15125
18702 9186
18802 36859
18902 8243
19002 13575
19102 13702
19202 48221
19302 6523
19402 36080
19502 7291
19602 65377
19702 16226
19802 41507
19902 27949
20002 8159
20102 10682
20202 57036
20302 22528
20402 49577
20502 6795
20602 21730
20702 38292
20802 1644
20902 7809
21002 65311
21102 43520
21202 25110
21302 55880
21402 22578
21502 35539
21602 1518
21702 54610
21802 57722
21902 56237
22002 41030
22102 59180
22202 58649
22302 50020
22402 23984
22502 33460
22602 17519
22702 31930
22802 49826
22902 6569
23002 30649
23102 33029
23202 16883
23302 38069
23402 24005
23502 19625
23602 61164
23702 17033
23802 27653
23902 5153
24002 29595
24102 18384
24202 17180
24302 392
24402 19774
24502 36030
24602 50642
24702 32899
24802 31494
24902 13223
25002 38688
25102 12314
25202 44474
25302 32266
25402 49878
25502 55443
25602 13826
25702 19779
25802 54918
25902 53523
26002 48129
26102 41248
26202 38667
26302 64263
26402 3535
26502 1634
26602 45666
26702 28093
26802 8795
26902 56457
27002 14609
27102 30180
27202 6452
27302 11321
27402 63187
27502 27916
27602 53866
27702 3747
27802 14627
27902 37186
28002 5892
28102 20407
28202 1113
28302 42942
28402 53350
28502 52943
28602 21682
28702 23624
28802 27749
28902 11481
29002 47206
29102 18967
29202 12240
29302 15283
29402 58517
29502 42238
29602 54412
29702 1179
29802 64884
29902 51032
30002 5093
30102 16049
30202 10925
30302 58568
30402 47417
30502 9180
30602 42221
30702 11735
30802 64626
30902 34186
31002 35371
31102 3821
31202 35328
31302 36446
31402 58951
31502 9741
31602 21672
31702 23899
31802 37110
31902 19209
32002 44449
32102 44666
32202 7171
32302 20915
32402 16012
32502 11443
32602 51444
32702 61655
32802 62384
32902 43678
33002 31049
33102 5997
33202 12270
33302 22639
33402 16841
33502 25642
33602 45531
33702 37266
33802 51629
33902 33775
34002 37175
34102 59180
34202 21999
34302 24703
34402 12002
34502 22427
34602 22432
34702 45209
34802 17134
34902 9238
35002 14890
35102 46384
35202 29436
35302 9465
35402 29921
35502 63382
35602 11167
35702 56340
35802 62027
35902 15743
36002 10149
36102 30053
36202 26360
36302 62540
36402 34770
36502 59558
36602 33626
36702 44544
36802 27033
36902 62244
37002 11392
37102 38616
37202 34474
37302 25463
37402 6518
37502 53430
37602 18914
37702 1895
37802 14253
37902 21422
38002 61786
38102 9883
38202 15618
38302 33307
38402 35104
38502 29441
38602 17301
38702 131
38802 45532
38902 19006
39002 38502
39102 1413
39202 20913
39302 8966
39402 1836
39502 43654
39602 24724
39702 65094
39802 34356
39902 33113
40002 59707
40102 63925
40202 16663
40302 20911
40402 4680
40502 34289
40602 51965
40702 14370
40802 53037
40902 4548
41002 44827
41102 58297
41202 60007
41302 48742
41402 48065
41502 52659
41602 54960
41702 46992
41802 632
41902 17159
42002 6341
42102 54777
42202 43606
42302 38264
42402 39495
42502 12515
42602 59420
42702 30431
42802 34677
42902 61485
43002 39283
43102 34186
43202 51016
43302 19572
43402 35689
43502 16264
43602 47068
43702 13075
43802 4427
43902 59359
44002 9769
44102 18492
44202 43189
44302 61438
44402 48609
44502 31956
44602 20566
44702 64540
44802 60514
44902 7413
45002 42321
45102 55349
45202 8852
45302 4761
45402 48694
45502 52851
45602 42384
45702 26133
45802 46950
45902 7578
46002 45096
46102 18994
46202 57487
46302 277
46402 13510
46502 25185
46602 46656
46702 42569
46802 48409
46902 24390
47002 53175
47102 18419
47202 5865
47302 53029
47402 4257
47502 63389
47602 42760
47702 40913
47802 3768
47902 44927
48002 9000
48102 31572
48202 6067
48302 36432
48402 54281
48502 20958
48602 48289
48702 61363
48802 2189
48902 34965
49002 52501
49102 41655
49202 21991
49302 37492
49402 58459
49502 56524
49602 5714
49702 59927
49802 6450
49902 51987
50002 18000
50102 50562
50202 61691
50302 30465
50402 10731
50502 53448
50602 42987
50702 23259
50802 26524
50902 17406
51002 7936
51102 26344
51202 61231
51302 10339
51402 51066
51502 35063
51602 62498
51702 53066
51802 34733
51902 43444
52002 60042
52102 41792
52202 64023
52302 6540
52402 8810
52502 37308
52602 17452
52702 25415
52802 47837
52902 32463
53002 46271
53102 52120
53202 49353
53302 62579
53402 60038
53502 62829
53602 26035
53702 36639
53802 2691
53902 55323
54002 23807
54102 17967
54202 6401
54302 43539
54402 36276
54502 20719
54602 63678
54702 28048
54802 33958
54902 59767
55002 36457
55102 3278
55202 32811
55302 64141
55402 8579
55502 47745
55602 35443
55702 18596
55802 41774
55902 22328
56002 19481
56102 62869
56202 49952
56302 55346
56402 34713
56502 2422
56602 7104
56702 26922
56802 49089
56902 55600
57002 57561
57102 29765
57202 33908
57302 24683
57402 9074
57502 12753
57602 16169
57702 40347
57802 12775
57902 44173
58002 15809
58102 34380
58202 2359
58302 4077
58402 33229
58502 23375
58602 56867
58702 47882
58802 61981
58902 11240
59002 42799
59102 46364
59202 59434
59302 53441
59402 63308
59502 8909
59602 64704
59702 57707
59802 32711
59902 59084
60002 3261
60102 29842
60202 25957
60302 4552
60402 51862
60502 31760
60602 60204
60702 26013
60802 62937
60902 26504
61002 42108
61102 31885
61202 57573
61302 14168
61402 190
61502 20100
61602 45496
61702 51888
61802 46851
61902 13624
62002 43754
62102 13052
62202 47928
62302 20843
62402 53489
62502 26179
62602 40981
62702 58497
62802 54823
62902 52681
63002 17473
63102 38145
63202 19018
63302 59198
63402 56216
63502 8409
63602 46680
63702 40779
63802 28003
63902 65281
64002 44849
64102 41712
64202 9029
64302 43942
64402 9118
64502 60130
64602 64630
64702 35412
64802 54137
64902 14126
65002 19734
65102 23458
65202 19410
65302 49301
65402 22037
65502 23334
65602 47334
65702 58887
65802 58823
65902 10003
66002 51007
66102 30714
66202 11227
66302 11102
66402 21424
66502 63724
66602 32748
66702 35120
66802 26062
66902 8666
67002 24836
67102 8831
67202 42655
67302 64616
67402 24504
67502 47595
67602 59609
67702 13784
67802 45807
67902 31935
68002 45213
68102 64591
68202 57193
68302 59642
68402 59926
68502 49059
68602 34292
68702 19331
68802 11079
68902 4206
69002 52853
69102 49861
69202 52418
69302 59686
69402 44609
69502 172
69602 20782
69702 48265
69802 51321
69902 13805
70002 30920
70102 59045
70202 64004
70302 49864
70402 45090
70502 17029
70602 13836
70702 34154
70802 41648
70902 38430
71002 8557
71102 40317
71202 58200
71302 9489
71402 26706
71502 31004
71602 56975
71702 1288
71802 58197
71902 64475
72002 18821
72102 45924
72202 42713
72302 52308
72402 31448
72502 58067
72602 58194
72702 53008
72802 61117
72902 33306
73002 52859
73102 39251
73202 53202
73302 25758
73402 41225
73502 62272
73602 7130
73702 40179
73802 57298
73902 43599
74002 56837
74102 41921
74202 27300
74302 25915
74402 309
74502 22481
74602 40995
74702 6912
74802 1401
74902 29078
75002 32454
75102 9381
75202 29163
75302 36204
75402 43853
75502 44541
75602 9656
75702 6959
75802 18970
75902 42008
76002 32390
76102 63658
76202 47724
76302 54274
76402 64913
76502 51864
76602 5698
76702 2058
76802 21768
76902 56374
77002 1888
77102 32444
77202 2445
77302 56220
77402 51082
77502 28686
77602 41578
77702 35973
77802 11534
77902 7846
78002 40562
78102 31254
78202 4961
78302 57200
78402 7440
78502 31751
78602 33153
78702 32887
78802 9198
78902 56803
79002 29056
79102 13649
79202 6418
79302 36703
79402 55362
79502 56373
79602 26363
79702 52318
79802 31610
79902 44187
80002 13501
80102 62738
80202 29323
80302 17511
80402 50600
80502 26953
80602 48984
80702 53653
80802 22185
80902 31559
81002 57748
81102 52969
81202 41855
81302 10775
81402 28503
81502 52916
81602 44824
81702 25632
81802 19292
81902 29581
82002 40250
82102 45451
82202 60413
82302 420
82402 42680
82502 39770
82602 60833
82702 33135
82802 13307
82902 50724
83002 7117
83102 54337
83202 32194
83302 65001
83402 41462
83502 61639
83602 23543
83702 25127
83802 27973
83902 10936
84002 63473
84102 21281
84202 53593
84302 8894
84402 31459
84502 18018
84602 29925
84702 36721
84802 22396
84902 30210
85002 44559
85102 34733
85202 1705
85302 31497
85402 61989
85502 22712
85602 45889
85702 35236
85802 11818
85902 54145
86002 27851
86102 8670
86202 2973
86302 35459
86402 38855
86502 53373
86602 16855
86702 37413
86802 58892
86902 39390
87002 3209
87102 16717
87202 28779
87302 51134
87402 24994
87502 58798
87602 8160
87702 54353
87802 26783
87902 57253
88002 60283
88102 25754
88202 11432
88302 20016
88402 18666
88502 10699
88602 46677
88702 33394
88802 41516
88902 58899
89002 2320
89102 9436
89202 5865
89302 65443
89402 17277
89502 58482
89602 59890
89702 57773
89802 42306
89902 25896
90002 42563
90102 27042
