102 16893
202 19344
302 46205
402 51014
502 3316
602 755
702 18386
802 60579
902 13510
1002 56184
1102 22511
1202 34517
1302 63449
1402 23992
1502 6534
1602 8588
1702 628
1802 760
1902 29177
2002 63049
2102 65238
2202 58448
2302 35194
2402 17756
2502 28846
2602 45345
2702 18882
2802 1599
2902 61133
3002 22242
3102 12123
3202 32251
3302 40985
3402 41531
3502 61656
3602 29244
3702 43109
3802 21528
3902 13407
4002 3407
4102 7821
4202 31616
4302 12541
4402 26414
4502 35310
4602 39255
4702 51058
4802 58494
4902 43015
5002 44465
5102 13977
5202 24336
5302 19018
5402 30596
5502 24369
5602 18326
5702 19754
5802 59489
5902 37980
6002 34781
6102 64565
6202 26752
6302 51971
6402 31446
6502 53393
6602 31078
6702 57073
6802 37363
6902 35999
7002 34280
7102 57829
7202 13724
7302 49738
7402 91
7502 63725
7602 64917
7702 63495
7802 49516
7902 41039
8002 40440
8102 23283
8202 53556
8302 11439
8402 1965
8502 42120
8602 1688
8702 19269
8802 20688
8902 29891
9002 57971
9102 34012
9202 27769
9302 14658
9402 21877
9502 272
9602 40720
9702 5425
9802 1716
9902 22785
10002 39126
10102 553
10202 65436
10302 44947
10402 22753
10502 54357
10602 40060
10702 53496
10802 58632
10902 50751
11002 23439
11102 59811
11202 32273
11302 52302
11402 545
11502 37492
11602 14205
11702 63050
11802 435
11902 41997
12002 30088
12102 48201
12202 14820
12302 34385
12402 57169
12502 42982
12602 18840
12702 22398
12802 56020
12902 7526
13002 3631
13102 58374
13202 36282
13302 42575
13402 21574
13502 32979
13602 11486
13702 14980
13802 5292
13902 45073
14002 26646
14102 2562
14202 22179
14302 61347
14402 5873
14502 5299
14602 33516
14702 21418
14802 29480
14902 21156
15002 43887
15102 880
15202 18633
15302 53888
15402 49349
15502 40988
15602 46044
15702 24888
15802 17528
15902 54559
16002 43050
16102 49830
16202 20128
16302 63643
16402 31686
16502 25507
16602 25265
16702 28246
16802 19727
16902 29148
17002 59979
17102 18057
17202 3047
17302 19842
17402 62890
17502 51219
17602 21407
17702 9529
17802 39844
17902 33123
18002 6796
18102 42738
18202 63539
18302 807
18402 6776
18502 24175
18602 12428
18702 10140
18802 4142
18902 10522
19002 41978
19102 32234
19202 6546
19302 24650
19402 56543
19502 65403
19602 36328
19702 63623
19802 1596
19902 25461
20002 25210
20102 21599
20202 16094
20302 7939
20402 37749
20502 60114
20602 52438
20702 19758
20802 46316
20902 53424
21002 452
21102 24366
21202 53854
21302 35263
21402 56090
21502 50467
21602 40500
21702 9220
21802 33793
21902 55883
22002 9419
22102 12246
22202 42165
22302 28745
22402 33268
22502 23372
22602 52193
22702 13132
22802 32519
22902 23592
23002 27137
23102 29186
23202 1130
23302 10041
23402 39096
23502 4170
23602 61475
23702 29789
23802 64658
23902 28203
24002 28260
24102 3815
24202 59072
24302 3049
24402 16710
24502 11304
24602 30014
24702 22769
24802 22834
24902 64622
25002 52132
25102 7597
25202 34551
25302 45134
25402 722
25502 1838
25602 35939
25702 35828
25802 29750
25902 13454
26002 280
26102 49772
26202 49245
26302 57736
26402 39129
26502 28214
26602 51771
26702 50013
26802 60226
26902 42281
27002 46107
27102 30116
27202 30696
27302 31460
27402 33568
27502 45835
27602 10946
27702 60216
27802 53694
27902 51287
28002 14095
28102 64254
28202 8749
28302 63422
28402 26859
28502 33255
28602 15756
28702 45076
28802 54524
28902 62214
29002 32215
29102 18181
29202 47367
29302 53084
29402 43139
29502 42271
29602 62120
29702 27071
29802 11094
29902 62012
30002 14888
30102 53471
30202 55987
30302 36253
30402 60759
30502 41709
30602 3611
30702 49294
30802 51338
30902 41097
31002 6094
31102 37560
31202 23942
31302 13059
31402 41108
31502 26769
31602 62794
31702 56637
31802 36006
31902 40027
32002 34005
32102 60005
32202 10158
32302 43226
32402 47778
32502 7963
32602 10522
32702 9712
32802 59983
32902 60139
33002 19253
33102 14063
33202 22356
33302 35964
33402 42735
33502 4609
33602 33082
33702 51304
33802 25895
33902 41252
34002 6410
34102 64630
34202 29447
34302 2413
34402 35111
34502 49793
34602 8700
34702 14692
34802 41569
34902 21398
35002 21946
35102 43320
35202 44253
35302 36069
35402 45343
35502 59893
35602 43485
35702 5028
35802 3738
35902 20676
36002 16068
36102 38703
36202 26273
36302 439
36402 64161
36502 20921
36602 62137
36702 12118
36802 35514
36902 33199
37002 32689
37102 35548
37202 31117
37302 39129
37402 59084
37502 29515
37602 30851
37702 7572
37802 728
37902 27772
38002 52170
38102 53150
38202 7740
38302 7385
38402 37589
38502 50243
38602 37251
38702 38990
38802 54116
38902 20368
39002 34472
39102 59393
39202 30661
39302 41757
39402 23049
39502 91
39602 8942
39702 32902
39802 43098
39902 51747
40002 46544
40102 55144
40202 47835
40302 31863
40402 49525
40502 18495
40602 51848
40702 5655
40802 3001
40902 38338
41002 24867
41102 31775
41202 59916
41302 64250
41402 65299
41502 58904
41602 31224
41702 52053
41802 49555
41902 41926
42002 3935
42102 34243
42202 7218
42302 59697
42402 53210
42502 31405
42602 31934
42702 644
42802 20522
42902 55973
43002 27521
43102 53173
43202 47311
43302 20371
43402 41043
43502 22157
43602 43680
43702 8299
43802 29291
43902 30406
44002 55467
44102 53418
44202 46586
44302 5715
44402 4851
44502 46779
44602 20442
44702 5196
44802 61826
44902 2115
45002 14144
45102 60931
45202 6336
45302 25333
45402 41899
45502 30787
45602 45658
45702 32570
45802 18513
45902 36227
46002 64297
46102 15340
46202 16232
46302 20848
46402 8330
46502 13521
46602 2906
46702 58026
46802 4736
46902 36558
47002 37677
47102 50619
47202 32857
47302 1645
47402 47147
47502 37213
47602 57605
47702 34361
47802 32995
47902 25268
48002 50471
48102 14522
48202 8959
48302 30282
48402 56152
48502 51948
48602 45289
48702 45818
48802 25703
48902 49747
49002 51094
49102 15295
49202 46382
49302 14563
49402 9000
49502 27694
49602 45203
49702 22946
49802 50429
49902 63940
50002 32727
50102 10338
50202 214
50302 64990
50402 64996
50502 52155
50602 54924
50702 55245
50802 2837
50902 30462
51002 24206
51102 59393
51202 51270
51302 41607
51402 14522
51502 376
51602 17425
51702 55142
51802 784
51902 23961
52002 40243
52102 57124
52202 1214
52302 28218
52402 41735
52502 8352
52602 27105
52702 5000
52802 64180
52902 39300
53002 62380
53102 18025
53202 38826
53302 65228
53402 56576
53502 60777
53602 11747
53702 41774
53802 12621
53902 31065
54002 12946
54102 44977
54202 38480
54302 47323
54402 7385
54502 29686
54602 64765
54702 18880
54802 41300
54902 10043
55002 41569
55102 31479
55202 41524
55302 4340
55402 59394
55502 37025
55602 56192
55702 25925
55802 20706
55902 7799
56002 13622
56102 28145
56202 23548
56302 62547
56402 44202
56502 51875
56602 24479
56702 33394
56802 43780
56902 17550
57002 57957
57102 10327
57202 41858
57302 7444
57402 58590
57502 43007
57602 13423
57702 3152
57802 41602
57902 22810
58002 36945
58102 48543
58202 31216
58302 54116
58402 5580
58502 29616
58602 47442
58702 18104
58802 14070
58902 40567
59002 65186
59102 39977
59202 6772
59302 44456
59402 23806
59502 47169
59602 54950
59702 21986
59802 8004
59902 4077
60002 58004
60102 51155
60202 22588
60302 2087
60402 59755
60502 4494
60602 43957
60702 29797
60802 27978
60902 52693
61002 40755
61102 14095
61202 61463
61302 58790
61402 36342
61502 22155
61602 7676
61702 48333
61802 59059
61902 8052
62002 7694
62102 5539
62202 35599
62302 51307
62402 41725
62502 46287
62602 32992
62702 33948
62802 45426
62902 35558
63002 32585
63102 22860
63202 41164
63302 59488
63402 39929
63502 45479
63602 7274
63702 8582
63802 26209
63902 13627
64002 64759
64102 30708
64202 62528
64302 13526
64402 26217
64502 9049
64602 36678
64702 37853
64802 64877
64902 63071
65002 58346
65102 39713
65202 23390
65302 15765
65402 16989
65502 39841
65602 45117
65702 65344
65802 59740
65902 22600
66002 10783
66102 61542
66202 9615
66302 24152
66402 17572
66502 30975
66602 51432
66702 1848
66802 42484
66902 35203
67002 57043
67102 34022
67202 38403
67302 27212
67402 37771
67502 12026
67602 43732
67702 9012
67802 3134
67902 21656
68002 36687
68102 20550
68202 33432
68302 10419
68402 56516
68502 31288
68602 14331
68702 31315
68802 42255
68902 64896
69002 16674
69102 44718
69202 65071
69302 36232
69402 55248
69502 27465
69602 43614
69702 34454
69802 58754
69902 4199
70002 25343
70102 10410
70202 57134
70302 42083
70402 4655
70502 9160
70602 12982
70702 49565
70802 59175
70902 48342
71002 51422
71102 51833
71202 26766
71302 58096
71402 41325
71502 2130
71602 36187
71702 2806
71802 8813
71902 37429
72002 56048
72102 43837
72202 59541
72302 65265
72402 5366
72502 40234
72602 54516
72702 63524
72802 57171
72902 12189
73002 50482
73102 62473
73202 56414
73302 2028
73402 18796
73502 60179
73602 59818
73702 2327
73802 36320
73902 44032
74002 63236
74102 33032
74202 41780
74302 57571
74402 57532
74502 8966
74602 11773
74702 26888
74802 8337
74902 41820
75002 17194
75102 38631
75202 8814
75302 41712
75402 43549
75502 27429
75602 41725
75702 13458
75802 47967
75902 54631
76002 63024
76102 19030
76202 4338
76302 1616
76402 65479
76502 31247
76602 19505
76702 16506
76802 1107
76902 13050
77002 20690
77102 17511
77202 40494
77302 37711
77402 10630
77502 39429
77602 34089
77702 62379
77802 53249
77902 31203
78002 4745
78102 3342
78202 30714
78302 61699
78402 4096
78502 51442
78602 41707
78702 18823
78802 50269
78902 31570
79002 56669
79102 32124
79202 42595
79302 898
79402 57069
79502 18904
79602 38479
79702 52818
79802 64766
79902 25472
80002 18285
80102 38505
80202 23034
80302 19628
80402 60943
80502 52546
80602 30951
80702 36017
80802 57641
80902 44986
81002 15815
81102 15004
81202 55894
81302 19706
81402 27739
81502 11219
81602 53382
81702 47049
81802 39460
81902 55157
82002 29606
82102 41504
82202 25712
82302 4490
82402 51820
82502 55665
82602 7701
82702 22076
82802 24179
82902 56093
83002 39663
83102 20553
83202 63905
83302 26237
83402 49097
83502 25657
83602 57244
83702 28173
83802 14618
83902 33339
84002 3641
84102 25589
84202 60057
84302 51745
84402 5968
84502 12284
84602 46762
84702 24687
84802 60564
84902 62479
85002 45371
85102 5420
85202 15540
85302 21307
85402 10716
85502 34829
85602 485
85702 45287
85802 13870
85902 21890
86002 40592
86102 39134
86202 23332
86302 60423
86402 33914
86502 12050
86602 3341
86702 54432
86802 39891
86902 9312
87002 49491
87102 10277
87202 60064
87302 874
87402 33570
87502 23324
87602 63523
87702 16838
87802 21931
87902 30727
88002 18065
88102 40656
88202 53219
88302 60592
88402 20747
88502 7073
88602 41652
88702 60822
88802 37165
88902 20166
89002 6905
89102 5271
89202 36607
89302 30963
89402 44130
89502 19417
89602 53625
89702 35950
89802 41617
89902 58724
90002 22661
90102 36283
