102 8300
202 29261
302 35973
402 56746
502 40030
602 40005
702 21522
802 62675
902 35424
1002 4985
1102 60984
1202 41055
1302 20422
1402 30189
1502 59999
1602 29521
1702 41799
1802 44218
1902 5224
2002 33686
2102 59421
2202 56926
2302 37308
2402 30746
2502 17220
2602 24573
2702 46192
2802 28734
2902 14591
3002 50931
3102 7541
3202 57808
3302 9617
3402 35208
3502 19206
3602 62037
3702 6344
3802 30725
3902 52826
4002 18954
4102 59723
4202 43845
4302 13626
4402 13051
4502 59708
4602 27797
4702 36455
4802 61113
4902 39755
5002 30238
5102 28892
5202 42541
5302 2280
5402 40568
5502 52930
5602 60754
5702 26106
5802 23799
5902 32655
6002 3707
6102 23531
6202 13716
6302 40111
6402 23914
6502 43554
6602 43111
6702 5783
6802 61265
6902 22986
7002 32706
7102 39239
7202 55593
7302 5718
7402 19101
7502 55916
7602 19863
7702 56220
7802 6354
7902 28244
8002 39222
8102 16628
8202 19929
8302 48270
8402 38335
8502 20777
8602 11010
8702 45149
8802 30881
8902 12254
9002 27444
9102 6570
9202 7055
9302 8186
9402 39132
9502 63472
9602 51530
9702 53074
9802 55316
9902 17156
10002 49290
10102 63197
10202 5159
10302 33475
10402 12513
10502 41276
10602 50960
10702 37574
10802 10760
10902 44492
11002 6195
11102 8204
11202 62453
11302 2160
11402 53687
11502 53720
11602 17479
11702 28562
11802 55368
11902 65286
12002 25828
12102 34913
12202 47291
12302 9545
12402 55242
12502 11903
12602 17715
12702 62178
12802 23438
12902 20145
13002 35831
13102 34847
13202 30544
13302 24267
13402 32934
13502 17253
13602 45420
13702 57506
13802 21755
13902 37259
14002 47540
14102 6379
14202 46472
14302 19274
14402 3213
14502 38998
14602 32556
14702 45845
14802 60721
14902 37197
15002 13370
15102 39830
15202 2301
15302 3353
15402 23756
15502 6009
15602 20053
15702 9657
15802 45303
15902 37020
16002 23978
16102 25651
16202 58895
16302 60912
16402 35534
16502 22552
16602 9622
16702 53466
16802 61912
16902 46237
17002 64832
17102 14797
17202 52287
17302 11825
17402 7087
17502 25038
17602 36886
17702 33630
17802 18273
17902 45788
18002 57828
18102 30989
18202 58583
18302 64599
18402 21702
18502 56934
18602 60326
18702 14026
18802 400
18902 26806
19002 65334
19102 8857
19202 4009
19302 59595
19402 50724
19502 31537
19602 59263
19702 26545
19802 60729
19902 14923
20002 31984
20102 56438
20202 27985
20302 37985
20402 52387
20502 46150
20602 30991
20702 22559
20802 9391
20902 47458
21002 29927
21102 36296
21202 9906
21302 4664
21402 13430
21502 40178
21602 51746
21702 12396
21802 878
21902 59612
22002 35036
22102 13084
22202 59018
22302 28398
22402 18585
22502 53573
22602 7909
22702 23911
22802 57783
22902 18740
23002 5374
23102 9150
23202 24715
23302 7101
23402 8106
23502 34870
23602 52620
23702 57682
23802 31601
23902 21087
24002 26008
24102 12677
24202 33242
24302 54974
24402 25417
24502 52758
24602 12979
24702 4642
24802 46835
24902 57005
25002 63945
25102 65374
25202 7548
25302 41325
25402 42481
25502 55306
25602 17306
25702 6590
25802 2424
25902 37618
26002 47586
26102 19918
26202 42919
26302 1389
26402 38237
26502 22607
26602 30674
26702 29661
26802 39357
26902 20299
27002 53420
27102 13883
27202 53828
27302 17107
27402 24373
27502 38154
27602 182
27702 43006
27802 65468
27902 27611
28002 19670
28102 51718
28202 57277
28302 48189
28402 39512
28502 45159
28602 26828
28702 33450
28802 10475
28902 11843
29002 422
29102 34564
29202 36321
29302 655
29402 30008
29502 25370
29602 59042
29702 16513
29802 44025
29902 20301
30002 552
30102 48553
30202 43138
30302 3741
30402 24518
30502 32547
30602 65332
30702 37828
30802 39065
30902 53249
31002 26084
31102 7827
31202 40531
31302 20437
31402 55081
31502 53503
31602 54807
31702 57794
31802 19165
31902 42752
32002 42595
32102 46069
32202 5767
32302 53031
32402 64260
32502 47881
32602 50555
32702 24335
32802 49211
32902 20737
33002 37512
33102 48655
33202 6979
33302 8489
33402 64438
33502 29698
33602 4134
33702 50993
33802 37844
33902 28450
34002 53417
34102 34129
34202 22206
34302 36642
34402 47646
34502 8907
34602 52529
34702 5757
34802 14917
34902 8575
35002 15878
35102 45510
35202 40390
35302 9241
35402 15082
35502 58327
35602 32651
35702 20806
35802 22148
35902 5277
36002 15619
36102 29857
36202 36803
36302 19105
36402 56190
36502 55276
36602 42062
36702 34215
36802 29471
36902 2350
37002 17228
37102 34586
37202 64158
37302 33349
37402 25022
37502 7555
37602 16858
37702 4915
37802 54282
37902 62845
38002 15017
38102 57943
38202 52138
38302 20804
38402 4489
38502 63715
38602 1428
