102 41605
202 37774
302 44046
402 3543
502 13250
602 3995
702 39723
802 56822
902 60109
1002 62159
1102 51742
1202 3235
1302 16322
1402 64182
1502 11982
1602 35739
1702 18253
1802 2077
1902 57663
2002 13422
2102 57750
2202 42605
2302 33778
2402 1368
2502 43177
2602 12880
2702 41619
2802 27153
2902 29964
3002 48660
3102 36646
3202 6190
3302 49827
3402 30022
3502 55011
3602 30239
3702 13353
3802 31480
3902 28824
4002 3850
4102 54969
4202 64922
4302 28333
4402 26746
4502 48748
4602 7967
4702 31165
4802 37745
4902 59898
5002 45162
5102 63928
5202 32726
5302 58203
5402 5909
5502 4002
5602 22367
5702 44052
5802 24527
5902 3883
6002 59537
6102 62850
6202 50030
6302 5898
6402 4898
6502 35279
6602 30671
6702 33847
6802 8682
6902 44814
7002 30149
7102 17229
7202 15512
7302 55556
7402 6555
7502 5161
7602 5338
7702 23365
7802 33457
7902 60937
8002 61707
8102 63441
8202 17189
8302 57957
8402 19865
8502 50148
8602 16348
8702 11139
8802 684
8902 21093
9002 37740
9102 27150
9202 29315
9302 3763
9402 57474
9502 12243
9602 52404
9702 57176
9802 14584
9902 31584
10002 20341
10102 51128
10202 61717
10302 44020
10402 46925
10502 36838
10602 30867
10702 65003
10802 5137
10902 53577
11002 23962
11102 14991
11202 47148
11302 64214
11402 43762
11502 6423
11602 39975
11702 14684
11802 58480
11902 25759
12002 20464
12102 58339
12202 32946
12302 20801
12402 53149
12502 5833
12602 13467
12702 60850
12802 59498
12902 22920
13002 49407
13102 6925
13202 62873
13302 31903
13402 11028
13502 19110
13602 49685
13702 21660
13802 15180
13902 61099
14002 53024
14102 37989
14202 2398
14302 56094
14402 7230
14502 58205
14602 65329
14702 45014
14802 6787
14902 2126
15002 49463
15102 23365
15202 53189
15302 9050
15402 50255
15502 35033
15602 20773
15702 44002
15802 27377
15902 23696
16002 63717
16102 65201
16202 19618
16302 1441
16402 23685
16502 2961
16602 31267
16702 11063
16802 44801
16902 19082
17002 10334
17102 34062
17202 39874
17302 9323
17402 55378
17502 6618
17602 32982
17702 43417
17802 41378
17902 347
18002 34
18102 30863
18202 64707
18302 6444
18402 30795
18502 46071
18602 47429
18702 11865
18802 52870
18902 62357
19002 27831
19102 7891
19202 22932
19302 14186
19402 25499
19502 50295
19602 59132
19702 48390
19802 26644
19902 60682
20002 38223
20102 58958
20202 32487
20302 19518
20402 62059
20502 64125
20602 547
20702 23602
20802 62472
20902 6532
21002 21838
21102 61198
21202 25115
21302 54423
21402 13538
21502 33152
21602 14518
21702 58799
21802 46500
21902 25852
22002 26204
22102 44239
22202 25057
22302 47908
22402 30254
22502 57981
22602 63851
22702 60558
22802 13479
22902 38429
23002 64571
23102 42935
23202 60082
23302 57599
23402 49921
23502 39089
23602 5537
23702 45934
23802 37894
23902 39075
24002 56539
24102 32065
24202 10469
24302 54122
24402 9145
24502 62466
24602 3042
24702 57442
24802 31317
24902 11646
25002 36760
25102 46768
25202 60051
25302 58741
25402 3283
25502 45183
25602 1531
25702 35278
25802 65175
25902 35016
26002 45007
26102 10541
26202 16353
26302 17478
26402 16247
26502 22581
26602 14310
26702 13224
26802 63772
26902 38853
27002 13396
27102 11137
27202 31006
27302 21490
27402 25606
27502 34051
27602 55696
27702 27931
27802 45463
27902 63899
28002 27512
28102 13206
28202 15407
28302 44935
28402 11446
28502 21187
