102 23408
202 39355
302 20907
402 2773
502 2803
602 35663
702 9354
802 23351
902 21674
1002 18309
1102 32352
1202 53718
1302 26502
1402 46847
1502 10970
1602 12950
1702 55600
1802 53769
1902 40676
2002 26094
2102 51713
2202 35048
2302 49760
2402 47195
2502 22451
2602 62686
2702 18728
2802 41915
2902 12918
3002 34372
3102 42211
3202 57944
3302 157
3402 51327
3502 22842
3602 55796
3702 15172
3802 40748
3902 7872
4002 16351
4102 4433
4202 34706
4302 27168
4402 1819
4502 26078
4602 25806
4702 14205
4802 59340
4902 3313
5002 52466
5102 44375
5202 35026
5302 64548
5402 21018
5502 35428
5602 43803
5702 4729
5802 19047
5902 54040
6002 17983
6102 13723
6202 1135
6302 20521
6402 29928
6502 27355
6602 8542
6702 37226
6802 5310
6902 2621
7002 18135
7102 25113
7202 48477
7302 23950
7402 1270
7502 12190
7602 52774
7702 22501
7802 9970
7902 48261
8002 28084
8102 38830
8202 45154
8302 55315
8402 63991
8502 7047
8602 18753
8702 12914
8802 4204
8902 20191
9002 9892
9102 42726
9202 16143
9302 64831
9402 40702
9502 60178
9602 6558
9702 22451
9802 59089
9902 15467
10002 16166
10102 34740
10202 8301
10302 40170
10402 34219
10502 11809
10602 27332
10702 33679
10802 6252
10902 7991
11002 52428
11102 65414
11202 35157
11302 43092
11402 61155
11502 50849
11602 19563
11702 11595
11802 15600
11902 13482
12002 55187
12102 63723
12202 16870
12302 29065
12402 37155
12502 44536
12602 35059
12702 5485
12802 47367
12902 44018
13002 62122
13102 21000
13202 2657
13302 25548
13402 1713
13502 35291
13602 2264
13702 60994
13802 37404
13902 10351
14002 34543
14102 35147
14202 33173
14302 10327
14402 60027
14502 51569
14602 20949
14702 32630
14802 14651
14902 58619
15002 44020
15102 48775
15202 1693
15302 59448
15402 58108
15502 57101
15602 43955
15702 60236
15802 28139
15902 64184
16002 23327
16102 57584
16202 15036
16302 44253
16402 29856
16502 48915
16602 39309
16702 35511
16802 17067
16902 36239
17002 14734
17102 6790
17202 32479
17302 63306
17402 10773
17502 25200
17602 56776
17702 52284
17802 47050
17902 53786
18002 42171
18102 17412
18202 3765
18302 34600
18402 9878
18502 27794
18602 4740
18702 50491
18802 47753
18902 25678
19002 14214
19102 20140
19202 14103
19302 48853
19402 33193
19502 35622
19602 7494
19702 7502
19802 20851
19902 58569
20002 48032
20102 7448
20202 32108
20302 22435
20402 21421
20502 5334
20602 50691
20702 62897
20802 36909
20902 42753
21002 22182
21102 38559
21202 64445
21302 10885
21402 12720
21502 31443
21602 1229
21702 15599
21802 32292
21902 6525
22002 9614
22102 60269
22202 58765
22302 52341
22402 3026
22502 5199
22602 50329
22702 14066
22802 17133
22902 29869
23002 9094
23102 21474
23202 3629
23302 57280
23402 17279
23502 60059
23602 56896
23702 16520
23802 41842
23902 40006
24002 55138
24102 25771
24202 32179
24302 19042
24402 17624
24502 52273
24602 19349
24702 53949
24802 6210
24902 6528
25002 37498
25102 45363
25202 34907
25302 44501
25402 54761
25502 31055
25602 20087
25702 32753
25802 38711
25902 4992
26002 45981
26102 24798
26202 61682
26302 560
26402 38778
26502 14962
26602 35719
26702 17271
26802 45006
26902 42503
27002 7353
