102 62065
202 794
302 63294
402 41718
502 59818
602 42218
702 30162
802 22322
902 20749
1002 51125
1102 49404
1202 48504
1302 12580
1402 1859
1502 15685
1602 61023
1702 63843
1802 17480
1902 13133
2002 2208
2102 44408
2202 33599
2302 21894
2402 58746
2502 34598
2602 29882
2702 39931
2802 60438
2902 31593
3002 29975
3102 39107
3202 19882
3302 13477
3402 290
3502 22846
3602 59211
3702 21755
3802 2545
3902 4040
4002 63302
4102 1619
4202 53013
4302 14483
4402 39216
4502 63221
4602 24912
4702 18059
4802 63618
4902 38411
5002 59382
5102 17820
5202 45082
5302 1344
5402 43824
5502 22873
5602 14556
5702 21710
5802 55202
5902 23241
6002 31583
6102 59440
6202 47890
6302 37393
6402 63529
6502 8708
6602 12706
6702 13581
6802 55922
6902 41221
7002 28800
7102 8054
7202 18843
7302 46426
7402 47662
7502 57012
7602 15579
7702 40100
7802 23088
7902 40079
8002 21047
8102 698
8202 2777
8302 28455
8402 38868
8502 54871
8602 21535
8702 4425
8802 49851
8902 24941
9002 2606
9102 38565
9202 65514
9302 43323
9402 20817
9502 37106
9602 21197
9702 51538
9802 47160
9902 20199
10002 56655
10102 29970
10202 6626
10302 46165
10402 31713
10502 13652
10602 53135
10702 11020
10802 33671
10902 24244
11002 28375
11102 17908
11202 37180
11302 32681
11402 12873
11502 3591
11602 6052
11702 20470
11802 32831
11902 60441
12002 9602
12102 47895
12202 7612
12302 25806
12402 54499
12502 21373
12602 25781
12702 20437
12802 25636
12902 54147
13002 13501
13102 8540
13202 3180
13302 34087
13402 18018
13502 15709
13602 42051
13702 59249
13802 32911
13902 6393
14002 36121
14102 58880
14202 22808
14302 13109
14402 17356
14502 47565
14602 33309
14702 34863
14802 62617
14902 5896
15002 28020
15102 5339
15202 41773
15302 64440
15402 62927
15502 2024
15602 65480
15702 53584
15802 28141
15902 9775
16002 59809
16102 36052
16202 6288
16302 52731
16402 53781
16502 58964
16602 13716
16702 405
16802 61587
16902 13418
17002 3135
17102 15517
17202 27283
17302 11100
17402 64099
17502 62743
17602 46650
17702 34152
17802 2043
17902 33876
18002 30488
18102 19803
18202 8759
18302 32474
18402 20934
18502 13970
18602 40854
18702 2920
18802 63628
18902 16073
19002 35573
19102 33350
19202 46444
19302 35922
19402 61517
19502 30266
19602 50987
19702 6031
19802 49236
19902 51171
20002 60024
20102 2702
20202 8308
20302 63670
20402 11254
20502 45080
20602 26959
20702 33935
20802 5317
20902 4147
21002 58506
21102 18077
21202 60223
21302 32286
21402 26249
21502 9328
21602 10840
21702 13108
21802 21303
21902 11025
22002 11163
22102 13916
22202 13670
22302 29161
22402 49446
22502 59028
22602 7864
22702 58231
22802 7096
22902 47915
23002 28803
23102 60925
23202 12434
23302 64567
23402 61357
23502 14
23602 53920
23702 42073
23802 29116
23902 45507
24002 22682
24102 4842
24202 17084
24302 5265
24402 60152
24502 35536
24602 26474
24702 52376
24802 53303
24902 4666
25002 38413
25102 23844
25202 54445
25302 5606
25402 53896
25502 61624
25602 26682
25702 33445
25802 6875
25902 42285
26002 58581
26102 55272
26202 35066
26302 63543
26402 10470
26502 57342
26602 22972
26702 59318
26802 24529
26902 13921
27002 63296
27102 54341
27202 29359
27302 13397
27402 19483
27502 14201
27602 22711
27702 40021
27802 33023
27902 41469
28002 60795
28102 40666
28202 51139
28302 13108
28402 22485
28502 42668
28602 3416
28702 47039
28802 4998
28902 32171
29002 47518
29102 61154
29202 42229
29302 2826
29402 26749
29502 32430
29602 54131
29702 39402
29802 54063
29902 50616
30002 39735
30102 51490
30202 38550
30302 19479
30402 18281
30502 33599
