102 62583
202 24211
302 48241
402 20894
502 22842
602 59053
702 59516
802 1289
902 50265
1002 42182
1102 29181
1202 27630
1302 39331
1402 14343
1502 43762
1602 13182
1702 39274
1802 64517
1902 63835
2002 28606
2102 17709
2202 28258
2302 12596
2402 65411
2502 8665
2602 50883
2702 24264
2802 60169
2902 32144
3002 39405
3102 55828
3202 14766
3302 46286
3402 10870
3502 33667
3602 51163
3702 21424
3802 38514
3902 1480
4002 9720
4102 12183
4202 14491
4302 41997
4402 16869
4502 8770
4602 28579
4702 1973
4802 16650
4902 38250
5002 35185
5102 10964
5202 7836
5302 7082
5402 9268
5502 33217
5602 24257
5702 36744
5802 44947
5902 12387
6002 19909
6102 23462
6202 23801
6302 26511
6402 58520
6502 37311
6602 11106
6702 8058
6802 8001
6902 19136
7002 50996
7102 37396
7202 12941
7302 51556
7402 3182
7502 17975
7602 49561
7702 233
7802 19909
7902 26027
8002 65312
8102 60410
8202 61091
8302 50707
8402 62849
8502 27371
8602 33936
8702 50269
8802 44139
8902 60398
9002 38992
9102 23111
9202 46054
9302 29976
9402 3092
9502 6221
9602 38400
9702 49446
9802 13474
9902 47384
10002 17169
10102 65014
10202 16380
10302 49171
10402 20163
10502 8802
10602 56208
10702 60310
10802 62930
10902 2538
11002 26385
11102 26823
11202 52795
11302 41067
11402 61643
11502 20280
11602 38903
11702 40135
11802 47049
11902 4077
12002 14541
12102 41423
12202 60243
12302 27581
12402 45216
12502 6918
12602 34249
12702 17047
12802 51818
12902 53706
13002 8182
13102 12427
13202 13763
13302 4562
13402 56721
13502 3149
13602 22291
13702 44274
13802 46217
13902 28317
14002 4991
14102 47386
14202 31136
14302 25469
14402 28565
14502 51945
14602 23532
14702 45270
14802 40754
14902 59975
15002 32615
15102 3326
15202 3828
15302 43265
15402 61045
15502 42408
15602 59721
15702 11756
15802 34646
15902 5788
16002 16627
16102 41141
16202 5583
16302 41950
16402 28908
16502 22896
16602 31155
16702 63820
16802 41862
16902 29737
17002 46963
17102 45814
17202 49164
17302 45175
17402 45797
17502 46397
17602 44997
17702 64215
17802 10704
17902 17185
18002 43130
18102 36453
18202 2340
18302 47506
18402 24630
18502 15832
18602 25086
18702 64905
18802 52312
18902 14928
19002 21491
19102 35967
19202 52672
19302 9956
19402 61253
19502 54665
19602 20060
19702 43446
19802 24951
19902 12360
20002 59696
20102 58028
20202 46465
20302 3647
20402 11108
20502 30173
20602 45105
20702 23940
20802 53275
20902 43122
21002 8521
21102 65527
21202 38581
21302 53718
21402 48035
21502 20939
21602 33945
21702 36508
21802 7295
21902 34167
22002 10516
22102 39083
22202 27442
22302 21012
22402 11764
22502 38733
22602 2838
22702 47535
22802 61474
22902 8491
23002 52482
23102 51689
23202 34597
23302 42686
23402 5592
23502 15219
23602 957
23702 24399
23802 45741
23902 51931
24002 54737
24102 13310
24202 58820
24302 10602
24402 41097
24502 46988
24602 20836
24702 61905
24802 24595
24902 62320
25002 48682
25102 2310
25202 50789
25302 20751
25402 16542
25502 23236
25602 12311
25702 3262
25802 22835
25902 6763
26002 30201
26102 2509
26202 24525
26302 47997
26402 31975
26502 50574
26602 44046
26702 54952
26802 7153
26902 59913
27002 51834
27102 57339
27202 8563
27302 55341
27402 55920
27502 37274
27602 11245
27702 29775
27802 60854
27902 63911
28002 21373
28102 48397
28202 65099
28302 35986
28402 50657
28502 39957
28602 60297
28702 59902
28802 37946
28902 54692
29002 24002
29102 34458
29202 33089
29302 5692
29402 4936
29502 36
29602 62277
29702 20570
29802 43007
29902 15335
30002 23616
30102 10815
30202 24523
30302 17242
30402 39312
30502 2978
30602 12634
30702 22064
30802 50716
30902 31337
31002 10338
31102 40622
31202 15333
31302 36414
31402 29740
31502 48414
31602 14146
31702 34884
31802 50101
31902 7806
32002 17001
32102 47038
32202 47904
32302 5405
32402 14100
32502 12479
32602 14267
32702 42787
32802 6841
32902 10435
33002 2951
33102 23156
33202 45613
33302 38660
33402 49580
33502 57006
33602 40707
33702 5254
33802 52202
33902 16065
34002 16732
34102 10094
34202 47865
34302 35604
34402 51091
34502 25185
34602 52318
34702 58041
34802 41687
34902 17718
35002 24038
35102 58478
35202 37833
35302 10188
35402 1265
35502 23744
35602 6376
35702 52481
35802 10610
35902 11946
36002 40374
36102 61901
36202 24051
36302 31755
36402 55231
36502 15241
36602 65114
36702 58022
36802 46941
36902 30264
37002 36396
37102 17144
37202 61343
37302 64128
37402 49273
37502 37557
37602 44535
37702 63775
37802 59740
37902 30617
38002 55150
38102 17648
38202 27871
38302 41442
38402 54199
38502 36057
38602 50785
38702 56618
38802 58842
38902 27517
39002 31441
39102 23702
39202 53442
39302 64912
39402 48117
39502 41336
39602 37550
39702 26010
39802 61193
39902 47396
40002 24338
40102 48197
40202 31832
40302 35716
40402 48452
40502 44765
40602 43674
40702 39498
40802 4492
40902 55126
41002 22201
41102 46775
41202 13379
41302 27678
41402 60617
41502 64288
41602 1888
41702 55829
41802 56563
41902 32357
42002 33889
42102 49023
42202 9466
42302 55962
42402 46869
42502 21902
42602 1444
42702 61190
42802 29781
42902 37023
43002 17486
43102 26063
43202 2851
43302 31154
43402 18050
43502 564
43602 52327
43702 32253
43802 35505
43902 26499
44002 36367
44102 60157
44202 19995
44302 29908
44402 42809
44502 49965
44602 7042
44702 49331
44802 3277
44902 40096
45002 48343
45102 24339
45202 29799
45302 32343
45402 64037
45502 64811
45602 32895
45702 21434
45802 33057
45902 65388
46002 26487
46102 873
46202 3617
46302 11606
46402 4703
46502 52756
46602 52752
46702 5951
46802 10700
46902 26880
47002 39324
47102 3436
47202 3734
47302 38052
47402 31357
47502 30431
47602 23528
47702 9297
47802 23863
47902 32545
48002 57583
48102 23818
48202 10133
48302 7677
48402 37241
48502 993
48602 15743
48702 397
48802 22623
48902 14023
49002 47947
49102 63785
49202 42832
49302 59977
49402 44387
49502 27471
49602 13325
49702 43866
49802 23521
49902 61778
50002 39030
50102 65475
50202 19737
50302 55736
50402 14228
50502 13467
50602 30867
50702 46053
50802 36957
50902 11397
51002 40472
51102 45861
51202 9647
51302 56496
51402 41047
51502 28437
51602 8363
51702 20354
51802 29325
51902 53164
52002 16879
52102 49085
52202 52927
52302 44363
52402 12303
52502 51895
52602 29242
52702 37585
52802 64220
52902 4100
53002 32648
53102 61094
53202 13578
53302 54154
53402 48030
53502 29529
53602 40145
53702 58215
53802 56875
53902 22309
54002 50575
54102 26228
54202 1818
54302 35430
54402 63368
54502 18517
54602 2162
54702 29209
54802 17393
54902 29655
55002 3525
55102 52673
55202 62489
55302 42270
55402 8974
55502 42074
55602 5009
55702 62676
55802 56068
55902 38342
56002 39954
56102 9003
56202 45239
56302 38010
56402 45332
56502 22421
56602 11957
56702 61795
56802 50942
56902 62916
57002 18132
57102 22787
57202 15119
57302 47896
57402 33075
57502 14098
57602 35284
57702 45106
57802 32264
57902 9063
58002 19751
58102 32301
58202 57592
58302 61443
58402 22355
58502 19253
58602 11061
58702 4471
58802 63257
58902 40183
59002 51088
59102 30163
59202 54298
59302 51762
59402 5650
59502 24027
59602 26754
59702 16513
59802 33492
59902 9081
60002 56878
60102 18115
60202 57248
60302 52843
60402 63399
60502 32895
60602 16415
60702 12745
60802 62805
60902 50627
61002 45698
61102 50554
61202 43358
61302 64348
61402 42410
61502 27819
61602 17722
61702 23964
61802 3244
61902 64033
62002 33980
62102 47843
62202 42964
62302 63997
62402 31900
62502 2006
62602 2902
62702 21920
62802 22701
62902 48953
63002 12606
63102 8813
63202 14084
63302 21337
63402 26602
63502 16729
63602 2687
63702 8367
63802 35832
63902 13844
64002 19434
64102 52793
64202 54298
64302 1976
64402 44534
64502 25950
64602 13494
64702 54265
64802 60160
64902 23145
65002 26206
65102 45988
65202 31810
65302 23091
65402 36944
65502 60557
65602 33659
65702 38309
65802 65162
65902 3404
66002 12546
66102 54496
66202 46404
66302 38801
66402 24749
66502 40276
66602 16689
66702 56830
66802 3933
66902 19934
67002 61399
67102 53146
67202 59361
67302 54515
67402 14354
67502 22680
67602 41869
67702 31426
67802 45880
67902 35656
68002 35842
68102 25800
68202 14271
68302 32676
68402 11131
68502 14811
68602 53699
68702 24960
68802 18187
68902 24665
69002 7254
69102 65175
69202 49958
69302 62997
69402 17206
69502 35479
69602 63270
69702 2346
69802 56435
69902 62220
70002 42849
70102 34172
70202 4628
70302 57093
70402 1720
70502 51492
70602 5715
70702 32235
70802 57315
70902 23234
71002 44373
71102 28300
71202 38871
71302 33147
71402 11573
71502 49540
71602 26377
71702 54385
71802 38989
71902 44632
72002 43237
72102 35661
72202 18664
72302 63193
72402 3198
72502 1757
72602 34338
72702 54669
72802 31708
72902 8700
73002 20896
73102 49080
73202 28952
73302 33545
73402 31115
73502 43000
73602 12462
73702 52535
73802 64920
73902 864
74002 53905
74102 63233
74202 60805
74302 36064
74402 10625
74502 60005
74602 28507
74702 30805
74802 5028
74902 25744
75002 14146
75102 53091
75202 41229
75302 14437
75402 38066
75502 57527
75602 43120
75702 13244
75802 13524
75902 11692
76002 62711
76102 844
76202 22723
76302 51808
76402 14248
76502 21552
76602 8993
76702 47564
76802 60698
76902 1314
77002 25724
77102 31004
77202 48030
77302 61227
77402 30076
77502 5919
77602 65441
77702 34704
77802 11071
77902 32150
78002 1825
78102 36571
78202 7262
78302 8185
78402 64568
78502 58166
78602 42141
78702 19775
78802 56731
78902 42118
79002 57376
79102 58180
79202 9952
79302 51502
79402 41435
79502 61268
79602 18132
79702 2204
79802 21668
79902 37248
80002 40889
80102 23158
80202 27354
80302 48304
80402 40925
80502 65317
80602 8217
80702 41410
80802 35209
80902 65015
81002 47986
81102 12061
81202 63451
81302 5174
81402 13066
81502 51107
81602 42349
81702 54145
81802 42015
81902 46134
82002 5615
82102 58433
82202 14760
82302 12000
82402 48219
82502 61842
82602 56854
82702 22707
82802 58705
82902 8490
83002 57337
83102 13229
83202 36520
83302 58256
83402 39585
83502 42331
83602 30120
83702 22688
83802 48578
83902 40211
84002 56880
84102 33106
84202 25610
84302 59354
84402 47672
84502 6191
84602 54877
84702 11596
84802 4813
84902 58617
85002 56319
85102 3002
85202 44659
85302 6962
85402 12557
85502 43514
85602 5438
85702 44093
85802 46385
85902 34289
86002 14520
86102 48506
86202 57962
86302 19999
86402 10108
86502 25329
86602 60285
86702 36472
86802 39451
86902 15709
87002 60867
87102 49748
87202 40294
87302 25
87402 6063
87502 47005
87602 12324
87702 34135
87802 14162
87902 55535
88002 5440
88102 50627
88202 10357
88302 22860
88402 37115
88502 34671
88602 4409
88702 36879
88802 59706
88902 1201
89002 12723
89102 3381
89202 52970
89302 24266
89402 63488
89502 44158
89602 51715
89702 46249
89802 6824
89902 1855
90002 28404
90102 47160
