102 11053
202 45297
302 53249
402 59457
502 44367
602 37816
702 19598
802 2808
902 53442
1002 964
1102 36937
1202 23274
1302 14525
1402 28376
1502 54061
1602 6280
1702 22610
1802 57086
1902 9516
2002 22292
2102 53180
2202 13914
2302 40632
2402 43956
2502 60884
2602 24980
2702 32977
2802 2605
2902 52237
3002 61355
3102 18455
3202 4308
3302 49495
3402 37667
3502 26118
3602 24684
3702 22912
3802 64745
3902 28941
4002 57045
4102 4858
4202 7910
4302 17187
4402 15798
4502 30904
4602 17440
4702 21563
4802 28250
4902 56530
5002 28243
5102 29910
5202 59683
5302 60761
5402 38423
5502 40144
5602 17887
5702 62325
5802 24267
5902 11790
6002 44403
6102 19334
6202 127
6302 51148
6402 28680
6502 34578
6602 6630
6702 8294
6802 15816
6902 50583
7002 58676
7102 51943
7202 44858
7302 7
7402 46589
7502 49206
7602 25527
7702 13488
7802 14196
7902 19414
8002 12968
8102 38189
8202 5970
8302 64502
8402 52024
8502 49659
8602 38280
8702 51828
8802 42192
8902 49575
9002 4488
9102 59187
9202 3305
9302 42080
9402 31680
9502 35949
9602 63832
9702 45565
9802 26664
9902 58017
10002 52304
10102 50990
10202 20237
10302 38765
10402 19474
10502 9931
10602 53920
10702 44910
10802 17829
10902 19053
11002 4364
11102 58042
11202 16163
11302 14987
11402 6004
11502 29767
11602 55606
11702 25803
11802 44024
11902 40056
12002 63835
12102 63320
12202 45672
12302 12118
12402 2821
12502 20981
12602 13559
12702 3018
12802 6180
12902 58675
13002 6233
13102 46219
13202 57635
13302 29353
13402 56849
13502 34950
13602 37436
13702 14358
13802 17287
13902 7098
14002 15942
14102 14545
14202 7659
14302 57647
14402 50232
14502 60884
14602 55914
14702 7165
14802 48800
14902 51181
15002 37634
15102 11745
15202 5883
15302 20515
15402 52803
15502 58297
15602 27413
15702 60489
15802 52278
15902 20807
16002 1780
16102 14176
16202 40804
16302 46287
16402 63370
16502 31168
16602 20074
16702 4321
16802 43090
16902 37352
17002 34189
17102 14241
17202 6258
17302 57686
17402 191
17502 6502
17602 47914
17702 54288
17802 42380
17902 43406
18002 19626
18102 39463
18202 58451
18302 4706
18402 39682
18502 13103
18602 42809
18702 45961
18802 13381
18902 57444
19002 29368
19102 60638
19202 47512
19302 11506
19402 24120
19502 51075
19602 54532
19702 47869
19802 29790
19902 60602
20002 16212
20102 45196
20202 10546
20302 35398
20402 8762
20502 1160
20602 11990
20702 12035
20802 19718
20902 63883
21002 2816
21102 38560
21202 55930
21302 55258
21402 45885
21502 30548
21602 16579
21702 29714
21802 8952
21902 35898
22002 5155
22102 3188
22202 9348
22302 43481
22402 20144
22502 52859
22602 29634
22702 25385
22802 51171
22902 47702
23002 22130
23102 8402
23202 52387
23302 54881
23402 42849
23502 24856
23602 2938
23702 39237
23802 58795
23902 50823
24002 11171
24102 64218
24202 2305
24302 41043
24402 51103
24502 33054
24602 55979
24702 35204
24802 23051
24902 40263
25002 60774
25102 65105
25202 9166
25302 39132
25402 13185
25502 49686
25602 40169
25702 51231
25802 63982
25902 23704
26002 15392
26102 22368
26202 42313
26302 32648
26402 58704
26502 42838
26602 57558
26702 64137
26802 54220
26902 20741
27002 54115
27102 43222
27202 46697
27302 51097
27402 7605
27502 8258
27602 47435
27702 24533
27802 56163
27902 54550
28002 51749
28102 51706
28202 16190
28302 22528
28402 18648
28502 1621
28602 50152
28702 54038
28802 46793
28902 28479
29002 38313
29102 9200
29202 26204
29302 54731
29402 18604
29502 29763
29602 48809
29702 64235
29802 17708
29902 24606
30002 10315
30102 12293
30202 46165
30302 45528
30402 52234
30502 30154
30602 17056
30702 7978
30802 17769
30902 56712
31002 24663
31102 7001
31202 26030
31302 56537
31402 33263
31502 32304
31602 4268
31702 14669
31802 14541
31902 47767
32002 2172
32102 11504
32202 6881
32302 29540
32402 19860
32502 37706
32602 51148
32702 33468
32802 32163
32902 27051
33002 30120
33102 6941
33202 58248
33302 49647
33402 15354
33502 32598
33602 15957
33702 9883
33802 63971
33902 7274
34002 47203
34102 52024
34202 12507
34302 49721
34402 16207
34502 32413
34602 14950
34702 36438
34802 9926
34902 27964
35002 33103
35102 11198
35202 31506
35302 12015
35402 42848
35502 29942
35602 57199
35702 46379
35802 43312
35902 65233
36002 1112
36102 46867
36202 60667
36302 24058
36402 15783
36502 584
36602 56359
36702 26493
36802 54692
36902 40515
37002 20668
37102 1995
37202 21637
37302 27323
37402 43377
37502 54519
37602 62535
37702 26199
37802 118
37902 28100
38002 61340
38102 42581
38202 29903
38302 38239
38402 49615
38502 49382
38602 32792
38702 10711
38802 33723
38902 2719
39002 12176
39102 3479
39202 53904
39302 11146
39402 36565
39502 14897
39602 31971
39702 48808
39802 51178
39902 39368
40002 54576
40102 56418
40202 64590
40302 6734
40402 58300
40502 22201
40602 41887
40702 13296
40802 59111
40902 62925
41002 54537
41102 26222
41202 33959
41302 10548
41402 60650
41502 4906
41602 5529
41702 28027
41802 50743
41902 60356
42002 50833
42102 59867
42202 41768
42302 35392
42402 61755
42502 51901
42602 3693
42702 42521
42802 57637
42902 46828
43002 16094
43102 64134
43202 36942
43302 32699
43402 33359
43502 50708
43602 47019
43702 42322
43802 14478
43902 29963
44002 34699
44102 52233
44202 60946
44302 19241
44402 15345
44502 51038
44602 59284
44702 18732
44802 10727
44902 7386
45002 37494
45102 34132
45202 61423
45302 26169
45402 6849
45502 5046
45602 1078
45702 64818
45802 48183
45902 15446
46002 44320
46102 57714
46202 13121
46302 6328
46402 47596
46502 8215
46602 11632
46702 60712
46802 39239
46902 54903
47002 5742
47102 58357
47202 3055
47302 55111
47402 63719
47502 64106
47602 34776
47702 49705
47802 29775
47902 8596
48002 951
48102 2338
48202 49527
48302 18613
48402 34693
48502 7955
48602 22267
48702 41719
48802 45693
48902 55063
49002 41148
49102 51997
49202 38511
49302 33757
49402 36432
49502 18318
49602 45694
49702 47256
49802 22571
49902 39498
50002 50865
50102 62551
50202 34508
50302 43186
50402 33993
50502 21569
50602 1498
50702 12454
50802 15536
50902 7377
51002 56883
51102 25486
51202 48329
51302 34512
51402 53451
51502 63354
51602 11792
51702 48207
51802 20811
51902 22704
52002 53908
52102 4142
52202 26400
52302 31703
52402 45761
52502 29680
52602 46713
52702 59000
52802 53576
52902 39950
53002 23365
53102 64290
53202 23804
53302 27294
53402 30296
53502 64493
53602 379
53702 34807
53802 65498
53902 63439
54002 37203
54102 59487
54202 20301
54302 29125
54402 47156
54502 50
54602 61345
54702 59405
54802 58280
54902 55647
55002 59396
55102 17770
55202 462
55302 4288
55402 31913
55502 56039
55602 15033
55702 42385
55802 19213
55902 56259
56002 58178
56102 12831
56202 54224
56302 33053
56402 13106
56502 2059
56602 30536
56702 52546
56802 48348
56902 62454
57002 34163
57102 57485
57202 30810
57302 28583
57402 2201
57502 15265
57602 46992
57702 26910
57802 42066
57902 40894
58002 29997
58102 21931
58202 37569
58302 17110
58402 39225
58502 36902
58602 17656
58702 18747
58802 3951
58902 58397
59002 32002
59102 57879
59202 48197
59302 3353
59402 44013
59502 36344
59602 4733
59702 47684
59802 13457
59902 10725
60002 27558
60102 14565
60202 19385
60302 31554
60402 50674
60502 18900
60602 5672
60702 24159
60802 9276
60902 5495
61002 11339
61102 35717
61202 14138
61302 23144
61402 26163
61502 8831
61602 27933
61702 36226
61802 55963
61902 23895
62002 19878
62102 23204
62202 53804
62302 26501
62402 37063
62502 37077
62602 46995
62702 28126
62802 7400
62902 27697
63002 2935
63102 49179
63202 49844
63302 12636
63402 49031
63502 8063
63602 62028
63702 65307
63802 59161
63902 21099
64002 33004
64102 25571
64202 54433
64302 32757
64402 7124
64502 32194
64602 36576
64702 4904
64802 15574
64902 47271
65002 48172
65102 16813
65202 36986
65302 29242
65402 38481
65502 26722
65602 1218
65702 802
65802 35280
65902 38619
66002 54722
66102 52418
66202 61777
66302 28041
66402 36775
66502 2103
66602 46094
66702 36829
66802 17673
66902 49222
67002 3466
67102 3112
67202 38252
67302 9228
67402 62049
67502 4957
67602 33144
67702 29837
67802 45973
67902 5259
68002 590
68102 18802
68202 5532
68302 3492
68402 39136
68502 44343
68602 17707
68702 55430
68802 21164
68902 54585
69002 54472
69102 51880
69202 17230
69302 43036
69402 55255
69502 27528
69602 49620
69702 9790
69802 47446
69902 23094
70002 48137
70102 33665
70202 56433
70302 56562
70402 53804
70502 22034
70602 13836
70702 29112
70802 27511
70902 1801
71002 7748
71102 40325
71202 63046
71302 7807
71402 38692
71502 58107
71602 36218
71702 8607
71802 4950
71902 24799
72002 7318
72102 64747
72202 40883
72302 48664
72402 48033
72502 41768
72602 60677
72702 22258
72802 12192
72902 8708
73002 22205
73102 45323
73202 57360
73302 1644
73402 39942
73502 5042
73602 29962
73702 2137
73802 36096
73902 27752
74002 36756
74102 43352
74202 61194
74302 54812
74402 1185
74502 6238
74602 19968
74702 8560
74802 33693
74902 33388
75002 9206
75102 2773
75202 1317
75302 57356
75402 33983
75502 12963
75602 45307
75702 39263
75802 42
75902 17276
76002 2354
76102 45839
76202 54985
76302 22845
76402 45972
76502 27550
76602 31895
76702 50130
76802 30918
76902 42291
77002 23380
77102 5489
77202 44367
77302 23508
77402 61733
77502 2731
77602 39633
77702 63235
77802 5149
77902 11653
78002 50774
78102 29735
78202 33865
78302 33859
78402 40918
78502 5658
78602 8678
78702 18126
78802 36957
78902 33355
79002 41957
79102 51062
79202 17477
79302 36640
79402 25249
79502 14037
79602 53878
79702 34404
79802 17452
79902 31649
80002 40527
80102 25655
80202 18128
80302 48168
80402 42624
80502 41170
80602 41018
80702 63153
80802 28353
80902 58013
81002 8981
81102 16535
81202 31724
81302 12144
81402 59283
81502 34870
81602 17336
81702 5403
81802 64059
81902 62020
82002 30362
82102 27460
82202 51990
82302 29524
82402 14479
82502 13590
82602 62658
82702 51435
82802 57974
82902 15662
83002 45838
83102 38943
83202 26078
83302 56202
83402 31573
83502 56734
83602 39605
83702 42348
83802 9751
83902 15206
84002 62015
84102 9270
84202 59120
84302 48859
84402 48137
84502 64802
84602 27087
84702 15367
84802 51313
84902 64063
85002 47318
85102 62259
85202 2016
85302 39754
85402 37311
85502 28254
85602 10446
85702 62939
85802 43773
85902 41197
86002 31029
86102 25068
86202 7046
86302 25913
86402 23242
86502 56015
86602 25616
86702 17972
86802 5978
86902 47217
87002 22380
87102 38151
87202 48910
87302 51993
87402 25693
87502 25822
87602 26533
87702 6107
87802 35610
87902 11982
88002 10712
88102 47604
88202 50635
88302 6791
88402 41821
88502 62853
88602 12485
88702 26248
88802 10727
88902 46915
89002 19920
89102 6249
89202 47583
89302 48003
89402 26829
89502 63283
89602 62882
89702 3683
89802 42773
89902 60235
90002 62414
90102 64776
