102 32933
202 7154
302 34353
402 47397
502 11157
602 31547
702 5465
802 43721
902 48580
1002 388
1102 32914
1202 6336
1302 15169
1402 46069
1502 45385
1602 14879
1702 15189
1802 23427
1902 62387
2002 7534
2102 35026
2202 44545
2302 46485
2402 19676
2502 38178
2602 19061
2702 61393
2802 51651
2902 48885
3002 33009
3102 47175
3202 31285
3302 55804
3402 770
3502 44503
3602 23012
3702 49110
3802 29485
3902 11462
4002 64536
4102 14575
4202 20375
4302 53552
4402 19210
4502 4879
4602 1791
4702 19535
4802 17958
4902 28680
5002 59069
5102 7227
5202 22118
5302 14877
5402 35860
5502 55633
5602 17822
5702 45108
5802 61077
5902 34731
6002 59834
6102 26133
6202 29541
6302 12660
6402 40473
6502 38565
6602 57757
6702 46252
6802 8297
6902 62793
7002 13044
7102 50579
7202 315
7302 32116
7402 49392
7502 28799
7602 3994
7702 48483
7802 10637
7902 15923
8002 41426
8102 4001
8202 2361
8302 11203
8402 43753
8502 64682
8602 38007
8702 10337
8802 802
8902 3803
9002 14080
9102 42111
9202 19038
9302 1937
9402 58280
9502 55440
9602 40555
9702 36996
9802 7894
9902 43429
10002 62498
10102 8478
10202 27650
10302 56568
10402 49113
10502 3248
10602 11225
10702 55969
10802 50639
10902 59604
11002 39834
11102 29840
11202 49638
11302 11744
11402 52132
11502 39451
11602 25161
11702 52488
11802 24099
11902 5656
12002 63222
12102 39805
12202 56950
12302 49319
12402 28851
12502 29064
12602 1111
12702 62567
12802 6328
12902 10248
13002 45936
13102 62751
13202 15443
13302 12316
13402 52821
13502 2780
13602 51948
13702 4122
13802 45116
13902 58931
14002 29497
14102 61931
14202 6890
14302 37695
14402 16580
14502 19289
14602 27170
14702 2025
14802 12835
14902 10410
15002 12882
15102 24813
15202 55256
15302 64324
15402 35604
15502 29589
15602 22711
15702 53919
15802 60888
15902 31195
16002 2223
16102 47
16202 29579
16302 17048
16402 64668
16502 60816
16602 65033
16702 42318
16802 36612
16902 56504
17002 59697
17102 26391
17202 11439
17302 17874
17402 39649
17502 54158
17602 21528
17702 21327
17802 34066
17902 58503
18002 31997
18102 35703
18202 7453
18302 35532
18402 34723
18502 1566
18602 39806
18702 22624
18802 28007
18902 28517
19002 39010
19102 18837
19202 4516
19302 36284
19402 1245
19502 5026
19602 25195
19702 1300
19802 19406
19902 47697
20002 55859
20102 64781
20202 4265
20302 30960
20402 40669
20502 61419
20602 54788
20702 29819
20802 12757
20902 16821
21002 11492
21102 64514
21202 16779
21302 122
21402 64453
21502 31658
21602 59750
21702 50488
21802 8979
21902 7386
22002 53156
22102 44778
22202 61974
22302 50
22402 57665
22502 18495
22602 47980
22702 3298
22802 39114
22902 49636
23002 33403
23102 57402
23202 19270
23302 20085
23402 27862
23502 53969
23602 29797
23702 65282
23802 20921
23902 19778
24002 30610
24102 63067
24202 6685
24302 31163
24402 20604
24502 32882
24602 2994
24702 46567
24802 64937
24902 44791
25002 29711
25102 34151
25202 40929
25302 56932
25402 9892
25502 46842
25602 2189
25702 29660
25802 36012
25902 36528
26002 39016
26102 41883
26202 32584
26302 12070
26402 57521
26502 13677
26602 58765
26702 64539
26802 60755
26902 4578
27002 5546
27102 29490
27202 28866
27302 12252
27402 30337
27502 51311
27602 22658
27702 39396
27802 50475
27902 52428
28002 20372
28102 918
28202 45907
28302 34361
28402 31564
28502 8308
28602 10190
28702 43206
28802 3153
28902 6641
29002 13644
29102 4260
29202 55133
29302 47472
29402 4822
29502 23490
29602 49229
29702 15492
29802 47910
29902 58117
30002 40197
30102 1890
30202 63084
30302 55126
30402 46249
30502 2096
30602 21480
30702 26301
30802 53302
30902 10977
31002 16513
31102 9598
31202 13239
31302 3985
31402 62860
31502 47309
31602 6067
31702 13188
31802 65239
31902 40927
