102 1951
202 42477
302 55070
402 29700
502 48428
602 31581
702 5537
802 56001
902 31075
1002 4548
1102 17356
1202 61663
1302 37438
1402 34070
1502 45228
1602 36197
1702 32231
1802 29480
1902 22606
2002 37351
2102 48695
2202 49168
2302 21047
2402 37950
2502 42609
2602 50257
2702 46225
2802 18325
2902 28205
3002 12683
3102 31788
3202 23893
3302 55137
3402 49673
3502 1954
3602 25309
3702 24851
3802 11134
3902 284
4002 10820
4102 53178
4202 6671
4302 38197
4402 60549
4502 14676
4602 52923
4702 51623
4802 36485
4902 47658
5002 18234
5102 10152
5202 61516
5302 21695
5402 24333
5502 50056
5602 32281
5702 5776
5802 947
5902 49057
6002 3435
6102 38708
6202 51445
6302 30170
6402 4755
6502 38217
6602 33705
6702 8472
6802 54223
6902 21796
7002 24264
7102 21756
7202 43199
7302 35995
7402 59880
7502 9382
7602 11632
7702 1364
7802 55409
7902 49805
8002 33763
8102 12142
8202 56042
8302 63615
8402 44291
8502 63075
8602 34553
8702 13216
8802 35684
8902 2927
9002 2930
9102 5890
9202 41402
9302 64200
9402 63488
9502 5727
9602 44312
9702 12152
9802 8828
9902 61588
10002 831
10102 37042
10202 371
10302 44826
10402 18285
10502 35547
10602 55696
10702 63244
10802 64820
10902 5967
11002 10261
11102 14793
11202 41223
11302 62561
11402 9091
11502 47960
11602 19184
11702 4141
11802 31894
11902 32776
12002 11670
12102 49206
12202 7425
12302 54297
12402 48721
12502 38673
12602 60422
12702 41704
12802 3773
12902 47994
13002 61917
13102 46978
13202 64897
13302 54351
13402 51923
13502 3205
13602 10585
13702 34114
13802 28985
13902 43110
14002 63435
14102 35133
14202 50583
14302 62349
14402 41287
14502 4170
14602 16508
14702 63591
14802 18186
14902 18157
15002 55180
15102 51873
15202 7734
15302 60927
15402 30973
15502 47733
15602 47734
15702 43636
15802 8144
15902 58798
16002 13397
16102 59149
16202 48255
16302 44689
16402 57235
16502 13028
16602 62289
16702 65017
16802 29375
16902 18911
17002 5504
17102 63951
17202 64580
17302 12807
17402 2882
17502 51262
17602 18193
17702 48457
17802 49243
17902 17517
18002 20158
18102 35474
18202 28419
18302 5655
18402 16708
18502 20978
18602 47195
18702 20866
18802 1483
18902 30549
19002 55626
19102 12019
19202 55500
19302 44052
19402 16799
19502 45514
19602 62383
19702 20904
19802 62359
19902 9578
20002 55397
20102 12149
20202 33424
20302 4730
20402 19480
20502 10446
20602 50727
20702 35594
20802 59605
20902 58537
21002 1121
21102 44095
21202 4626
21302 16463
21402 56315
21502 20650
21602 48666
21702 36446
21802 20898
21902 106
22002 32230
22102 11232
22202 44303
22302 36702
22402 54031
22502 20524
22602 52839
22702 28392
22802 54108
22902 32836
23002 7975
23102 10460
23202 20401
23302 62895
23402 26939
23502 52722
23602 4319
23702 58173
23802 10793
23902 56118
24002 5752
24102 55137
24202 17925
24302 12029
24402 1715
24502 19451
24602 46164
24702 39964
24802 33613
24902 16327
25002 61956
25102 13392
25202 50780
25302 47578
25402 37412
25502 37745
25602 54646
25702 52144
25802 16701
25902 24960
26002 666
26102 28731
26202 64054
26302 52761
26402 38588
26502 23776
26602 48276
26702 53168
26802 22398
26902 3171
27002 18452
27102 49390
27202 54206
27302 9625
27402 1028
27502 62723
27602 47559
27702 51133
27802 25929
27902 43301
28002 65175
28102 37069
28202 46703
28302 44551
28402 37754
28502 6234
28602 56982
28702 62790
28802 65185
28902 56193
29002 5085
29102 63142
29202 45112
29302 48520
29402 64582
29502 33784
29602 54306
29702 5232
29802 39751
29902 32024
30002 5146
30102 47210
30202 47557
30302 51858
30402 13847
30502 5376
30602 65441
30702 2250
30802 49615
30902 16126
31002 45604
31102 55819
31202 19850
31302 3678
31402 34990
31502 26532
31602 3077
31702 37406
31802 18301
31902 8797
32002 21849
32102 22364
32202 1969
32302 35933
32402 17423
32502 6116
32602 60919
32702 49294
32802 14104
32902 57742
33002 60583
33102 21807
33202 50623
33302 36405
33402 10504
33502 21901
33602 45834
33702 16097
33802 32660
33902 51157
34002 40862
34102 9920
34202 46188
34302 28864
34402 24987
34502 20216
34602 12784
34702 47892
34802 5967
34902 22270
35002 50124
35102 64133
35202 25223
35302 16429
35402 37436
35502 37245
35602 65034
