102 46103
202 26528
302 42420
402 49426
502 11552
602 63893
702 16185
802 33224
902 65369
1002 32194
1102 49319
1202 20425
1302 152
1402 42073
1502 56454
1602 38065
1702 9366
1802 53603
1902 6512
2002 9840
2102 13108
2202 44326
2302 28823
2402 7401
2502 45357
2602 12460
2702 25803
2802 49349
2902 52094
3002 6702
3102 13699
3202 53276
3302 32317
3402 17004
3502 10987
3602 34778
3702 45786
3802 58577
3902 14564
4002 9648
4102 32088
4202 45724
4302 19393
4402 24255
4502 39026
4602 55348
4702 51268
4802 58070
4902 42502
5002 52089
5102 37697
5202 39046
5302 4572
5402 47934
5502 13509
5602 28335
5702 35513
5802 44101
5902 35341
6002 44344
6102 59620
6202 12400
6302 19294
6402 55996
6502 45604
6602 12173
6702 32104
6802 15694
6902 2286
7002 41186
7102 47651
7202 45952
7302 45745
7402 8375
7502 7895
7602 25637
7702 39997
7802 34352
7902 11303
8002 12745
8102 41401
8202 21233
8302 12191
8402 41985
8502 24222
8602 988
8702 27561
8802 27052
8902 41586
9002 28617
9102 57706
9202 44736
9302 26438
9402 35100
9502 51185
9602 63670
9702 12230
9802 19152
9902 11396
10002 29885
10102 59606
10202 56374
10302 51188
10402 36802
10502 57492
10602 53511
10702 64484
10802 8118
10902 20389
11002 6646
11102 11546
11202 39069
11302 58726
11402 16816
11502 13137
11602 25543
11702 38944
11802 45404
11902 59614
12002 36317
12102 33752
12202 46213
12302 40072
12402 54675
12502 61268
12602 29120
12702 54048
12802 4930
12902 6219
13002 24404
13102 51539
13202 32162
13302 6002
13402 3577
13502 34354
13602 163
13702 8848
13802 39810
13902 65474
14002 47972
14102 17732
14202 19519
14302 42343
14402 9102
14502 57974
14602 30645
14702 58559
14802 54083
14902 7181
15002 22395
15102 63040
15202 46421
15302 28520
15402 41208
15502 52140
15602 53200
15702 17388
15802 33885
15902 60298
16002 43380
16102 21667
16202 41789
16302 65213
16402 12107
16502 65457
16602 38789
16702 42374
16802 34971
16902 18383
17002 63437
17102 47342
17202 38337
17302 39211
17402 54202
17502 48525
17602 31797
17702 29049
17802 26525
17902 18880
18002 29014
18102 32567
18202 47031
18302 8668
18402 32120
18502 13693
18602 41483
18702 45431
18802 41802
18902 37543
19002 52982
19102 7285
19202 23020
19302 33452
19402 48029
19502 7055
19602 24907
19702 33032
19802 51648
19902 54448
20002 53661
20102 55530
20202 43615
20302 8551
20402 12059
20502 61247
20602 44445
20702 8492
20802 5493
20902 65465
21002 34256
21102 2684
21202 55709
21302 4450
21402 59552
21502 53796
21602 52085
21702 19630
21802 7244
21902 37748
22002 32946
22102 42191
22202 49222
22302 21209
22402 6419
22502 39454
22602 55551
22702 19884
22802 28927
22902 36386
23002 57408
23102 30163
23202 7714
23302 50861
23402 60835
23502 59529
23602 56559
23702 6319
23802 38425
23902 55161
24002 53572
24102 25266
24202 39069
24302 33414
24402 11706
24502 44673
24602 7195
24702 35284
24802 50130
24902 38504
25002 18616
25102 24387
25202 7488
25302 53539
25402 159
25502 44892
25602 717
25702 56448
25802 2364
25902 21563
26002 65249
26102 33446
26202 16222
26302 35729
26402 3415
26502 45967
26602 3837
26702 8428
26802 14887
26902 18701
27002 45634
27102 21297
27202 54625
27302 11847
27402 38646
27502 46926
27602 5408
27702 34088
27802 22448
27902 50448
28002 38980
28102 52515
28202 41383
28302 48814
28402 48777
28502 49714
28602 32202
28702 51794
28802 32576
28902 6920
29002 39477
29102 39341
29202 52882
29302 5247
29402 22550
29502 273
29602 62388
29702 2854
29802 10226
29902 5152
30002 65108
30102 25797
30202 886
30302 45733
30402 16425
30502 43771
30602 57892
30702 8262
30802 54522
30902 58628
31002 60543
31102 9451
31202 34629
31302 25288
31402 18526
31502 27234
31602 59995
31702 36161
31802 42135
31902 64791
32002 21638
32102 39865
32202 39387
32302 61072
32402 8
32502 22999
32602 41287
32702 22830
32802 16790
32902 65512
33002 7823
33102 7519
33202 16699
33302 27631
33402 48326
33502 40510
33602 21966
33702 53943
33802 23663
33902 55718
34002 49668
34102 1784
34202 47335
34302 4646
34402 40300
34502 23819
34602 38403
34702 12619
34802 25959
34902 42219
35002 25678
35102 24885
35202 35471
35302 14639
35402 9439
35502 18089
35602 63742
35702 3066
35802 28149
35902 32356
36002 21938
36102 17442
36202 29886
36302 13663
36402 60553
36502 28257
36602 43669
36702 34873
36802 19894
36902 11452
37002 15902
37102 8308
37202 29790
37302 5731
37402 50778
37502 65206
37602 65042
37702 47298
37802 48730
37902 2577
38002 40991
38102 31778
38202 4661
38302 47284
38402 40469
38502 42502
38602 3169
38702 39948
38802 30239
38902 57788
39002 5688
39102 18645
39202 59183
39302 60842
39402 42236
39502 30143
39602 8741
39702 37752
39802 534
39902 33230
40002 58419
40102 50842
40202 44180
40302 47251
40402 32624
40502 33155
40602 51419
40702 20039
40802 6769
40902 24473
41002 10858
41102 63146
41202 752
41302 6239
41402 24322
41502 27870
41602 13147
41702 43276
41802 56930
41902 45377
42002 41973
42102 63862
42202 12376
42302 26426
42402 39719
42502 25095
42602 47524
42702 23381
42802 1481
42902 31626
43002 9090
43102 15904
43202 5667
43302 43745
43402 3488
43502 34863
43602 60798
43702 55477
43802 33713
43902 31129
44002 30568
44102 29339
44202 63987
44302 6459
44402 2728
44502 36038
44602 46444
44702 40245
44802 24350
44902 9383
45002 52640
45102 24382
45202 7657
45302 2215
45402 19118
45502 50376
45602 50075
45702 14260
45802 15260
45902 40892
46002 33313
46102 42555
46202 4645
46302 16276
46402 48983
46502 18100
46602 9115
46702 64798
46802 47422
46902 54194
47002 3187
47102 21533
47202 37890
47302 40086
47402 56827
47502 51799
47602 40422
47702 61611
47802 29164
47902 59829
48002 22981
48102 64518
48202 29380
48302 59362
48402 63901
48502 53371
48602 18884
48702 58965
48802 10943
48902 53317
49002 28936
49102 44923
49202 27926
49302 54316
49402 16800
49502 7120
49602 3172
49702 40150
49802 27920
49902 7796
50002 49391
50102 63079
50202 158
50302 44625
50402 16653
50502 57105
50602 58530
50702 42797
50802 7722
50902 37085
51002 7618
51102 46837
51202 4037
51302 25654
51402 48676
51502 15109
51602 21389
51702 64296
51802 35551
51902 746
52002 56349
52102 21031
52202 25498
52302 50321
52402 47126
52502 31737
52602 51621
52702 44461
52802 36766
52902 16240
53002 31890
53102 45569
53202 11258
53302 20031
53402 9789
53502 30767
53602 56780
53702 20999
53802 40636
53902 53464
54002 54339
54102 5511
54202 33572
54302 45894
54402 31917
54502 56074
54602 17627
54702 60734
54802 41025
54902 56434
55002 46468
55102 62547
55202 57730
55302 56889
55402 42187
55502 36920
55602 64264
55702 34889
55802 11134
55902 20602
56002 33544
56102 39653
56202 3535
56302 57853
56402 20960
56502 9425
56602 57655
56702 47199
56802 47658
56902 30441
57002 6189
57102 13136
57202 196
57302 60184
57402 10616
57502 40110
57602 50922
57702 53125
57802 23607
57902 56835
58002 14697
58102 5362
58202 23503
58302 63302
58402 13943
58502 8988
58602 50521
58702 62541
58802 12323
58902 59038
59002 3074
59102 58476
59202 64062
59302 31407
59402 974
59502 27187
59602 40924
59702 23214
59802 12059
59902 42627
60002 8493
60102 64424
60202 55168
60302 8786
60402 50430
60502 47815
60602 33175
60702 12472
60802 46420
60902 46792
61002 24282
61102 15557
61202 33763
61302 64750
61402 29036
61502 62066
61602 18955
61702 32084
61802 20332
61902 28491
62002 61635
62102 5474
62202 55626
62302 57899
62402 30180
62502 50017
62602 3036
62702 1193
62802 48869
62902 61865
63002 40567
63102 38015
63202 28810
63302 35946
63402 38622
63502 57192
63602 42001
63702 42706
63802 12595
63902 25950
64002 35254
64102 33850
64202 12119
64302 31246
64402 34520
64502 22048
64602 10637
64702 5052
64802 43956
64902 64837
65002 36852
65102 18762
65202 53515
65302 52546
65402 37482
65502 58909
65602 47974
65702 20695
65802 1475
65902 29701
66002 58486
66102 20402
66202 989
66302 57092
66402 6079
66502 9598
66602 37088
66702 56469
66802 21463
66902 16026
67002 50026
67102 24192
67202 21764
67302 59986
67402 56459
67502 45872
67602 17348
67702 41755
67802 62756
67902 18188
68002 48045
68102 16842
68202 10627
68302 27097
68402 39819
68502 33745
68602 28210
68702 23262
68802 58365
68902 50296
69002 11997
69102 52649
69202 34914
69302 2329
69402 205
69502 64637
69602 42915
69702 62802
69802 47075
69902 62138
70002 36238
70102 56009
70202 13852
70302 44682
70402 60727
70502 14688
70602 43765
70702 55948
70802 48671
70902 13903
71002 58870
71102 48144
71202 61139
71302 15859
71402 6839
71502 24924
71602 22630
71702 34623
71802 40700
71902 35388
72002 2827
72102 64186
72202 58225
72302 46309
72402 30972
72502 4374
72602 24942
72702 61815
72802 24524
72902 3289
73002 1968
73102 62503
73202 24270
73302 31134
73402 48151
73502 9051
73602 62059
73702 31136
73802 63566
73902 54443
74002 32403
74102 13414
74202 39029
74302 1210
74402 21594
74502 7003
74602 10359
74702 31945
74802 21740
74902 65260
75002 10004
75102 24743
75202 58960
75302 6583
75402 58469
75502 50915
75602 38166
75702 5663
75802 14288
75902 626
76002 59919
76102 39151
76202 10319
76302 49471
76402 38964
76502 33451
76602 59091
76702 15350
76802 24486
76902 64240
77002 18948
77102 5257
77202 41078
77302 47409
77402 5858
77502 29095
77602 4412
77702 54110
77802 27811
77902 33680
78002 58176
78102 39884
78202 62148
78302 42573
78402 27448
78502 55687
78602 43737
78702 19965
78802 65155
78902 2808
79002 12575
79102 55072
79202 53284
79302 1966
79402 21739
79502 13817
79602 28907
79702 58376
79802 7947
79902 61322
80002 64687
80102 45109
80202 23641
80302 65438
80402 13004
80502 60533
80602 29689
80702 62294
80802 59256
80902 27764
81002 45531
81102 26611
81202 40529
81302 17573
81402 15603
81502 39283
81602 15130
81702 44686
81802 51126
81902 46884
82002 21791
82102 24868
82202 7081
82302 45766
82402 42672
82502 19402
82602 58269
82702 62897
82802 52503
82902 64461
83002 15882
83102 38745
83202 14267
83302 9906
83402 32677
83502 62913
83602 45931
83702 26480
83802 50287
83902 15777
84002 12632
84102 62192
84202 40269
84302 34061
84402 39541
84502 20035
84602 20848
84702 57991
84802 54214
84902 14273
85002 20218
85102 60409
85202 48689
85302 19080
85402 55847
85502 16776
85602 19697
85702 6689
85802 17848
85902 59533
86002 40307
86102 46173
86202 48911
86302 42032
86402 53569
86502 64482
86602 27511
86702 45031
86802 17937
86902 21040
87002 42740
87102 18644
87202 15803
87302 42235
87402 24612
87502 29673
87602 61089
87702 31744
87802 32488
87902 20995
88002 24901
88102 45413
88202 35491
88302 15724
88402 24136
88502 15402
88602 46173
88702 44598
88802 49133
88902 1605
89002 55518
89102 56385
89202 27591
89302 62286
89402 20967
89502 11360
89602 10101
89702 14875
89802 5441
89902 27431
90002 38464
90102 26797
