102 47129
202 21147
302 62403
402 36683
502 54997
602 21421
702 3044
802 45979
902 26847
1002 60724
1102 14375
1202 32300
1302 40121
1402 45664
1502 8232
1602 60705
1702 54859
1802 4192
1902 15290
2002 25817
2102 35683
2202 20878
2302 34752
2402 32754
2502 57334
2602 63276
2702 8536
2802 6810
2902 32320
3002 27548
3102 49905
3202 51082
3302 10328
3402 44991
3502 48823
3602 7807
3702 31805
3802 47269
3902 28249
4002 9000
4102 4442
4202 42623
4302 27648
4402 27225
4502 47067
4602 16431
4702 20698
4802 34672
4902 22913
5002 63045
5102 51420
5202 63209
5302 16536
5402 4711
5502 62548
5602 37295
5702 45141
5802 64061
5902 43448
6002 59110
6102 41160
6202 54107
6302 43790
6402 5800
6502 46075
6602 22193
6702 1763
6802 37904
6902 58368
7002 34940
7102 46536
7202 31225
7302 23537
7402 65293
7502 45244
7602 41955
7702 15684
7802 56
7902 14614
8002 60702
8102 32045
8202 53977
8302 27053
8402 13023
8502 22499
8602 1477
8702 55986
8802 5989
8902 33353
9002 5147
9102 41600
9202 61281
9302 21990
9402 26297
9502 48198
9602 58298
9702 14727
9802 47141
9902 49278
10002 64609
10102 5817
10202 63339
10302 61264
10402 52278
10502 47456
10602 29740
10702 37937
10802 4438
10902 16485
11002 52626
11102 42082
11202 53594
11302 1555
11402 57005
11502 41234
11602 19831
11702 13402
11802 24003
11902 23999
12002 44260
12102 36028
12202 21102
12302 64561
12402 57835
12502 49404
12602 52637
12702 42068
12802 12264
12902 34203
13002 42409
13102 13597
13202 19695
13302 14436
13402 25460
13502 31530
13602 34675
13702 38796
13802 59038
13902 59286
14002 4732
14102 13509
14202 9665
14302 50291
14402 2044
14502 1365
14602 9266
14702 44630
14802 17224
14902 58399
15002 29854
15102 51694
15202 16625
15302 5007
15402 53629
15502 47003
15602 7312
15702 41203
15802 29570
15902 29835
16002 37984
16102 27243
16202 57436
16302 36437
16402 7979
16502 41609
16602 11086
16702 50023
16802 9693
16902 32154
17002 52610
17102 45364
17202 58109
17302 45067
17402 12785
17502 22477
17602 6888
17702 15434
17802 52393
17902 56087
18002 63026
18102 11865
18202 57348
18302 10526
18402 51000
18502 18013
18602 14578
18702 51237
18802 62056
18902 61274
19002 41448
19102 45749
19202 48361
19302 5794
19402 58076
19502 41310
19602 64855
19702 6876
19802 4164
19902 48901
20002 45641
20102 62788
20202 51402
20302 4693
20402 51946
20502 17777
20602 25855
20702 627
20802 2461
20902 25496
21002 41396
21102 41712
21202 26692
21302 7701
21402 45762
21502 25058
21602 29594
21702 1383
21802 47121
21902 36440
22002 21237
22102 44778
22202 4812
22302 8982
22402 9040
22502 32349
22602 42286
22702 2809
22802 26218
22902 63611
23002 63197
23102 53962
23202 50075
23302 59579
23402 37765
23502 46890
23602 53368
23702 15328
23802 19035
23902 21923
24002 36523
24102 39443
24202 45933
24302 56068
24402 52473
24502 44519
24602 23463
24702 6063
24802 38702
24902 14639
25002 6272
25102 41058
25202 4380
25302 60240
25402 35472
25502 49972
25602 2285
25702 45454
25802 22620
25902 3212
26002 47626
26102 28387
26202 60497
26302 13207
26402 55135
26502 55725
26602 22378
26702 60554
26802 56419
26902 50231
27002 61420
27102 40805
27202 6164
27302 16254
27402 27540
27502 60545
27602 18985
27702 9140
27802 44085
27902 44683
28002 11341
28102 57787
28202 50645
28302 3306
28402 33188
28502 12086
28602 43483
28702 50500
28802 6134
28902 44839
29002 38893
29102 47931
29202 34665
29302 57896
29402 18351
29502 48239
29602 14636
29702 11795
29802 23680
29902 30808
30002 40529
30102 33358
30202 36785
30302 50515
30402 16223
30502 46591
30602 49530
30702 60876
30802 5865
30902 17244
31002 6464
31102 62246
31202 49760
31302 51978
31402 41078
31502 61420
31602 19685
31702 45728
31802 49797
31902 569
32002 52784
32102 16641
32202 39561
32302 54974
32402 32945
32502 33461
32602 48022
32702 54175
32802 35659
32902 16416
33002 43729
33102 32246
33202 33719
33302 51345
33402 51562
33502 23127
33602 56939
33702 34888
33802 18572
33902 39923
34002 56214
34102 20497
34202 44382
34302 22967
34402 34874
34502 64997
34602 42136
34702 21660
34802 5084
34902 62046
35002 201
35102 58432
35202 6880
35302 50763
35402 4548
35502 6168
35602 10943
35702 51954
35802 13524
35902 55758
36002 33154
36102 52485
36202 52271
36302 53680
36402 60207
36502 24797
36602 42440
36702 23715
36802 5856
36902 34684
37002 30356
37102 30152
37202 27707
37302 2240
37402 23153
37502 2235
37602 31051
37702 57576
37802 26612
37902 47695
38002 9194
38102 51250
38202 33209
38302 10045
38402 5142
38502 30934
38602 34964
38702 22681
38802 18441
38902 39924
39002 21703
39102 42937
39202 21577
39302 27470
39402 63376
39502 29969
39602 21700
39702 22616
39802 32478
39902 35634
40002 48549
40102 37615
40202 19038
40302 29800
40402 13156
40502 16784
40602 21935
40702 13094
40802 59562
40902 18697
41002 55240
41102 15716
41202 28123
41302 29075
41402 22976
41502 19940
41602 36289
41702 17836
41802 53165
41902 63332
42002 38432
42102 1789
42202 62710
42302 25727
42402 30059
42502 11680
42602 12011
42702 27853
42802 58393
42902 45090
43002 62813
43102 63681
43202 55642
43302 61758
43402 34317
43502 42844
43602 2060
43702 55094
43802 58412
43902 47441
44002 42390
44102 55687
44202 48053
44302 62010
44402 40837
44502 20577
44602 3917
44702 34992
44802 20324
44902 57182
45002 27540
45102 24907
45202 26832
45302 40665
45402 7427
45502 29291
45602 40784
45702 24466
45802 49278
45902 14833
46002 56933
46102 63712
46202 3369
46302 20379
46402 38242
46502 14012
46602 1763
46702 62309
46802 48647
46902 15019
47002 58697
47102 35022
47202 30925
47302 60119
47402 52513
47502 57303
47602 16279
47702 8388
47802 58157
47902 51624
48002 30911
48102 18566
48202 11031
48302 51119
48402 39709
48502 31296
48602 42473
48702 45980
48802 54265
48902 36210
49002 53294
49102 50883
49202 11814
49302 65411
49402 43572
49502 5126
49602 12680
49702 11353
49802 41670
49902 63923
50002 15280
50102 62520
50202 64759
50302 10048
50402 18812
50502 13134
50602 2265
50702 5457
50802 16380
50902 17809
51002 14854
51102 2216
51202 51976
51302 12566
51402 49518
51502 21699
51602 24924
51702 9832
51802 3658
51902 11310
52002 62322
52102 4163
52202 41434
52302 29172
52402 21064
52502 1046
52602 18193
52702 54990
52802 44779
52902 47358
53002 4951
53102 29331
53202 6903
53302 22141
53402 56002
53502 53913
53602 41606
53702 51083
53802 12675
53902 58776
54002 5876
54102 52353
54202 52120
54302 17394
54402 49233
54502 31437
54602 12976
54702 25165
54802 51725
54902 2069
55002 61762
55102 29788
55202 56076
55302 52629
55402 39431
55502 4357
55602 33987
55702 46810
55802 14486
55902 58425
56002 1258
56102 40138
56202 25146
56302 31963
56402 58804
56502 46399
56602 59446
56702 51939
56802 50976
56902 42242
57002 596
57102 61256
57202 4471
57302 24436
57402 24448
57502 48322
57602 58128
57702 17495
57802 19050
57902 1258
58002 32132
58102 12246
58202 8345
58302 63667
58402 15727
58502 55981
58602 33746
58702 31494
58802 25651
58902 28193
59002 45643
59102 53824
59202 39087
59302 39164
59402 64714
59502 19862
59602 40183
59702 41325
59802 54765
59902 6367
60002 43303
60102 51345
60202 52954
60302 43008
60402 3341
60502 16584
60602 26019
60702 355
60802 37053
60902 22979
61002 33322
61102 62512
61202 32287
61302 58880
61402 14713
61502 16642
61602 2636
61702 34059
61802 51153
61902 19551
62002 58888
62102 48010
62202 64900
62302 37354
62402 21220
62502 40988
62602 51488
62702 7457
62802 42638
62902 6095
63002 21997
63102 13202
63202 39333
63302 24617
63402 61286
63502 16077
63602 4393
63702 59905
63802 16503
63902 4233
64002 43092
64102 2018
64202 45860
64302 25800
64402 20474
64502 17495
64602 8747
64702 42916
64802 14483
64902 45199
65002 8186
65102 3159
65202 26045
65302 11852
65402 44472
65502 22881
65602 16950
65702 60706
65802 60242
65902 51588
66002 52068
66102 61125
66202 57822
66302 48042
66402 48940
66502 35482
66602 44810
66702 60583
66802 52123
66902 25422
67002 53723
67102 48725
67202 33142
67302 27393
67402 24883
67502 1385
67602 31692
67702 24388
67802 29873
67902 3932
68002 38157
68102 64917
68202 8760
68302 33735
68402 55140
68502 23401
68602 65433
68702 65530
68802 62639
68902 58539
69002 14973
69102 11250
69202 4845
69302 33546
69402 15602
69502 29550
69602 3059
69702 40171
69802 8867
69902 22734
70002 14022
70102 22173
70202 45893
70302 8953
70402 32171
70502 24982
70602 57220
70702 48780
70802 36008
70902 30288
71002 25270
71102 1421
71202 23081
71302 36550
71402 36672
71502 21268
71602 24718
71702 30123
71802 37687
71902 43464
72002 7260
72102 6238
72202 8675
72302 28832
72402 33395
72502 1249
72602 45690
72702 57861
72802 1179
72902 32309
73002 7065
73102 5384
73202 9937
73302 32741
73402 44765
73502 8829
73602 15526
73702 48876
73802 8257
73902 55946
74002 65265
74102 42322
74202 51619
74302 20995
74402 25868
74502 44064
74602 30476
74702 22489
74802 23910
74902 63402
75002 2098
75102 25006
75202 49911
75302 38897
75402 42321
75502 64007
75602 24601
75702 12850
75802 2059
75902 54541
76002 24322
76102 15339
76202 28258
76302 63170
76402 26350
76502 16087
76602 44800
76702 29490
76802 39091
76902 45122
77002 20502
77102 14113
77202 5205
77302 7143
77402 3300
77502 10741
77602 45222
77702 19656
77802 6106
77902 31416
78002 14870
78102 48124
78202 19295
78302 45118
78402 55202
78502 23160
78602 32652
78702 28955
78802 41687
78902 40983
79002 20339
79102 43189
79202 60785
79302 4422
79402 19578
79502 35951
79602 42070
79702 36652
79802 2316
79902 26413
80002 37185
80102 18239
80202 30997
80302 21788
80402 57777
80502 27140
80602 48016
80702 18718
80802 7655
80902 51331
81002 37007
81102 51413
81202 32770
81302 57591
81402 20741
81502 63388
81602 60696
81702 23041
81802 58226
81902 16486
82002 775
82102 3627
82202 46408
82302 15937
82402 6464
82502 55016
82602 20083
82702 33244
82802 52856
82902 50222
83002 29187
83102 17315
83202 48766
83302 27975
83402 55945
83502 7084
83602 60744
83702 34230
83802 17446
83902 39442
84002 19571
84102 27179
84202 28474
84302 29777
84402 35487
84502 47646
84602 21684
84702 45287
84802 52387
84902 14724
85002 2897
85102 59648
85202 37397
85302 20671
85402 50190
85502 48188
85602 35583
85702 52547
85802 51955
85902 39828
86002 57255
86102 64433
86202 52423
86302 29108
86402 15546
86502 15078
86602 59243
86702 2893
86802 33672
86902 43940
87002 27337
87102 53483
87202 57653
87302 8880
87402 57514
87502 53590
87602 29471
87702 22797
87802 49572
87902 45592
88002 53348
88102 36045
88202 43644
88302 59023
88402 64394
88502 24884
88602 46686
88702 6165
88802 14533
88902 31939
89002 13059
89102 39861
89202 31462
89302 53166
89402 22193
89502 20184
89602 62864
89702 15388
89802 26671
89902 23139
90002 60787
90102 3044
