102 26495
202 7660
302 24896
402 53269
502 20674
602 47040
702 57549
802 29591
902 41577
1002 44334
1102 48775
1202 24696
1302 49738
1402 27382
1502 33953
1602 33723
1702 5339
1802 53515
1902 43783
2002 15522
2102 13651
2202 28374
2302 37016
2402 41304
2502 35693
2602 27924
2702 56329
2802 17619
2902 499
3002 45185
3102 17650
3202 32724
3302 19668
3402 20205
3502 49292
3602 24649
3702 44909
3802 5678
3902 39945
4002 11684
4102 39483
4202 8280
4302 12037
4402 29688
4502 19014
4602 5409
4702 56918
4802 60912
4902 3904
5002 64254
5102 19363
5202 62443
5302 57953
5402 40070
5502 32955
5602 61039
5702 64861
5802 47157
5902 37195
6002 65074
6102 52022
6202 19128
6302 45761
6402 60997
6502 2332
6602 15926
6702 46816
6802 33815
6902 32644
7002 13534
7102 60611
7202 20398
7302 4056
7402 21667
7502 25613
7602 15347
7702 24609
7802 7198
7902 46931
8002 56732
8102 63130
8202 55497
8302 47448
8402 57552
8502 25972
8602 28287
8702 64808
8802 24988
8902 13712
9002 54857
9102 45657
9202 40521
9302 48724
9402 18712
9502 13500
9602 23138
9702 52175
9802 9086
9902 42076
10002 49733
10102 6548
10202 41617
10302 20564
10402 44356
10502 12977
10602 45554
10702 55778
10802 62032
10902 53987
11002 48661
11102 1513
11202 42222
11302 40734
11402 32956
11502 44990
11602 35933
11702 57604
11802 54144
11902 14336
12002 3527
12102 291
12202 3567
12302 47477
12402 18354
12502 58798
12602 25030
12702 47935
12802 1824
12902 64960
13002 17320
13102 29197
13202 10198
13302 52131
13402 21173
13502 11134
13602 16985
13702 33711
13802 59506
13902 46356
14002 44212
14102 42527
14202 15180
14302 51241
14402 5367
14502 33965
14602 31672
14702 55848
14802 5601
14902 64585
15002 4706
15102 43149
15202 13354
15302 6598
15402 54193
15502 50702
15602 34594
15702 12717
15802 52729
15902 2211
16002 54965
16102 12082
16202 39283
16302 51729
16402 49509
16502 32838
16602 37779
16702 42040
16802 34755
16902 64270
17002 45443
17102 51416
17202 1672
17302 9281
17402 46095
17502 40480
17602 3092
17702 13807
17802 16436
17902 5596
18002 46767
18102 52032
18202 28730
18302 57145
18402 64023
18502 24952
18602 36921
18702 62990
18802 50372
18902 11283
19002 11712
19102 40114
19202 16341
19302 29808
19402 37310
19502 56753
19602 7060
19702 19113
19802 5091
19902 7118
20002 6063
20102 47614
20202 4168
20302 46501
20402 56621
20502 10332
20602 14067
20702 45233
20802 26836
20902 52278
21002 44028
21102 32714
21202 43999
21302 22165
21402 1732
21502 65493
21602 58786
21702 63338
21802 40486
21902 11101
22002 26142
22102 28622
22202 52176
22302 65110
22402 47846
22502 6279
22602 49749
22702 13695
22802 21986
22902 21741
23002 31626
23102 52405
23202 60783
23302 3619
23402 41167
23502 60668
23602 4733
23702 23700
23802 38748
23902 344
24002 48270
24102 34672
24202 49342
24302 27140
24402 25040
24502 37086
24602 58981
24702 43154
24802 856
24902 55189
25002 24859
25102 30343
25202 40953
25302 26101
25402 30188
25502 2973
25602 19651
25702 11557
25802 48032
25902 51620
26002 50941
26102 39148
26202 38302
26302 29053
26402 36981
26502 59430
26602 44872
26702 43530
26802 43384
26902 13528
27002 44750
27102 23929
27202 35876
27302 55938
27402 50968
27502 32889
27602 49025
27702 10397
27802 7043
27902 13774
28002 62787
28102 45741
28202 32062
28302 7624
28402 3857
28502 63171
28602 15885
28702 50939
28802 24054
28902 33971
29002 63477
29102 35280
29202 61636
29302 39984
29402 353
29502 2412
29602 39538
29702 41699
29802 27828
29902 17691
30002 12552
30102 20293
30202 25813
30302 4844
30402 58815
30502 14935
30602 1033
30702 39870
30802 11767
30902 16933
31002 23682
31102 8543
31202 50652
31302 60615
31402 1315
31502 63832
31602 15322
31702 6911
31802 61531
31902 15381
32002 61687
32102 5014
32202 2221
32302 55706
32402 21075
32502 27171
32602 55784
32702 64006
32802 28530
32902 29634
33002 1159
33102 27015
33202 7037
33302 17410
33402 1119
33502 3943
33602 25306
33702 11001
33802 44697
33902 49458
34002 12434
34102 19225
34202 57887
34302 56452
34402 44322
34502 61099
34602 58574
34702 30309
34802 59847
34902 30027
35002 23212
35102 28998
35202 48858
35302 31484
35402 59892
35502 59908
35602 15005
35702 56263
35802 32463
35902 47552
36002 8625
36102 31644
36202 14789
36302 25163
36402 21686
36502 38135
36602 20078
36702 32906
36802 44748
36902 47417
37002 11556
37102 781
37202 33939
37302 39807
37402 26416
37502 11302
37602 47967
37702 14775
37802 52147
37902 54299
38002 36224
38102 21200
38202 1934
38302 719
38402 47052
38502 31238
38602 30487
38702 33204
