102 48077
202 52749
302 20543
402 38585
502 60589
602 37352
702 18788
802 17503
902 17959
1002 41769
1102 23260
1202 62122
1302 3248
1402 28648
1502 61667
1602 6008
1702 8717
1802 57993
1902 14846
2002 12731
2102 19268
2202 10449
2302 24905
2402 57886
2502 58340
2602 65424
2702 25928
2802 29902
2902 12241
3002 25942
3102 34431
3202 39728
3302 23210
3402 9147
3502 48102
3602 63165
3702 58280
3802 14714
3902 17938
4002 64066
4102 20220
4202 45223
4302 31039
4402 28718
4502 64840
4602 13308
4702 45910
4802 35693
4902 33974
5002 25383
5102 6779
5202 25987
5302 29942
5402 51707
5502 64306
5602 59112
5702 16350
5802 45182
5902 19246
6002 54776
6102 27893
6202 44152
6302 50820
6402 15602
6502 27974
6602 34351
6702 6834
6802 64485
6902 4902
7002 63567
7102 20927
7202 7437
7302 34951
7402 22905
7502 61550
7602 29244
7702 63004
7802 25475
7902 1533
8002 55262
8102 30468
8202 5011
8302 56083
8402 47183
8502 33198
8602 29329
8702 35635
8802 55948
8902 37779
9002 22931
9102 1999
9202 36570
9302 29793
9402 2267
9502 6173
9602 50055
9702 46791
9802 37005
9902 53922
10002 45753
10102 40628
10202 16883
10302 10946
10402 19853
10502 30629
10602 34750
10702 30191
10802 12290
10902 19129
11002 38282
11102 34432
11202 23834
11302 11904
11402 4526
11502 60791
11602 3907
11702 10610
11802 5200
11902 13829
12002 31909
12102 52930
12202 19426
12302 57461
12402 52177
12502 19784
12602 1861
12702 1443
12802 25257
12902 62409
13002 19690
13102 62463
13202 65208
13302 30550
13402 36118
13502 30476
13602 590
13702 13294
13802 42994
13902 32662
14002 12733
14102 45088
14202 14827
14302 30423
14402 21634
14502 18346
14602 62293
14702 39080
14802 27691
14902 31722
15002 49869
15102 14606
15202 58016
15302 20690
15402 55815
15502 30640
15602 14793
15702 45265
15802 10828
15902 34128
16002 41363
16102 51813
16202 51969
16302 48591
16402 32991
16502 46002
16602 55656
16702 40252
16802 48726
16902 32257
17002 57673
17102 12891
17202 40513
17302 13007
17402 22684
17502 14851
17602 52015
17702 36574
17802 27856
17902 38340
18002 45355
18102 6420
18202 21810
18302 53470
18402 39403
18502 50978
18602 45761
18702 26124
18802 25316
18902 6231
19002 55555
19102 31593
19202 54925
19302 56626
19402 19377
19502 31202
19602 6748
19702 49770
19802 648
19902 33427
20002 34631
20102 21755
20202 52098
20302 23879
20402 49966
20502 37790
20602 21568
20702 16329
20802 22541
20902 19914
21002 64636
21102 64670
21202 51396
21302 35977
21402 471
21502 8486
21602 8217
21702 6346
21802 30417
21902 2567
22002 14138
22102 7401
22202 47307
22302 49129
22402 22686
22502 17529
22602 55052
22702 43790
22802 63488
22902 19273
23002 17965
23102 35856
23202 51069
23302 16544
23402 56468
23502 39388
23602 33818
23702 4408
23802 22817
23902 44673
24002 59315
24102 28027
24202 5938
24302 4926
24402 13930
24502 2271
24602 13885
24702 9302
24802 39164
24902 22870
25002 49838
25102 61826
25202 38153
25302 3354
25402 27733
25502 44180
25602 38423
25702 48365
25802 6013
25902 53978
26002 23715
26102 1873
26202 19397
26302 26029
26402 9379
26502 25294
26602 37297
26702 18315
26802 22028
26902 29980
27002 55900
27102 55405
27202 39799
27302 45565
27402 50591
27502 6535
27602 14606
27702 21749
27802 61234
27902 16465
28002 14256
28102 11848
28202 3616
28302 52658
28402 40020
28502 40566
28602 6697
28702 23630
28802 51339
28902 52178
29002 24728
29102 9474
29202 34171
29302 2108
29402 7957
29502 58377
29602 56669
29702 12652
29802 11601
29902 46639
30002 46633
30102 40109
30202 39804
30302 17771
30402 32868
30502 63100
30602 486
30702 57068
30802 61336
30902 12028
31002 50668
31102 39921
31202 2667
31302 27049
31402 14347
31502 50083
31602 53860
31702 60936
31802 55874
31902 42597
32002 12845
32102 27979
32202 3723
32302 10416
32402 46546
32502 35591
32602 44874
32702 1500
32802 60113
32902 12864
33002 54265
33102 46896
33202 65323
33302 14719
33402 8986
33502 9648
33602 43588
33702 5659
33802 38220
33902 19501
34002 33451
34102 6347
34202 9171
34302 54695
34402 35734
34502 28986
34602 36829
34702 26005
34802 60956
34902 57982
35002 53055
35102 22384
35202 18711
35302 1709
35402 63422
35502 60767
35602 35994
35702 4812
35802 29160
35902 44663
36002 56381
36102 24283
36202 444
36302 19014
36402 5091
36502 6206
36602 17749
36702 13572
36802 53141
36902 56485
37002 8391
37102 16839
37202 26328
37302 55765
37402 21397
37502 14908
37602 24412
37702 38202
37802 53441
37902 16136
38002 49221
38102 3188
38202 52099
38302 48264
38402 63686
38502 61089
38602 19534
38702 17214
38802 30322
38902 3517
39002 31168
39102 31431
39202 30176
39302 50636
39402 39223
39502 6594
39602 26063
39702 10368
39802 51399
39902 34549
40002 36921
40102 72
40202 4829
40302 60222
40402 18894
40502 22911
40602 7924
40702 53330
40802 31765
40902 24447
41002 52719
41102 354
41202 42675
41302 15017
41402 55683
41502 17046
41602 47525
41702 53548
41802 27951
41902 60598
42002 49735
42102 25774
42202 355
42302 13459
42402 62715
42502 41119
42602 9020
42702 22828
42802 17000
42902 56961
43002 5870
43102 50789
43202 61885
43302 12750
43402 23107
43502 10917
43602 43036
43702 15167
43802 27220
43902 56132
44002 28047
44102 60884
44202 23708
44302 5488
44402 23575
44502 31942
44602 44719
44702 13996
44802 25880
44902 33970
45002 9639
45102 57993
45202 5661
45302 22009
45402 38755
45502 61637
45602 49238
45702 7145
45802 39763
45902 55008
46002 10856
46102 45501
46202 48973
46302 57818
46402 58140
46502 17161
46602 34551
46702 25186
46802 16555
46902 53293
47002 43270
47102 10930
47202 31625
47302 6712
47402 58249
47502 25658
47602 29291
47702 9702
47802 6436
47902 8160
48002 28613
48102 40708
48202 30574
48302 22657
48402 3159
48502 5775
48602 19607
48702 41258
48802 28323
48902 62513
49002 29241
49102 58860
49202 60529
49302 45269
49402 31902
49502 10857
49602 22877
49702 28249
49802 30324
49902 62708
50002 988
50102 1865
50202 36586
50302 6828
50402 51065
50502 41920
50602 28839
50702 18810
50802 11336
50902 36695
51002 17074
51102 18735
51202 56658
51302 59537
51402 54783
51502 10165
51602 26465
51702 40218
51802 2365
51902 60713
52002 19196
52102 11928
52202 31319
52302 64987
52402 24038
52502 13818
52602 16368
52702 54707
52802 58564
52902 17297
53002 20116
53102 62373
53202 62077
53302 34814
53402 60190
53502 16641
53602 1452
53702 23343
53802 4325
53902 5106
54002 38151
54102 22261
54202 7626
54302 51199
54402 36455
54502 15215
54602 19808
54702 160
54802 41706
54902 30383
55002 50811
55102 37845
55202 26222
55302 27715
55402 65305
55502 11937
55602 53319
55702 56787
55802 14645
55902 31840
56002 28028
56102 12434
56202 2866
56302 22054
56402 44609
56502 36052
56602 24821
56702 58011
56802 35069
56902 23815
57002 33552
57102 56572
57202 48371
57302 31461
57402 57911
57502 59996
57602 19546
57702 46734
57802 33490
57902 61117
58002 42819
58102 42291
58202 51417
58302 35276
58402 33886
58502 38080
58602 28556
58702 841
58802 50244
58902 58629
59002 58534
59102 2941
59202 63874
59302 39289
59402 32830
59502 9701
59602 9649
59702 23041
59802 23967
59902 65502
60002 1481
60102 62159
60202 26122
60302 47979
60402 36172
60502 29444
60602 738
60702 1042
60802 7506
60902 3918
61002 22091
61102 48694
61202 9164
61302 36874
61402 18915
61502 6927
61602 25137
61702 11824
61802 35217
61902 8482
62002 11089
62102 20547
62202 30411
62302 37812
62402 4952
62502 31282
62602 61765
62702 33600
62802 26451
62902 16744
63002 59146
63102 43333
63202 1747
63302 41626
63402 1201
63502 2187
63602 25515
63702 44830
63802 64311
63902 14927
64002 31169
64102 10355
64202 47945
64302 18208
64402 1641
64502 23873
64602 13329
64702 13407
64802 2467
64902 45813
65002 10021
65102 52850
65202 15220
65302 49519
65402 63929
65502 55675
65602 31488
65702 4123
65802 23829
65902 65496
66002 48062
66102 30475
66202 14147
66302 38609
66402 30217
66502 26777
66602 13034
66702 42824
66802 53240
66902 22220
67002 24644
67102 37700
67202 61370
67302 32536
67402 4204
67502 37803
67602 10187
67702 61813
67802 31566
67902 11047
68002 8342
68102 12364
68202 9138
68302 46626
68402 49076
68502 50576
68602 45678
68702 47316
68802 4581
68902 63587
69002 57932
69102 11396
69202 34507
69302 30816
69402 41100
69502 7867
69602 42683
69702 35183
69802 25447
69902 54716
70002 15846
70102 18186
70202 23576
70302 58982
70402 45433
70502 47825
70602 2330
70702 27700
70802 60689
70902 21712
71002 14293
71102 52720
71202 55034
71302 4011
71402 33308
71502 62143
71602 17587
71702 14871
71802 44278
71902 32458
72002 41248
72102 38378
72202 64725
72302 25749
72402 2453
72502 6160
72602 14039
72702 51916
72802 35269
72902 14367
73002 46729
73102 64438
73202 55576
73302 55215
73402 63930
73502 47543
73602 28549
73702 48300
73802 52805
73902 18953
74002 7020
74102 7916
74202 14685
74302 5270
74402 26375
74502 56947
74602 33436
74702 54372
74802 101
74902 42417
75002 58381
75102 64689
75202 53821
75302 15648
75402 59694
75502 27090
75602 13986
75702 1703
75802 26330
75902 33488
76002 24225
76102 14715
76202 49073
76302 53279
76402 32272
76502 46820
76602 26101
76702 33140
76802 46668
76902 20409
77002 43379
77102 59465
77202 52417
77302 1049
77402 2588
77502 6593
77602 61898
77702 64745
77802 48135
77902 15127
78002 14155
78102 43560
78202 51148
78302 48351
78402 53884
78502 24931
78602 11663
78702 41334
78802 10424
78902 15948
79002 19088
79102 22105
79202 2795
79302 3395
79402 49781
79502 28717
79602 16636
79702 34518
79802 55391
79902 1876
80002 34211
80102 17578
80202 33840
80302 10277
80402 17074
80502 55581
80602 47332
80702 14523
80802 52208
80902 35736
81002 5818
81102 33895
81202 14648
81302 29656
81402 47179
81502 52941
81602 12009
81702 2594
81802 56553
81902 26796
82002 12450
82102 38018
82202 17479
82302 32661
82402 33554
82502 12958
82602 50726
82702 55585
82802 60193
82902 27717
83002 7178
83102 45928
83202 17995
83302 48568
83402 30472
83502 33941
83602 11434
83702 41954
83802 18598
83902 4030
84002 64977
84102 24645
84202 54900
84302 34275
84402 34809
84502 507
84602 50607
84702 55114
84802 46324
84902 35156
85002 41910
85102 44868
85202 78
85302 33638
85402 34793
85502 52253
85602 41923
85702 8610
85802 65448
85902 29543
86002 13906
86102 31230
86202 16477
86302 61923
86402 3078
86502 26140
86602 23417
86702 26636
86802 13372
86902 55079
87002 44545
87102 25843
87202 37764
87302 9534
87402 51243
87502 16980
87602 59539
87702 30940
87802 60873
87902 1280
88002 51010
88102 3482
88202 21153
88302 26484
88402 41177
88502 49959
88602 33774
88702 32977
88802 1817
88902 28256
89002 16443
89102 37530
89202 55103
89302 64486
89402 42215
89502 63826
89602 57839
89702 15729
89802 54436
89902 23583
90002 64954
90102 35526
