102 34666
202 5293
302 42379
402 34447
502 57147
602 45903
702 4186
802 33987
902 64877
1002 51880
1102 63393
1202 57375
1302 48978
1402 62219
1502 55726
1602 8269
1702 2293
1802 25413
1902 31666
2002 11873
2102 25081
2202 19252
2302 20686
2402 26102
2502 19613
2602 30839
2702 2
2802 15415
2902 58785
3002 20729
3102 50255
3202 25022
3302 39107
3402 46090
3502 65051
3602 57437
3702 35365
3802 7745
3902 59363
4002 6021
4102 57343
4202 50595
4302 45486
4402 28719
4502 50768
4602 16753
4702 42155
4802 4708
4902 14965
5002 34883
5102 436
5202 17018
5302 46991
5402 38379
5502 35663
5602 41691
5702 59672
5802 13602
5902 6705
6002 20756
6102 31598
6202 41118
6302 27828
6402 30686
6502 7209
6602 3311
6702 53691
6802 12746
6902 10617
7002 767
7102 54720
7202 39203
7302 47339
7402 2827
7502 7014
7602 6364
7702 25550
7802 22047
7902 46437
8002 46542
8102 34513
8202 41179
8302 10592
8402 21659
8502 55879
8602 29571
8702 15235
8802 35714
8902 61281
9002 6370
9102 57311
9202 22525
9302 34534
9402 62840
9502 32028
9602 39576
9702 8525
9802 20922
9902 54287
10002 55773
10102 49913
10202 21773
10302 51341
10402 7774
10502 62657
10602 5307
10702 6965
10802 24276
10902 21767
11002 11680
11102 48622
11202 26999
11302 7522
11402 284
11502 1151
11602 38616
11702 24472
11802 26991
11902 59014
12002 10788
12102 8506
12202 15252
12302 50381
12402 36907
12502 43542
12602 11490
12702 53871
12802 58153
12902 36150
13002 54611
13102 32075
13202 581
13302 19962
13402 8096
13502 5446
13602 61112
13702 6780
13802 27644
13902 12512
14002 32413
14102 27149
14202 10158
14302 1259
14402 54984
14502 2237
14602 45099
14702 42073
14802 5862
14902 52097
15002 32515
15102 21683
15202 8720
15302 11951
15402 1489
15502 12655
15602 4011
15702 7627
15802 62839
15902 219
16002 48276
16102 46647
16202 35332
16302 58683
16402 17476
16502 47542
16602 61431
16702 51073
16802 65083
16902 16392
17002 54627
17102 43895
17202 2948
17302 64102
17402 59798
17502 41053
17602 64136
17702 4759
17802 19480
17902 28056
18002 55532
18102 2445
18202 3960
18302 18134
18402 17119
18502 7549
18602 59961
18702 60004
18802 19632
18902 63236
19002 30999
19102 28294
19202 44796
19302 50796
19402 18483
19502 46077
19602 42764
19702 648
19802 61924
19902 39983
20002 26590
20102 8210
20202 43698
20302 52447
20402 32414
20502 53362
20602 29087
20702 23219
20802 30849
20902 23207
21002 3274
21102 60663
21202 21594
21302 11196
21402 26285
21502 52649
21602 55422
21702 57776
21802 61438
21902 17700
22002 29895
22102 47930
22202 11232
22302 21884
22402 597
22502 37663
22602 19084
22702 45810
22802 17085
22902 1545
23002 59201
23102 61163
23202 38578
23302 17270
23402 54522
23502 53849
23602 12101
23702 40568
23802 46064
23902 34858
24002 40960
24102 53361
24202 24384
24302 26246
24402 49449
24502 52844
24602 17923
24702 14904
24802 12117
24902 7408
25002 19837
25102 64320
25202 47741
25302 24594
25402 3830
25502 38306
25602 9732
25702 56963
25802 54094
25902 28420
26002 40205
26102 52391
26202 63556
26302 1450
26402 32451
26502 26986
26602 58197
26702 42021
26802 25774
26902 61774
27002 48421
27102 65367
27202 44718
27302 35660
27402 23613
27502 41004
27602 34091
27702 16136
27802 45974
27902 18908
28002 32441
28102 40013
28202 39348
28302 42925
28402 53481
28502 4415
28602 38318
28702 54489
28802 18197
28902 13346
29002 57399
29102 15002
29202 16289
29302 31413
29402 16780
29502 65477
29602 43498
29702 64375
29802 29997
29902 44911
30002 54652
30102 11554
30202 38768
30302 26820
30402 42751
30502 29535
30602 29184
30702 61497
30802 30613
30902 25348
31002 64176
31102 32341
31202 60651
31302 59117
31402 40759
31502 32293
31602 26674
31702 38424
31802 41100
31902 44118
32002 53566
32102 55750
32202 53205
32302 46040
32402 7696
32502 14366
32602 53288
32702 44234
32802 42395
32902 1555
33002 44753
