102 40402
202 15219
302 36520
402 23125
502 17677
602 55865
702 24756
802 59074
902 62184
1002 12073
1102 8742
1202 11790
1302 53906
1402 54149
1502 42773
1602 63206
1702 385
1802 21756
1902 57268
2002 63410
2102 54932
2202 20362
2302 35479
2402 65273
2502 30775
2602 54357
2702 43931
2802 45989
2902 38379
3002 27660
3102 48016
3202 19328
3302 55942
3402 48529
3502 7979
3602 37318
3702 57477
3802 34899
3902 57190
4002 27967
4102 32899
4202 12273
4302 34320
4402 8862
4502 1053
4602 22344
4702 29474
4802 45200
4902 9252
5002 38936
5102 52552
5202 25297
5302 7601
5402 3747
5502 24094
5602 706
5702 57411
5802 39902
5902 38904
6002 52243
6102 43349
6202 43627
6302 39562
6402 55550
6502 61128
6602 27503
6702 37749
6802 44177
6902 55085
7002 56414
7102 2943
7202 13203
7302 11573
7402 24087
7502 4041
7602 22426
7702 18658
7802 34108
7902 45321
8002 587
8102 34880
8202 22778
8302 28091
8402 17829
8502 24086
8602 13602
8702 55924
8802 59929
8902 18180
9002 27140
9102 33698
9202 25720
9302 21395
9402 46152
9502 29371
9602 26511
9702 39346
9802 36245
9902 56651
10002 42852
10102 45309
10202 1388
10302 35104
10402 33952
10502 13797
10602 32274
10702 18423
10802 62104
10902 43250
11002 22659
11102 63632
11202 30331
11302 63445
11402 29454
11502 33141
11602 2683
11702 33250
11802 19405
11902 63579
12002 8529
12102 26249
12202 13880
12302 63152
12402 33408
12502 56239
12602 38957
12702 4981
12802 36108
12902 1223
13002 49351
13102 12556
13202 36128
13302 4573
13402 29357
13502 19330
13602 25774
13702 3293
13802 31071
13902 53416
14002 52158
14102 17680
14202 31016
14302 56551
14402 35271
14502 37632
14602 61495
14702 38367
14802 37101
14902 39123
15002 44993
15102 41229
15202 5280
15302 31643
15402 59436
15502 8937
15602 56949
15702 19977
15802 17621
15902 30244
16002 36421
16102 18783
16202 637
16302 1596
16402 23279
16502 97
16602 22819
16702 49051
16802 41518
16902 53614
17002 57155
17102 58768
17202 27219
17302 32137
17402 31020
17502 55629
17602 16536
17702 12902
17802 26595
17902 43684
18002 32166
18102 63177
18202 26568
18302 24895
18402 4887
18502 22731
18602 34498
18702 22010
18802 191
18902 45084
19002 5105
19102 27659
19202 29616
19302 23676
19402 13644
19502 2218
19602 29849
19702 31845
19802 26226
19902 63599
20002 56354
20102 60547
20202 49149
20302 15360
20402 45720
20502 47728
20602 28011
20702 60393
20802 65509
20902 27173
21002 58307
21102 62232
21202 12806
21302 50652
21402 31756
21502 62725
21602 5122
21702 45600
21802 52522
21902 53734
22002 29721
22102 42986
22202 11223
22302 59330
22402 45076
22502 45176
22602 42737
22702 40339
22802 26186
22902 5606
23002 1195
23102 28092
23202 16993
23302 61039
23402 13887
23502 50567
23602 29160
23702 1993
23802 1328
23902 55786
24002 3271
24102 62888
24202 19925
24302 3146
24402 14925
24502 19163
24602 20269
24702 41056
24802 63989
24902 4560
25002 6937
25102 58958
25202 6677
25302 28214
25402 47189
25502 2983
25602 7304
25702 17681
25802 21500
25902 38175
26002 58376
26102 18459
26202 22324
26302 20949
26402 13859
26502 5092
26602 64978
26702 21311
26802 42749
26902 40895
27002 370
27102 35465
27202 19673
27302 45191
27402 15742
27502 34704
27602 58764
27702 14593
27802 61284
27902 12239
28002 35623
28102 34146
28202 38023
28302 17894
28402 582
28502 44978
28602 47299
28702 17816
28802 1344
28902 48344
29002 38566
29102 10483
29202 40082
29302 47364
29402 21653
29502 43361
29602 39088
29702 18806
29802 49795
29902 51038
30002 34744
30102 52726
30202 53530
30302 16368
30402 57633
30502 61166
30602 59108
30702 39208
30802 16472
30902 45770
31002 2971
31102 59495
31202 35826
31302 25788
31402 13445
31502 55647
31602 22985
31702 63855
31802 3519
31902 42222
32002 43307
32102 10721
32202 58392
32302 35949
32402 6268
32502 62448
32602 51897
32702 58146
32802 8180
32902 17001
33002 9175
33102 27029
33202 17501
33302 13498
33402 17485
33502 60636
33602 5707
33702 50185
33802 22595
33902 8658
34002 5805
34102 23741
34202 45511
34302 45601
34402 44833
34502 2742
34602 8989
34702 3268
34802 29976
34902 26619
35002 12888
35102 14118
35202 44206
35302 49456
35402 26107
35502 4684
35602 25683
35702 26454
35802 14274
35902 10728
36002 21938
36102 53847
36202 31893
36302 50748
36402 65320
36502 46303
36602 39707
36702 42403
36802 10676
36902 30497
37002 27100
37102 2013
37202 39502
37302 7948
37402 43651
37502 45871
37602 42279
37702 15164
37802 35855
37902 26911
38002 5038
38102 18552
38202 32895
38302 22041
38402 35356
38502 11898
38602 30839
38702 35946
38802 2182
38902 13525
39002 35753
39102 16151
39202 49166
39302 50760
39402 32726
39502 38941
39602 62602
39702 7197
39802 40834
39902 57172
40002 60216
40102 20351
40202 5189
40302 51250
40402 27374
40502 5038
40602 61108
40702 7042
40802 36517
40902 59086
41002 55281
41102 30234
41202 48752
41302 29271
41402 60044
41502 34269
41602 33020
41702 43118
41802 48539
41902 65477
42002 49381
42102 12208
42202 46674
42302 41439
42402 53810
42502 20734
42602 40700
42702 6435
42802 9639
42902 375
43002 35017
43102 29085
43202 48812
43302 52787
43402 48261
43502 47405
43602 18654
43702 19083
43802 48538
43902 23630
44002 60002
44102 55719
44202 57425
44302 6645
44402 40821
44502 50504
44602 59578
44702 59431
44802 24742
44902 62670
45002 585
45102 29439
45202 12708
45302 18209
45402 3239
45502 29400
45602 65220
45702 9709
45802 30799
45902 56214
46002 63918
46102 1591
46202 61321
46302 62184
46402 53781
46502 48318
46602 38471
46702 39402
46802 7669
46902 19113
47002 59548
47102 47814
47202 30125
47302 30299
47402 63177
47502 12729
47602 50964
47702 7606
47802 12171
47902 64054
48002 37747
48102 58442
48202 55686
48302 30197
48402 27279
48502 34172
48602 18030
48702 30339
48802 57956
48902 12927
49002 25076
49102 49464
49202 6892
49302 60225
49402 25427
49502 4701
49602 52000
49702 50435
49802 40787
49902 14106
50002 48540
50102 17268
50202 7882
50302 4933
50402 37495
50502 31943
50602 18643
50702 52284
50802 46700
50902 24133
51002 15612
51102 20834
51202 48258
51302 28302
51402 58565
51502 36427
51602 62658
51702 54589
51802 22375
51902 47858
52002 6202
52102 40830
52202 60
52302 20531
52402 56153
52502 15286
52602 11560
52702 48305
52802 24788
52902 49179
53002 30116
53102 33632
53202 10559
53302 51327
53402 12501
53502 42982
53602 18376
53702 28801
53802 20063
53902 13056
54002 15919
54102 10838
54202 44846
54302 57186
54402 23478
54502 14353
54602 3169
54702 55766
54802 56307
54902 2645
55002 28319
55102 37411
55202 21629
55302 61394
55402 20257
55502 3266
55602 41282
55702 23261
55802 6102
55902 62871
56002 27334
56102 54428
56202 698
56302 39168
56402 13366
56502 50474
56602 53114
56702 59589
56802 10973
56902 1216
57002 3610
57102 39144
57202 7119
57302 50817
57402 56515
57502 45486
57602 39368
57702 52792
57802 2443
57902 3323
58002 6533
58102 15747
58202 36339
58302 17168
58402 2929
58502 27808
58602 7841
58702 34931
58802 63786
58902 53696
59002 41511
59102 30000
59202 56982
59302 31885
59402 22302
59502 55737
59602 60188
59702 36669
59802 43313
59902 28506
60002 7229
60102 35637
60202 28987
60302 20220
60402 39582
60502 18825
60602 6069
60702 13133
60802 2433
60902 1041
61002 40346
61102 30322
61202 20154
61302 34336
61402 36346
61502 42486
61602 25997
61702 29831
61802 48546
61902 9724
62002 51616
62102 45635
62202 37164
62302 51890
62402 30647
62502 33168
62602 20088
62702 12678
62802 61082
62902 36946
63002 50041
63102 52464
63202 15782
63302 64833
63402 18296
63502 63630
63602 55791
63702 50879
63802 53335
63902 36199
64002 18961
64102 16172
64202 20441
64302 985
64402 45991
64502 35562
64602 5754
64702 5075
64802 18496
64902 2954
65002 42357
65102 40432
65202 59011
65302 21984
65402 50659
65502 23792
65602 48409
65702 6408
65802 24281
65902 57131
66002 46476
66102 30235
66202 8209
66302 51133
66402 4926
66502 44336
66602 28526
66702 19049
66802 22389
66902 42563
67002 7687
67102 12235
67202 26032
67302 37291
67402 11687
67502 56415
67602 60137
67702 26828
67802 12254
67902 44197
68002 27103
68102 8874
68202 63851
68302 19568
68402 26550
68502 39055
68602 26142
68702 60182
68802 28928
68902 20147
69002 38568
69102 49138
69202 1523
69302 36187
69402 8024
69502 35155
69602 58414
69702 8513
69802 16929
69902 61540
70002 6464
70102 23584
70202 8384
70302 24996
70402 35293
70502 23921
70602 59632
70702 23916
70802 305
70902 60088
71002 52385
71102 16444
71202 50420
71302 52474
71402 43935
71502 41781
71602 50350
71702 15863
71802 18141
71902 15675
72002 54431
72102 33875
72202 62574
72302 52963
72402 41415
72502 33072
72602 33025
72702 38040
72802 56283
72902 51480
73002 39516
73102 56934
73202 7544
73302 65077
73402 15450
73502 20109
73602 9603
73702 46728
73802 14823
73902 64700
74002 21643
74102 42808
74202 59068
74302 16974
74402 47715
74502 25033
74602 19913
74702 43229
74802 54040
74902 29975
75002 27907
75102 46814
75202 42748
75302 18246
75402 57620
75502 38179
75602 23814
75702 38433
75802 64388
75902 12134
76002 19991
76102 56678
76202 57099
76302 26240
76402 44372
76502 59456
76602 8837
76702 47813
76802 28898
76902 10348
77002 47899
77102 11427
77202 41596
77302 60606
77402 44626
77502 12390
77602 40225
77702 52971
77802 9065
77902 16441
78002 3008
78102 16998
78202 20946
78302 34245
78402 41567
78502 12060
78602 10393
78702 3041
78802 44509
78902 8547
79002 55059
79102 62142
79202 58486
79302 12456
79402 15712
79502 42417
79602 46728
79702 27175
79802 12390
79902 64579
80002 46295
80102 64572
80202 34052
80302 58258
80402 50221
80502 25105
80602 28523
80702 43390
80802 36298
80902 26328
81002 3012
81102 28802
81202 52931
81302 61156
81402 31456
81502 55895
81602 12072
81702 55334
81802 51008
81902 8157
82002 17446
82102 39681
82202 61084
82302 10150
82402 55960
82502 40819
82602 24688
82702 15513
82802 47793
82902 52722
83002 61997
83102 39687
83202 18013
83302 14839
83402 62438
83502 55125
83602 49462
83702 47115
83802 7332
83902 21138
84002 62279
84102 50217
84202 46567
84302 34310
84402 28469
84502 28301
84602 37210
84702 29204
84802 21393
84902 1935
85002 35664
85102 15513
85202 51422
85302 42406
85402 41819
85502 54378
85602 40674
85702 29721
85802 46341
85902 12122
86002 10510
86102 48843
86202 2235
86302 13686
86402 38703
86502 40659
86602 22900
86702 25602
86802 10842
86902 11062
87002 53837
87102 65001
87202 2128
87302 34944
87402 60735
87502 36818
87602 44306
87702 46087
87802 37165
87902 54342
88002 12500
88102 8312
88202 14707
88302 61753
88402 28252
88502 50913
88602 33733
88702 14710
88802 19081
88902 28735
89002 44504
89102 7214
89202 57903
89302 11836
89402 33043
89502 31975
89602 14470
89702 22388
89802 1742
89902 43042
90002 58322
90102 5111
90202 24074
90302 58322
