102 18877
202 62993
302 15890
402 17968
502 47613
602 17550
702 18729
802 49278
902 59478
1002 7511
1102 58418
1202 25030
1302 26437
1402 52452
1502 13345
1602 21807
1702 6180
1802 22220
1902 34794
2002 13901
2102 5074
2202 31964
2302 55790
2402 57895
2502 9801
2602 13154
2702 33802
2802 39013
2902 19314
3002 29311
3102 8286
3202 34663
3302 59593
3402 14578
3502 20811
3602 38694
3702 6975
3802 10950
3902 34445
4002 32821
4102 29712
4202 17912
4302 27514
4402 65206
4502 49850
4602 42974
4702 57975
4802 43055
4902 49458
5002 26438
5102 18654
5202 5050
5302 58975
5402 20159
5502 10541
5602 25521
5702 804
5802 37398
5902 37528
6002 37926
6102 7312
6202 63001
6302 18722
6402 45464
6502 26723
6602 32180
6702 14198
6802 47606
6902 21086
7002 34589
7102 651
7202 11026
7302 7498
7402 57471
7502 39558
7602 25210
7702 4278
7802 4952
7902 13658
8002 31662
8102 63330
8202 17299
8302 31682
8402 3355
8502 48467
8602 59290
8702 36312
8802 6144
8902 52469
9002 726
9102 34365
9202 56208
9302 47724
9402 9686
9502 14573
9602 5947
9702 25969
9802 27597
9902 57085
10002 34402
10102 3473
10202 9053
10302 18221
10402 60792
10502 44925
10602 34027
10702 60346
10802 35899
10902 59025
11002 26881
11102 30788
11202 13673
11302 9390
11402 49979
11502 55369
11602 22268
11702 12863
11802 15178
11902 30181
12002 29739
12102 37130
12202 14120
12302 35322
12402 29975
12502 61787
12602 65160
12702 52075
12802 24312
12902 57258
13002 58987
13102 59336
13202 37656
13302 21499
13402 16245
13502 20924
13602 7066
13702 27846
13802 34091
13902 36278
14002 62579
14102 33425
14202 12606
14302 8958
14402 12799
14502 49487
14602 62325
14702 60611
14802 5730
14902 54832
15002 3750
15102 29842
15202 53710
15302 238
15402 52579
15502 30251
15602 8855
15702 36771
15802 37415
15902 28267
16002 33858
16102 17917
16202 63627
16302 58207
16402 45472
16502 43535
16602 62390
16702 10640
16802 32608
16902 25838
17002 2753
17102 14854
17202 61182
17302 39345
17402 5017
17502 1259
17602 7375
17702 60724
17802 39021
17902 28608
18002 17132
18102 30643
18202 12198
18302 26659
18402 6589
18502 15977
18602 56058
18702 35422
18802 25127
18902 24080
19002 9202
19102 49982
19202 33824
19302 28967
19402 21693
19502 24218
19602 26156
19702 57868
19802 11703
19902 23012
20002 44595
20102 14961
20202 59408
20302 55150
20402 2160
20502 48938
20602 45318
20702 35720
20802 52114
20902 23843
21002 63570
21102 39436
21202 14851
21302 60950
21402 60852
21502 21353
21602 54427
21702 20587
21802 4723
21902 26334
22002 17726
22102 57141
22202 47560
22302 19517
22402 14957
22502 12629
22602 58414
22702 56812
22802 20652
22902 34175
23002 5848
23102 13098
23202 17979
23302 12942
23402 45024
23502 42649
23602 21299
23702 32846
23802 55056
23902 55724
24002 38395
24102 37648
24202 40527
24302 39973
24402 28644
24502 53622
24602 8373
24702 21138
24802 23433
24902 57037
25002 10607
25102 7102
25202 55063
25302 50171
25402 25017
25502 30714
25602 39577
25702 24884
25802 56687
25902 23592
26002 51499
26102 43913
26202 6697
26302 35447
26402 62200
26502 47683
26602 37498
26702 63636
26802 53833
26902 9260
27002 29877
27102 1117
27202 34852
27302 36631
27402 10717
27502 49680
27602 60191
27702 36793
27802 9032
27902 61786
28002 49088
28102 44839
28202 17812
28302 26935
28402 57522
28502 31897
28602 38591
28702 50147
28802 14031
28902 18562
29002 65072
29102 63840
29202 61481
29302 50308
29402 35336
29502 1436
29602 34894
29702 37281
29802 38397
29902 20679
30002 4723
30102 44299
30202 41970
30302 59693
30402 4642
30502 17875
30602 55554
30702 32437
30802 13683
30902 58642
31002 18463
31102 6021
31202 40195
31302 51492
31402 33877
31502 64035
31602 40293
31702 26986
31802 30663
31902 63668
32002 31768
32102 30531
32202 58277
32302 8628
32402 40659
32502 38473
32602 33805
32702 33950
32802 16507
32902 40637
33002 622
33102 15524
33202 44647
33302 16474
33402 11550
33502 35027
33602 6217
33702 26539
33802 64575
33902 12914
34002 51814
34102 38615
34202 52883
34302 25227
34402 43470
34502 40069
34602 51999
34702 53245
34802 56833
34902 18095
35002 10719
35102 25859
35202 23351
35302 57596
35402 53312
35502 24504
35602 60392
35702 64046
35802 23275
35902 30164
36002 27722
36102 50433
36202 16158
36302 27123
36402 1814
36502 30466
36602 36176
36702 60182
36802 7849
36902 32366
37002 38195
37102 29505
37202 19548
37302 59364
37402 34678
37502 33984
37602 8987
37702 35588
37802 11487
37902 18981
38002 6964
38102 65225
38202 780
38302 15048
38402 13896
38502 61595
38602 18870
38702 44912
38802 42084
38902 59718
39002 34986
39102 2105
39202 27000
39302 17772
39402 32346
39502 26448
39602 24749
39702 4393
39802 18138
39902 63046
40002 16447
40102 23247
40202 59772
40302 26068
40402 521
40502 48596
40602 65524
40702 26409
40802 59712
40902 52666
41002 19256
41102 50210
41202 22150
41302 42199
41402 16478
41502 19096
41602 28546
41702 50985
41802 43469
41902 57474
42002 41521
42102 39518
42202 55641
42302 349
42402 64148
42502 64721
42602 23832
42702 41127
42802 12049
42902 39259
43002 55725
43102 43892
43202 22021
43302 34856
43402 31796
43502 56447
43602 24772
43702 55994
43802 2226
43902 23224
44002 26086
44102 14074
44202 53476
44302 64849
44402 584
44502 9127
44602 52944
44702 39706
44802 40360
44902 6070
45002 40498
45102 46873
45202 10253
45302 17027
45402 44325
45502 40432
45602 52307
45702 29697
45802 47120
45902 64197
46002 45539
46102 58318
46202 10573
46302 26925
46402 53368
46502 29774
46602 30232
46702 59654
46802 37397
46902 52965
47002 24466
47102 49232
47202 8013
47302 42779
47402 64320
47502 60228
47602 36967
47702 7632
47802 33567
47902 14918
48002 16631
48102 45143
48202 59565
48302 46056
48402 26607
48502 45088
48602 30276
48702 20421
48802 43085
48902 24335
49002 53579
49102 17264
49202 3008
49302 47188
49402 28416
49502 20001
49602 15284
49702 22472
49802 14059
49902 34020
50002 5660
50102 61148
50202 35651
50302 34033
50402 46179
50502 64933
50602 52340
50702 20961
50802 50530
50902 28489
51002 25121
51102 25735
51202 26790
51302 55661
51402 12902
51502 53839
51602 44633
51702 2458
51802 2599
51902 34344
52002 9280
52102 45378
52202 9592
52302 8181
52402 22481
52502 34515
52602 7952
52702 473
52802 31499
52902 34032
53002 19769
53102 48013
53202 59282
53302 17561
53402 11715
53502 20769
53602 51667
53702 4025
53802 41576
53902 48531
54002 47581
54102 65184
54202 63285
54302 52887
54402 1158
54502 36475
54602 57772
54702 2940
54802 44961
54902 46232
55002 48926
55102 53040
55202 31137
55302 19792
55402 53108
55502 57394
55602 13076
55702 63389
55802 12727
55902 22259
56002 62009
56102 21450
56202 38601
56302 6605
56402 13751
56502 54464
56602 62695
56702 38835
56802 10546
56902 36460
57002 29549
57102 54064
57202 22599
57302 52227
57402 26188
57502 16618
57602 52335
57702 17852
57802 54657
57902 48625
58002 28001
58102 64140
58202 25959
58302 1355
58402 44113
58502 60608
58602 27103
58702 24379
58802 27486
58902 59831
59002 62610
59102 2466
59202 27036
59302 26298
59402 51562
59502 26903
59602 63784
59702 17083
59802 13247
59902 41266
60002 8880
60102 28414
60202 31086
60302 2026
60402 65504
60502 5936
60602 28652
60702 29917
60802 4412
60902 731
61002 12744
61102 18485
61202 38037
61302 37043
61402 24280
61502 12587
61602 59634
61702 16603
61802 59081
61902 30269
62002 19266
62102 55983
62202 23813
62302 54904
62402 57454
62502 43358
62602 29193
62702 2308
62802 53502
62902 35404
63002 35218
63102 42863
63202 32573
63302 39172
63402 36343
63502 3369
63602 28490
63702 12260
63802 13881
63902 28878
64002 7650
64102 22881
64202 5333
64302 33308
64402 24603
64502 26760
64602 6592
64702 51371
64802 16910
64902 35518
65002 22329
65102 59686
65202 50998
65302 25978
65402 57374
65502 17822
65602 19638
65702 7497
65802 13392
65902 46503
66002 32121
66102 57414
66202 41401
66302 8548
66402 54151
66502 26278
66602 3784
66702 33677
66802 42496
66902 53925
67002 49665
67102 46918
67202 30642
67302 39139
67402 9854
67502 24606
67602 7652
67702 51318
67802 14275
67902 4587
68002 19165
68102 51305
68202 51464
68302 25729
68402 45020
68502 28559
68602 35612
68702 60732
68802 41600
68902 9792
69002 46217
69102 32416
69202 60118
69302 3981
69402 40100
69502 27726
69602 61692
69702 9977
69802 52752
69902 47773
70002 18211
70102 38630
70202 62632
70302 62401
70402 22687
70502 36844
70602 14804
70702 31340
70802 34446
70902 64140
71002 51724
71102 2925
71202 5903
71302 36262
71402 41225
71502 37180
71602 19363
71702 25426
71802 2994
71902 22346
72002 62876
72102 58229
72202 35619
72302 28636
72402 35715
72502 18068
72602 10655
72702 23715
72802 21168
72902 48190
73002 24715
73102 59413
73202 53538
73302 12237
73402 43862
73502 2506
73602 28669
73702 43475
73802 37319
73902 16337
74002 50125
74102 19870
74202 21338
74302 53244
74402 31595
74502 21387
74602 9611
74702 53305
74802 29627
74902 8137
75002 46076
75102 12618
75202 48141
75302 16469
75402 38760
75502 24764
75602 62518
75702 44828
75802 10754
75902 31996
76002 7327
76102 14996
76202 6178
76302 28941
76402 27174
76502 62955
76602 30878
76702 1697
76802 4408
76902 4464
77002 25906
77102 10969
77202 53306
77302 7293
77402 8435
77502 64995
77602 30164
77702 49712
77802 27231
77902 46276
78002 60514
78102 8747
78202 47316
78302 16923
78402 14465
78502 18278
78602 63613
78702 24767
78802 22209
78902 15779
79002 40889
79102 60335
79202 64460
79302 62145
79402 91
79502 9785
79602 2824
79702 28795
79802 43251
79902 6100
80002 1872
80102 14107
80202 48022
80302 65529
80402 54650
80502 46344
80602 58166
80702 56563
80802 62988
80902 22920
81002 2845
81102 60699
81202 62680
81302 33462
81402 49659
81502 28105
81602 9302
81702 39794
81802 63348
81902 32429
82002 33390
82102 15940
82202 50857
82302 5536
82402 58671
82502 63262
82602 24213
82702 39513
82802 15869
82902 35842
83002 26832
83102 51473
83202 53452
83302 37267
83402 50976
83502 47831
83602 32386
83702 45416
83802 43691
83902 38337
84002 26831
84102 34540
84202 33968
84302 56804
84402 16233
84502 62777
84602 26234
84702 13382
84802 3033
84902 61870
85002 61744
85102 55790
85202 27381
85302 56223
85402 37758
85502 54993
85602 14029
85702 7090
85802 6094
85902 7975
86002 17713
86102 48397
86202 19242
86302 51571
86402 60014
86502 5824
86602 15705
86702 25668
86802 1454
86902 10094
87002 50781
87102 41140
87202 18978
87302 37649
87402 37576
87502 15195
87602 40046
87702 47222
87802 6772
87902 42379
88002 17386
88102 10112
88202 8747
88302 54843
88402 11452
88502 46046
88602 14791
88702 14597
88802 7394
88902 64543
89002 60134
89102 26008
89202 35206
89302 42022
89402 22280
89502 14790
89602 45963
89702 23960
89802 36746
89902 63858
90002 9237
90102 6284
