102 37470
202 41246
302 48351
402 55686
502 49847
602 15521
702 38369
802 29846
902 19935
1002 57214
1102 6921
1202 9369
1302 41405
1402 44056
1502 7519
1602 9724
1702 36483
1802 24788
1902 50905
2002 18694
2102 1919
2202 8385
2302 10094
2402 61510
2502 4585
2602 32840
2702 6052
2802 9914
2902 7332
3002 2263
3102 24672
3202 19417
3302 34266
3402 248
3502 17917
3602 56619
3702 15795
3802 12153
3902 27837
4002 27446
4102 64088
4202 34313
4302 54443
4402 41234
4502 8821
4602 10242
4702 1470
4802 16139
4902 47093
5002 65264
5102 56914
5202 54580
5302 62182
5402 23451
5502 27590
5602 17651
5702 49553
5802 48209
5902 25440
6002 16367
6102 41647
6202 24063
6302 62990
6402 55395
6502 59684
6602 7786
6702 25085
6802 24428
6902 11698
7002 50523
7102 34461
7202 51809
7302 48291
7402 13861
7502 34554
7602 31267
7702 36683
7802 64299
7902 41564
8002 14027
8102 49811
8202 53439
8302 18229
8402 27580
8502 32723
8602 46097
8702 9560
8802 21264
8902 39161
9002 52287
9102 48832
9202 37118
9302 60390
9402 25184
9502 17891
9602 62059
9702 13206
9802 28978
9902 7028
10002 65335
10102 28859
10202 40997
10302 14761
10402 38724
10502 65328
10602 22563
10702 3635
10802 47080
10902 1926
11002 40610
11102 56814
11202 34769
11302 13749
11402 34239
11502 46784
11602 20438
11702 29555
11802 60454
11902 1659
12002 31145
12102 51517
12202 6571
12302 31774
12402 60976
12502 51249
12602 23166
12702 34094
12802 62580
12902 56714
13002 16703
13102 38037
13202 28177
13302 37217
13402 47116
13502 63289
13602 36947
13702 39098
13802 49297
13902 30477
14002 62279
14102 14733
14202 49140
14302 36038
14402 39280
14502 28470
14602 35245
14702 38828
14802 44828
14902 7110
15002 3187
15102 55183
15202 48885
15302 28179
15402 17503
15502 13332
15602 50566
15702 4455
15802 43610
15902 2919
16002 16775
16102 19359
16202 37546
16302 2271
16402 17661
16502 21050
16602 1082
16702 59095
16802 15949
16902 15824
17002 59681
17102 56372
17202 60845
17302 13084
17402 24775
17502 46223
17602 11608
17702 48836
17802 48301
17902 2554
18002 60057
18102 14652
18202 6570
18302 56859
18402 43803
18502 61264
18602 25264
18702 63284
18802 30387
18902 22039
19002 11256
19102 8815
19202 18706
19302 34170
19402 42177
19502 2840
19602 29858
19702 14364
19802 40112
19902 37958
20002 14677
20102 22311
20202 6527
20302 62501
20402 58724
20502 44540
20602 42265
20702 58565
20802 40300
20902 8694
21002 12042
21102 40887
21202 45825
21302 26816
21402 25447
21502 63400
21602 60312
21702 19725
21802 35829
21902 11502
22002 3510
22102 20275
22202 13583
22302 3306
22402 60297
22502 45392
22602 30155
22702 900
22802 17156
22902 42238
23002 53337
23102 19011
23202 49345
23302 27316
23402 41527
23502 9600
23602 55773
23702 40833
23802 995
23902 25445
24002 33746
24102 20618
24202 38027
24302 34320
24402 20502
24502 54836
24602 33783
24702 47204
24802 14538
24902 28279
25002 27271
25102 20208
25202 26169
25302 17259
25402 36002
25502 11867
25602 8995
25702 24398
25802 33942
25902 42707
26002 63448
26102 47735
26202 1491
26302 36921
26402 57089
26502 35434
26602 34214
26702 39801
26802 20816
26902 17203
27002 55042
27102 4978
27202 56461
27302 31311
27402 7099
27502 576
27602 19171
27702 50659
27802 52256
27902 28378
28002 62920
28102 26093
28202 62084
28302 54133
28402 56698
28502 851
28602 8014
28702 38022
28802 56051
28902 2207
29002 41737
29102 8353
29202 1536
29302 28436
29402 16469
29502 54359
29602 48677
29702 12037
29802 58614
29902 40697
30002 35682
30102 6781
30202 65479
30302 35944
30402 25508
30502 4195
30602 34564
30702 26520
30802 26348
30902 48006
31002 12174
31102 54716
31202 38111
31302 35286
31402 26927
31502 15190
31602 42246
31702 63530
31802 7542
31902 56874
32002 4052
32102 42478
32202 51135
32302 57590
32402 51317
32502 11889
32602 13576
32702 55773
32802 6300
32902 46037
33002 59638
33102 816
33202 26131
33302 64032
33402 29996
33502 24990
33602 36336
33702 24799
33802 3319
33902 23714
34002 52125
34102 57839
34202 63136
34302 53245
34402 56830
34502 55228
34602 55745
34702 61474
34802 43368
34902 51016
35002 54144
35102 57088
35202 3276
35302 44959
35402 30063
35502 45532
35602 58589
35702 16362
35802 50627
35902 11469
36002 21503
36102 33160
36202 57566
36302 50988
36402 63924
36502 64984
36602 64890
36702 55790
36802 64881
36902 46500
37002 40582
37102 39966
37202 34715
37302 61775
37402 38010
37502 42136
37602 48782
37702 9842
37802 12902
37902 35977
38002 27411
38102 58649
38202 12518
38302 2071
38402 33464
38502 38535
38602 16301
38702 42404
38802 62990
38902 47806
39002 50403
39102 35406
39202 36426
39302 37549
39402 5720
39502 63071
39602 59373
39702 56631
39802 33454
39902 33582
40002 36847
40102 50320
40202 61856
40302 11354
40402 34624
40502 29517
40602 50929
40702 48369
40802 57992
40902 28974
41002 19423
41102 27962
41202 47279
41302 10646
41402 20541
41502 22710
41602 39432
41702 45634
41802 17293
41902 20030
42002 52074
42102 58742
42202 30250
42302 33263
42402 5962
42502 65260
42602 11621
42702 8899
42802 4270
42902 52928
43002 45372
43102 50634
43202 54031
43302 51601
43402 18305
43502 36630
43602 18118
43702 32950
43802 19495
43902 59567
44002 56611
44102 62873
44202 32954
44302 59362
44402 46822
44502 45229
44602 15165
44702 25338
44802 39497
44902 54490
45002 40354
45102 23621
45202 15735
45302 20220
45402 40832
45502 28900
45602 21947
45702 56578
45802 41415
45902 22090
46002 2636
46102 27266
46202 12211
46302 42952
46402 26372
46502 45209
46602 17861
46702 20038
46802 55809
46902 19129
47002 29392
47102 27001
47202 10449
47302 37731
47402 45056
47502 28206
47602 26587
47702 65420
47802 8642
47902 5404
48002 38815
48102 36690
48202 18510
48302 32886
48402 13671
48502 21778
48602 35708
48702 43334
48802 34968
48902 64018
49002 27097
49102 26280
49202 1756
49302 39196
49402 35776
49502 28555
49602 12307
49702 29540
49802 41234
49902 5262
50002 35828
50102 31996
50202 30653
50302 5633
50402 55085
50502 2445
50602 13229
50702 21518
50802 42722
50902 11118
51002 15810
51102 10091
51202 32972
51302 41353
51402 47561
51502 2930
51602 40845
51702 53906
51802 51749
51902 61952
52002 15312
52102 51266
52202 29358
52302 26175
52402 63317
52502 40064
52602 36006
52702 11955
52802 49772
52902 22158
53002 2844
53102 15021
53202 7985
53302 37217
53402 19678
53502 9083
53602 35691
53702 51942
53802 34312
53902 53982
54002 52158
54102 1424
54202 29016
54302 47061
54402 34668
54502 11777
54602 14858
54702 10843
54802 12349
54902 40330
55002 49718
55102 61692
55202 52256
55302 56507
55402 15731
55502 9806
55602 20124
55702 64963
55802 29130
55902 15100
56002 64259
56102 41493
56202 2625
56302 51895
56402 53885
56502 22928
56602 28303
56702 19819
56802 36885
56902 43583
57002 19388
57102 21443
57202 215
57302 25702
57402 56608
57502 5068
57602 40396
57702 2273
57802 43048
57902 8113
58002 29357
58102 31454
58202 8699
58302 36145
58402 3651
58502 28161
58602 4293
58702 352
58802 21755
58902 56576
59002 53268
59102 15587
59202 3771
59302 19461
59402 17079
59502 37526
59602 6300
59702 46901
59802 44644
59902 8373
60002 18586
60102 27905
60202 52621
60302 29694
60402 39318
60502 41245
60602 64581
60702 42508
60802 44526
60902 15482
61002 63457
61102 23246
61202 16272
61302 44159
61402 40624
61502 19587
61602 61427
61702 20326
61802 23418
61902 11579
62002 13882
62102 12910
62202 21947
62302 30139
62402 16760
62502 51835
62602 34517
62702 34407
62802 10818
62902 47036
63002 58042
63102 46822
63202 49348
63302 37485
63402 21062
63502 21380
63602 14684
63702 1244
63802 20740
63902 9230
64002 63256
64102 11899
64202 49218
64302 56837
64402 32237
64502 44862
64602 54629
64702 52553
64802 3720
64902 32650
65002 30628
65102 36422
65202 44061
65302 11669
65402 39195
65502 39738
65602 58442
65702 13755
65802 6534
65902 5436
66002 29967
66102 46604
66202 62516
66302 17620
66402 22908
66502 43937
66602 58653
66702 58529
66802 21370
66902 52329
67002 38194
67102 13187
67202 31643
67302 32543
67402 4823
67502 11186
67602 43059
67702 17816
67802 60041
67902 41625
68002 63207
68102 7079
68202 40903
68302 49036
68402 3137
68502 10979
68602 13319
68702 28222
68802 42695
68902 18971
69002 16169
69102 46470
69202 58958
69302 14391
69402 42968
69502 50108
69602 15336
69702 65316
69802 26355
69902 9770
70002 23743
70102 56096
70202 98
70302 61674
70402 22628
70502 45507
70602 17651
70702 5626
70802 33643
70902 42885
71002 37430
71102 52796
71202 17323
71302 37398
71402 6022
71502 42912
71602 24338
71702 58137
71802 30243
71902 48785
72002 55340
72102 47926
72202 2896
72302 51399
72402 26326
72502 51902
72602 58840
72702 17734
72802 598
72902 16936
73002 10829
73102 46504
73202 5087
73302 2112
73402 17460
73502 40403
73602 14955
73702 6534
73802 33414
73902 4967
74002 3282
74102 46275
74202 56419
74302 52294
74402 30574
74502 59939
74602 16100
74702 36676
74802 2866
74902 19422
75002 43053
75102 60986
75202 4501
75302 42846
75402 30000
75502 57700
75602 3260
75702 14328
75802 39513
75902 27710
76002 6480
76102 19610
76202 20716
76302 28251
76402 54677
76502 42037
76602 35015
76702 19004
76802 44200
76902 50454
77002 45521
77102 35107
77202 39618
77302 8962
77402 3743
77502 3824
77602 34333
77702 42731
77802 18160
77902 29021
78002 34218
78102 10705
78202 14892
78302 9926
78402 38090
78502 37761
78602 46392
78702 6409
78802 1537
78902 43364
79002 1241
79102 18725
79202 38986
79302 18945
79402 45389
79502 17696
79602 60083
79702 36858
79802 41648
79902 59252
80002 47610
80102 59650
80202 16217
80302 56776
80402 7073
80502 9155
80602 56711
80702 62934
80802 51333
80902 8859
81002 62372
81102 31009
81202 25484
81302 23105
81402 29326
81502 50253
81602 36225
81702 7162
81802 56424
81902 40830
82002 54393
82102 63256
82202 40845
82302 426
82402 26457
82502 46873
82602 43084
82702 20160
82802 4106
82902 83
83002 6599
83102 54241
83202 34819
83302 35729
83402 3926
83502 32913
83602 62574
83702 15011
83802 58459
83902 24759
84002 22347
84102 42088
84202 22190
84302 49200
84402 63688
84502 30836
84602 44146
84702 53372
84802 35836
84902 40438
85002 24273
85102 17456
85202 8676
85302 804
85402 11211
85502 39310
85602 45254
85702 51514
85802 50920
85902 58677
86002 50308
86102 11793
86202 12130
86302 7388
86402 16260
86502 48302
86602 16121
86702 18270
86802 49485
86902 30521
87002 38060
87102 13704
87202 33919
87302 3094
87402 13081
87502 62357
87602 4818
87702 59035
87802 53337
87902 24853
88002 35861
88102 14640
88202 49405
88302 61556
88402 46925
88502 32176
88602 34117
88702 33588
88802 37802
88902 645
89002 14584
89102 20419
89202 5355
89302 56850
89402 26679
89502 44805
89602 35318
89702 58806
89802 44788
89902 47305
90002 31509
90102 31513
