102 58878
202 45790
302 61030
402 36879
502 32462
602 42065
702 49774
802 58223
902 51206
1002 35243
1102 42530
1202 17864
1302 26869
1402 42761
1502 22700
1602 2219
1702 2471
1802 15888
1902 14074
2002 50116
2102 32894
2202 57580
2302 56853
2402 30126
2502 48188
2602 47433
2702 24298
2802 60817
2902 13815
3002 13743
3102 14309
3202 47394
3302 38447
3402 47151
3502 18944
3602 26346
3702 65477
3802 12497
3902 48191
4002 64589
4102 61794
4202 6059
4302 18741
4402 56142
4502 23903
4602 22131
4702 44173
4802 23885
4902 38530
5002 10745
5102 32000
5202 41466
5302 58354
5402 54726
5502 58347
5602 48231
5702 40898
5802 19843
5902 6027
6002 65249
6102 50934
6202 41925
6302 25269
6402 14377
6502 22468
6602 4736
6702 52336
6802 57076
6902 7513
7002 18158
7102 39314
7202 16897
7302 1663
7402 23819
7502 47196
7602 55674
7702 39243
7802 37039
7902 30768
8002 56483
8102 898
8202 36331
8302 12708
8402 38567
8502 30828
8602 36121
8702 31052
8802 26366
8902 45231
9002 28719
9102 9397
9202 24612
9302 65504
9402 37324
9502 39445
9602 35230
9702 9162
9802 4740
9902 7218
10002 50434
10102 59081
10202 42181
10302 3000
10402 13830
10502 55868
10602 63077
10702 28114
10802 54528
10902 37010
11002 61486
11102 49734
11202 36212
11302 62565
11402 50582
11502 28642
11602 59509
11702 45478
11802 33887
11902 1799
12002 25071
12102 4940
12202 36119
12302 40116
12402 40207
12502 58285
12602 58666
12702 1895
12802 49522
12902 28775
13002 21512
13102 3618
13202 6328
13302 20314
13402 18731
13502 44893
13602 19585
13702 28415
13802 48394
13902 16537
14002 20299
14102 48561
14202 31451
14302 44740
14402 56316
14502 42529
14602 57445
14702 23297
14802 18619
14902 32444
15002 35150
15102 31130
15202 49545
15302 3886
15402 29304
15502 25201
15602 64591
15702 11599
15802 26053
15902 52019
16002 38058
16102 6766
16202 40161
16302 14970
16402 4693
16502 59347
16602 27666
16702 14759
16802 7579
16902 12122
17002 39663
17102 18929
17202 57914
17302 25378
17402 41799
17502 24467
17602 47079
17702 36405
17802 36322
17902 1099
18002 12039
18102 13330
18202 65336
18302 65029
18402 25843
18502 24524
18602 53912
18702 18127
18802 22076
18902 6296
19002 3562
19102 11199
19202 12619
19302 44122
19402 29421
19502 51232
19602 55396
19702 58956
19802 43731
19902 47957
20002 4772
20102 42115
20202 27933
20302 9370
20402 52958
20502 38678
20602 54473
20702 57639
20802 17076
20902 50826
21002 11199
21102 11701
21202 52947
21302 39182
21402 35745
21502 15598
21602 16324
21702 37410
21802 34249
21902 21932
22002 24798
22102 43026
22202 4211
22302 45133
22402 34486
22502 1403
22602 22059
22702 48661
22802 62328
22902 36134
23002 53688
23102 35393
23202 64682
23302 64391
23402 25768
23502 18676
23602 12509
23702 32815
23802 54302
23902 42229
24002 29230
24102 47591
24202 51606
24302 30544
24402 23494
24502 63265
24602 9434
24702 45714
24802 62778
24902 18197
25002 16352
25102 16222
25202 61905
25302 39304
25402 8097
25502 31652
25602 18401
25702 61810
25802 46195
25902 16131
26002 64673
26102 15250
26202 46715
26302 48607
26402 58239
26502 52205
26602 60969
26702 56743
26802 37833
26902 4806
27002 24881
27102 7080
27202 54598
27302 48416
27402 61931
27502 16833
27602 5288
27702 5440
27802 46560
27902 18427
28002 33122
28102 51813
28202 23311
28302 62737
28402 43120
28502 52569
28602 46354
28702 32371
28802 1345
28902 49748
29002 62108
29102 54179
29202 36559
29302 13907
29402 60952
29502 53362
29602 1376
29702 14232
29802 64209
29902 39209
30002 16769
30102 7288
30202 13500
30302 12897
30402 64854
30502 43070
30602 24248
30702 1828
30802 20070
30902 29272
31002 17505
31102 63081
31202 29471
31302 23351
31402 57449
31502 17193
31602 60190
31702 58070
31802 13192
31902 10071
32002 17638
32102 58455
32202 39018
32302 61788
32402 19758
32502 28395
32602 23980
32702 48663
32802 61598
32902 37940
33002 43764
33102 56160
33202 35444
33302 52723
33402 7949
33502 1979
33602 61689
33702 31862
33802 24182
33902 13609
34002 61531
34102 4089
34202 40705
34302 57530
34402 14343
34502 16334
34602 58738
34702 26322
34802 59292
34902 10361
35002 31031
35102 55340
35202 17501
35302 40427
35402 63775
35502 40707
35602 27261
35702 27858
35802 50954
35902 27196
36002 14067
36102 8554
36202 13684
36302 42266
36402 18589
36502 61940
36602 13443
36702 52934
36802 11582
36902 40856
37002 54481
37102 42966
37202 1481
37302 43875
37402 57954
37502 25092
37602 52385
37702 63968
37802 60357
37902 57489
38002 47250
38102 32581
38202 4611
38302 17574
38402 48279
38502 3977
38602 53868
38702 20764
38802 1342
38902 62993
39002 45510
39102 42792
39202 57051
39302 11899
39402 27387
39502 12511
39602 34361
39702 28341
39802 207
39902 45497
40002 58596
40102 15957
40202 50397
40302 34391
40402 17137
40502 4969
40602 9456
40702 44113
40802 53563
40902 33019
41002 60161
41102 54108
41202 47547
41302 8436
41402 36416
41502 5951
41602 43775
41702 51436
41802 33911
41902 32121
42002 44799
42102 32281
42202 19389
42302 24983
42402 31171
42502 56913
42602 12894
42702 5107
42802 2470
42902 44279
43002 9929
43102 37315
43202 27263
43302 19603
43402 16187
43502 19837
43602 11401
43702 58662
43802 38108
43902 51596
44002 44946
44102 35223
44202 1276
44302 43731
44402 29850
44502 22712
44602 30194
44702 36616
44802 31115
44902 33878
45002 28175
45102 21039
45202 30541
45302 10774
45402 26105
45502 37319
45602 21256
45702 9321
45802 21573
45902 34328
46002 52489
46102 34292
46202 5355
46302 34704
46402 34258
46502 31162
46602 36375
46702 55822
46802 8234
46902 45751
47002 43756
47102 17274
47202 34520
47302 33173
47402 61529
47502 16885
47602 19501
47702 12328
47802 35573
47902 36243
48002 38453
48102 17928
48202 10599
48302 42839
48402 10067
48502 62813
48602 35573
48702 64103
48802 58022
48902 440
49002 26384
49102 61987
49202 34675
49302 18290
49402 9498
49502 23835
49602 9769
49702 17479
49802 22839
49902 36869
50002 36461
50102 19196
50202 37466
50302 24389
50402 47588
50502 10452
50602 50053
50702 9549
50802 19812
50902 33306
51002 22469
51102 58053
51202 23552
51302 1803
51402 11865
51502 39348
51602 2490
51702 11818
51802 22996
51902 36342
52002 12793
52102 44669
52202 46871
52302 22912
52402 55177
52502 36040
52602 3475
52702 25647
52802 18177
52902 13909
53002 3347
53102 24182
53202 11218
53302 10254
53402 2248
53502 11097
53602 29299
53702 18815
53802 31836
53902 26523
54002 14248
54102 21805
54202 46642
54302 65223
54402 63087
54502 28720
54602 62651
54702 47834
54802 28976
54902 35932
55002 59317
55102 8185
55202 5730
55302 33984
55402 64364
55502 25968
55602 43162
55702 64601
55802 35401
55902 25224
56002 49120
56102 17308
56202 57188
56302 61320
56402 2303
56502 26533
56602 8530
56702 8183
56802 39521
56902 13499
57002 42692
57102 14410
57202 5920
57302 59416
57402 16449
57502 913
57602 22462
57702 13931
57802 43869
57902 35244
58002 3433
58102 30071
58202 15040
58302 21168
58402 12002
58502 62799
58602 27092
58702 30329
58802 55062
58902 18639
59002 18350
59102 28565
59202 30350
59302 12688
59402 35741
59502 35222
59602 7661
59702 28174
59802 3294
59902 27628
60002 38363
60102 33031
60202 19890
60302 44928
60402 33709
60502 63499
60602 25382
60702 63199
60802 47343
60902 50187
61002 29040
61102 1699
61202 22185
61302 12632
61402 2267
61502 45890
61602 12546
61702 18285
61802 63319
61902 25543
62002 15252
62102 36448
62202 46874
62302 41145
62402 7098
62502 43547
62602 52793
62702 48921
62802 15560
62902 11133
63002 62110
63102 44909
63202 1980
63302 24976
63402 48778
63502 12202
63602 14993
63702 13072
63802 32918
63902 6398
64002 27930
64102 55646
64202 58733
64302 26355
64402 8444
64502 34472
64602 57527
64702 64554
64802 61638
64902 10913
65002 33672
65102 28981
65202 22840
65302 30412
65402 12576
65502 26847
65602 7411
65702 6953
65802 14072
65902 61253
66002 62226
66102 58720
66202 19486
66302 24203
66402 51130
66502 29280
66602 48292
66702 56552
66802 26388
66902 58283
67002 14620
67102 44794
67202 51694
67302 51573
67402 64557
67502 18005
67602 9098
67702 406
67802 63580
67902 2054
68002 50123
68102 47888
68202 13533
68302 27196
68402 20170
68502 23642
68602 7279
68702 63575
68802 60937
68902 49168
69002 7863
69102 11385
69202 53894
69302 7349
69402 32218
69502 98
69602 15515
69702 44582
69802 46860
69902 44838
70002 13962
70102 13458
70202 33411
70302 60401
70402 61318
70502 4734
70602 41588
70702 1186
70802 65440
70902 32639
71002 22823
71102 29762
71202 63248
71302 35643
71402 8583
71502 31560
71602 16834
71702 24144
71802 9286
71902 49188
72002 53552
72102 14231
72202 33334
72302 52707
72402 116
72502 1484
72602 42640
72702 16638
72802 42339
72902 24025
73002 54570
73102 49998
73202 4498
73302 24493
73402 60274
73502 25587
73602 8681
73702 25722
73802 31623
73902 59122
74002 16424
74102 54965
74202 55862
74302 32184
74402 22899
74502 35694
74602 51984
74702 9229
74802 25801
74902 30443
75002 63966
75102 58016
75202 61438
75302 35917
75402 34801
75502 43981
75602 60954
75702 41644
75802 47281
75902 25778
76002 29776
76102 50600
76202 45734
76302 44084
76402 37835
76502 60227
76602 63448
76702 55630
76802 56260
76902 54709
77002 53293
77102 32103
77202 22936
77302 40769
77402 61474
77502 26811
77602 57177
77702 46182
77802 23837
77902 42938
78002 34604
78102 17663
78202 30682
78302 21814
78402 61124
78502 74
78602 34639
78702 50221
78802 55027
78902 5478
79002 45591
79102 44582
79202 48606
79302 34681
79402 12544
79502 43243
79602 22089
79702 12611
79802 9822
79902 33169
80002 25593
80102 56519
80202 48948
80302 27796
80402 51330
80502 326
80602 49583
80702 64467
80802 61766
80902 56849
81002 6483
81102 30587
81202 21411
81302 18463
81402 18622
81502 63284
81602 59033
81702 14757
81802 13123
81902 12048
82002 1429
82102 43455
82202 17502
82302 10531
82402 50068
82502 17344
82602 41655
82702 252
82802 12775
82902 44681
83002 30623
83102 65341
83202 43011
83302 32867
83402 49395
83502 41153
83602 41680
83702 9230
83802 48811
83902 47206
84002 42004
84102 21875
84202 33884
84302 3357
84402 25582
84502 38469
84602 16032
84702 53523
84802 35598
84902 4070
85002 2594
85102 44642
85202 13236
85302 9614
85402 2426
85502 32508
85602 47395
85702 36468
85802 52844
85902 31460
86002 15415
86102 34855
86202 1616
86302 44502
86402 27236
86502 62609
86602 27566
86702 50943
86802 8723
86902 25042
87002 57919
87102 51838
87202 22240
87302 36071
87402 64073
87502 1479
87602 45755
87702 22495
87802 15212
87902 8395
88002 34201
88102 21854
88202 63054
88302 54062
88402 50888
88502 49597
88602 61310
88702 24869
88802 65164
88902 37850
89002 27926
89102 63425
89202 41972
89302 41522
89402 16707
89502 22467
89602 11487
89702 64745
89802 51349
89902 52192
90002 45086
90102 21105
