102 7174
202 24537
302 9654
402 381
502 27332
602 26050
702 14851
802 6876
902 24398
1002 49054
1102 39282
1202 40190
1302 54738
1402 8660
1502 31211
1602 1024
1702 28790
1802 4330
1902 54412
2002 27742
2102 60842
2202 19119
2302 63363
2402 63351
2502 16972
2602 27939
2702 18449
2802 1313
2902 52
3002 11306
3102 46018
3202 5404
3302 61791
3402 9085
3502 48491
3602 48128
3702 53093
3802 64321
3902 63167
4002 49962
4102 55737
4202 28190
4302 14741
4402 65116
4502 9041
4602 34819
4702 42056
4802 13475
4902 42660
5002 57445
5102 5202
5202 15680
5302 24504
5402 54766
5502 9936
5602 4445
5702 29821
5802 453
5902 28590
6002 36787
6102 3404
6202 14581
6302 3216
6402 41832
6502 34203
6602 34530
6702 18840
6802 28308
6902 40587
7002 19148
7102 31581
7202 8473
7302 24306
7402 14452
7502 38036
7602 13475
7702 36498
7802 24155
7902 51205
8002 61859
8102 16359
8202 32657
8302 6898
8402 21304
8502 51443
8602 3773
8702 38803
8802 40953
8902 36032
9002 19479
9102 13494
9202 58415
9302 35056
9402 27406
9502 40217
9602 3102
9702 25669
9802 50928
9902 24423
10002 29349
10102 26623
10202 46773
10302 50998
10402 37633
10502 19421
10602 23661
10702 342
10802 18684
10902 15601
11002 60088
11102 22129
11202 36953
11302 25657
11402 6024
11502 11942
11602 51895
11702 39247
11802 5016
11902 54826
12002 28151
12102 63552
12202 27314
12302 14794
12402 46422
12502 20800
12602 18098
12702 26145
12802 35980
12902 4767
13002 26327
13102 40978
13202 34838
13302 49185
13402 3615
13502 2172
13602 8008
13702 40302
13802 31618
13902 52907
14002 54599
14102 47879
14202 9253
14302 64356
14402 29847
14502 15466
14602 57442
14702 12085
14802 16040
14902 162
15002 21011
15102 26878
15202 48314
15302 26336
15402 27267
15502 63612
15602 19112
15702 35072
15802 32321
15902 12776
16002 50149
16102 42527
16202 27742
16302 56367
16402 36570
16502 1720
16602 22624
16702 63723
16802 10779
16902 25532
17002 58902
17102 10619
17202 61816
17302 43894
17402 16652
17502 64637
17602 49021
17702 33316
17802 27463
17902 13214
18002 22876
18102 11423
18202 58374
18302 57469
18402 57764
18502 778
18602 5907
18702 26330
18802 26161
18902 52607
19002 15926
19102 39342
19202 39179
19302 360
19402 62899
19502 9078
19602 50296
19702 39663
19802 21868
19902 47513
20002 64814
20102 36341
20202 56466
20302 12239
20402 2364
20502 26491
20602 34342
20702 50174
20802 8514
20902 88
21002 52770
21102 59707
21202 15585
21302 16747
21402 15964
21502 43565
21602 27052
21702 56817
21802 30021
21902 44677
22002 693
22102 49932
22202 54493
22302 18029
22402 17607
22502 21899
22602 62672
22702 13623
22802 26301
22902 35220
23002 40410
23102 51331
23202 19434
23302 62934
23402 43430
23502 24674
23602 43871
23702 27838
23802 2496
23902 23265
24002 14219
24102 46499
24202 16339
24302 23709
24402 33257
24502 11739
24602 50986
24702 19936
24802 30878
24902 55434
25002 21665
25102 17536
25202 64790
25302 52418
25402 11661
25502 60400
25602 53521
25702 63956
25802 50940
25902 8969
26002 53418
26102 39177
26202 13478
26302 26952
26402 48691
26502 55449
26602 25464
26702 36186
26802 44374
26902 55786
27002 63060
27102 3257
27202 54569
27302 31087
27402 59837
27502 53567
27602 13022
27702 9249
27802 22773
27902 14582
28002 38270
28102 31682
28202 51202
28302 61538
28402 34105
28502 43739
28602 17483
28702 33781
28802 53088
28902 48238
29002 65183
29102 14405
29202 43936
29302 44713
29402 49547
29502 16921
29602 23949
29702 64298
29802 40526
29902 25022
30002 57961
30102 41635
30202 58906
30302 53588
30402 39334
30502 35741
30602 62959
30702 50807
30802 890
30902 9138
31002 60258
31102 36855
31202 30967
31302 59188
31402 7309
31502 7485
31602 51035
31702 55873
31802 64609
31902 34240
32002 13713
32102 14470
32202 45346
32302 51972
32402 43953
32502 44401
32602 19445
32702 5223
32802 10765
32902 14547
33002 16008
33102 41247
33202 2209
33302 45253
33402 11008
33502 59797
33602 19378
33702 46922
33802 6697
33902 1088
34002 34462
34102 29012
34202 48045
34302 26361
34402 40613
34502 15120
34602 55740
34702 28770
34802 33577
34902 471
35002 33226
35102 60766
35202 55373
35302 55080
35402 48636
35502 65029
35602 54003
35702 16717
35802 29593
35902 50194
36002 24804
36102 14910
36202 57488
36302 40344
36402 36142
36502 64877
36602 26791
36702 15657
36802 13937
36902 61939
37002 40726
37102 23718
37202 64440
37302 42475
37402 40214
37502 49617
37602 737
37702 24425
37802 63511
37902 50938
38002 54120
38102 47205
38202 57006
38302 35921
38402 50922
38502 32792
38602 10411
38702 64935
38802 2953
38902 62073
39002 4817
39102 64728
39202 52904
39302 40474
39402 27075
39502 28220
39602 40136
39702 28881
39802 16889
39902 58560
40002 54358
40102 31958
40202 8981
40302 17482
40402 62615
40502 16839
40602 43089
40702 25305
40802 9354
40902 22667
41002 65257
41102 16152
41202 46057
41302 47308
41402 20351
41502 24959
41602 18385
41702 50419
41802 676
41902 33653
42002 53930
42102 39736
42202 19563
42302 113
42402 54374
42502 2473
42602 14520
42702 14897
42802 62730
42902 22094
43002 54395
43102 42874
43202 1069
43302 50346
43402 64372
43502 62087
43602 41781
43702 54815
43802 56867
43902 59826
44002 41125
44102 60743
44202 38118
44302 5653
44402 3286
44502 54340
44602 55325
44702 28298
44802 34083
44902 46683
45002 12316
45102 56437
45202 53310
45302 32900
45402 49554
45502 64528
45602 50125
45702 23587
45802 51349
45902 50086
46002 17137
46102 9067
46202 803
46302 48659
46402 50755
46502 28495
46602 38816
46702 678
46802 56148
46902 58287
47002 62058
47102 5067
47202 26467
47302 49442
47402 36124
47502 14502
47602 59714
47702 16164
47802 48628
47902 13682
48002 39444
48102 43655
48202 27451
48302 32970
48402 4452
48502 12404
48602 31145
48702 40469
48802 29973
48902 49084
49002 62730
49102 6053
49202 18236
49302 2857
49402 1032
49502 36251
49602 24949
49702 50149
49802 39072
49902 4112
50002 10061
50102 62704
50202 49144
50302 21755
50402 51721
50502 49719
50602 51664
50702 6395
50802 54553
50902 49311
51002 4854
51102 14507
51202 5079
51302 23264
51402 4401
51502 25456
51602 39520
51702 25101
51802 59628
51902 50620
52002 32153
52102 60491
52202 8859
52302 43772
52402 8597
52502 13174
52602 62247
52702 7048
52802 39607
52902 61680
53002 2566
53102 42591
53202 53946
53302 43557
53402 20758
53502 18201
53602 31416
53702 40161
53802 6648
53902 19321
54002 32630
54102 45014
54202 49914
54302 52482
54402 39260
54502 53214
54602 4197
54702 36959
54802 48158
54902 1122
55002 24288
55102 46245
55202 64916
55302 28868
55402 62564
55502 19349
55602 36490
55702 59387
55802 25311
55902 19616
56002 43648
56102 64387
56202 44665
56302 16349
56402 64539
56502 42071
56602 41866
56702 19774
56802 32724
56902 17151
57002 37673
57102 58370
57202 49386
57302 19503
57402 39892
57502 9224
57602 20314
57702 62617
57802 17444
57902 56476
58002 37169
58102 11284
58202 23101
58302 36889
58402 20934
58502 631
58602 46594
58702 56220
58802 59642
58902 5191
59002 46373
59102 39793
59202 26646
59302 50676
59402 42657
59502 19762
59602 10747
59702 58652
59802 50488
59902 6715
60002 2511
60102 25508
60202 22182
60302 22090
60402 3354
60502 34701
60602 19359
60702 24755
60802 30532
60902 1536
61002 42503
61102 6907
61202 49665
61302 34264
61402 38018
61502 44504
61602 61547
61702 62472
61802 11474
61902 53701
62002 18873
62102 42125
62202 41230
62302 38945
62402 56236
62502 32443
62602 20450
62702 56235
62802 24311
62902 40824
63002 3228
63102 39971
63202 21054
63302 53256
63402 32374
63502 19530
63602 41317
63702 10851
63802 29124
63902 2206
64002 52451
64102 54174
64202 48931
64302 29682
64402 21699
64502 8585
64602 8317
64702 41094
64802 42717
64902 10313
65002 63956
65102 21677
65202 24672
65302 3638
65402 53647
65502 48806
65602 19712
65702 18321
65802 34008
65902 10845
66002 11429
66102 355
66202 5983
66302 13206
66402 35329
66502 50473
66602 43302
66702 35083
66802 56529
66902 34261
67002 62090
67102 61847
67202 44176
67302 23103
67402 42177
67502 17546
67602 43787
67702 21064
67802 47936
67902 60715
68002 5708
68102 21886
68202 6042
68302 22094
68402 1152
68502 17352
68602 7151
68702 18992
68802 11657
68902 2388
69002 47647
69102 26396
69202 37125
69302 29107
69402 22349
69502 1846
69602 46137
69702 48905
69802 10229
69902 25111
70002 1251
70102 17327
70202 62373
70302 41100
70402 35628
70502 37589
70602 55386
70702 62123
70802 13963
70902 57941
71002 49560
71102 25219
71202 6380
71302 43125
71402 22262
71502 54223
71602 50454
71702 3787
71802 64228
71902 47774
72002 6491
72102 35132
72202 39844
72302 298
72402 36644
72502 60292
72602 3075
72702 56997
72802 50004
72902 24350
73002 29590
73102 65404
73202 14908
73302 42111
73402 49998
73502 39196
73602 54914
73702 14285
73802 4546
73902 42755
74002 25673
74102 7219
74202 1045
74302 47258
74402 10511
74502 23269
74602 7312
74702 37019
74802 28889
74902 20643
75002 59612
75102 53569
75202 53909
75302 28345
75402 830
75502 26414
75602 13431
75702 20364
75802 34169
75902 29853
76002 16226
76102 32943
76202 54263
76302 63502
76402 59018
76502 36644
76602 27781
76702 46451
76802 35974
76902 34836
77002 63349
77102 43083
77202 25607
77302 64323
77402 19469
77502 29204
77602 65113
77702 27483
77802 15458
77902 33610
78002 28381
78102 12310
78202 63880
78302 25115
78402 31175
78502 52263
78602 13019
78702 6872
78802 63295
78902 3669
79002 35582
79102 56998
79202 19007
79302 28254
79402 16946
79502 43427
79602 1688
79702 51538
79802 39960
79902 42981
80002 49808
80102 33339
80202 55597
80302 53473
80402 25385
80502 44059
80602 19168
80702 25772
80802 18113
80902 3365
81002 16068
81102 31772
81202 59384
81302 45601
81402 19167
81502 28538
81602 23215
81702 55227
81802 60766
81902 64484
82002 45799
82102 56609
82202 373
82302 61248
82402 29083
82502 44927
82602 23246
82702 10480
82802 43527
82902 21873
83002 20219
83102 59774
83202 49184
83302 29543
83402 23491
83502 1020
83602 10889
83702 58619
83802 23535
83902 12475
84002 37901
84102 20183
84202 52446
84302 11297
84402 9029
84502 1371
84602 64796
84702 10412
84802 41058
84902 48915
85002 55341
85102 36406
85202 24147
85302 10563
85402 32262
85502 27111
85602 6498
85702 26014
85802 56471
85902 56516
86002 22480
86102 48831
86202 14104
86302 11028
86402 60466
86502 2327
86602 50121
86702 46839
86802 29370
86902 35517
87002 19767
87102 16677
87202 36225
87302 26766
87402 15484
87502 61652
87602 61427
87702 51175
87802 44831
87902 60117
88002 28591
88102 58367
88202 27487
88302 32742
88402 26433
88502 29861
88602 6270
88702 5182
88802 44538
88902 56590
89002 64797
89102 59137
89202 7290
89302 7838
89402 14505
89502 43646
89602 24324
89702 2612
89802 4990
89902 6829
90002 6762
90102 44357
