102 57905
202 26393
302 28441
402 40960
502 18238
602 19122
702 34067
802 52794
902 56685
1002 15826
1102 17570
1202 63829
1302 46140
1402 34078
1502 50669
1602 57285
1702 39109
1802 54882
1902 48603
2002 20522
2102 24554
2202 42589
2302 24667
2402 29726
2502 16187
2602 26116
2702 26511
2802 18152
2902 8050
3002 46035
3102 11784
3202 20771
3302 47459
3402 26156
3502 14084
3602 6954
3702 22305
3802 24630
3902 13204
4002 47446
4102 41461
4202 25228
4302 38221
4402 28238
4502 43752
4602 10301
4702 16990
4802 47835
4902 51129
5002 48125
5102 18721
5202 23541
5302 19989
5402 2079
5502 30332
5602 28752
5702 3343
5802 5098
5902 22556
6002 20817
6102 7096
6202 57087
6302 49431
6402 797
6502 10945
6602 45171
6702 33701
6802 55308
6902 9221
7002 52644
7102 31845
7202 14165
7302 14541
7402 39757
7502 45803
7602 40622
7702 48144
7802 32521
7902 47834
8002 55690
8102 59586
8202 62661
8302 23817
8402 26812
8502 6368
8602 51129
8702 3474
8802 35140
8902 36082
9002 16446
9102 52839
9202 20157
9302 63140
9402 28740
9502 24603
9602 54343
9702 58859
9802 52391
9902 11757
10002 35924
10102 56578
10202 21965
10302 20792
10402 36974
10502 49652
10602 4887
10702 33431
10802 45103
10902 52441
11002 42210
11102 10676
11202 30355
11302 3725
11402 46702
11502 44022
11602 57198
11702 35541
11802 19509
11902 5110
12002 11607
12102 17579
12202 64570
12302 45017
12402 54301
12502 28283
12602 29322
12702 42769
12802 60598
12902 37778
13002 14251
13102 62317
13202 5481
13302 19320
13402 55936
13502 46431
13602 51799
13702 65002
13802 11960
13902 26138
14002 49122
14102 29449
14202 54071
14302 26636
14402 3172
14502 14748
14602 58630
14702 55067
14802 63164
14902 35845
15002 7398
15102 47642
15202 6113
15302 13077
15402 16348
15502 11124
15602 1477
15702 20459
15802 3280
15902 20955
16002 21902
16102 10710
16202 27196
16302 20386
16402 29496
16502 38639
16602 53866
16702 56713
16802 19553
16902 53016
17002 11412
17102 65473
17202 7107
17302 8493
17402 22880
17502 23017
17602 31849
17702 32314
17802 9428
17902 34542
18002 59745
18102 18813
18202 32937
18302 35507
18402 35488
18502 45921
18602 29922
18702 38910
18802 8949
18902 13737
19002 816
19102 33210
19202 45047
19302 33285
19402 49057
19502 26277
19602 30995
19702 9849
19802 51796
19902 58127
20002 22460
20102 24844
20202 19490
20302 31856
20402 24081
20502 60871
20602 7749
20702 19240
20802 32474
20902 30738
21002 51443
21102 60905
21202 24904
21302 62220
21402 23999
21502 47545
21602 13873
21702 29092
21802 29453
21902 21386
22002 26885
22102 20515
22202 42593
22302 49422
22402 9146
22502 64423
22602 50054
22702 46148
22802 21212
22902 57956
23002 19505
23102 63169
23202 51292
23302 10686
23402 19682
23502 64950
23602 55530
23702 50949
23802 12795
23902 32904
24002 60343
24102 61873
24202 2390
24302 4518
24402 60877
24502 48513
24602 61253
24702 61806
24802 64866
24902 950
25002 58708
25102 34323
25202 15801
25302 65399
25402 14086
25502 18571
25602 41451
25702 38889
25802 62780
25902 21358
26002 60097
26102 48077
26202 5228
26302 2376
26402 21968
26502 56051
26602 44697
26702 56079
26802 51987
26902 47613
27002 34064
27102 32417
27202 2310
27302 58398
27402 14685
27502 2731
27602 3665
27702 40691
27802 55351
27902 56275
28002 53727
28102 30778
28202 65371
28302 1767
28402 11310
28502 2359
28602 47296
28702 2358
28802 36431
28902 19166
29002 57398
29102 13997
29202 13537
29302 17813
29402 30311
29502 52094
29602 43411
29702 4565
29802 34355
29902 41375
30002 5145
30102 4528
30202 29125
30302 57083
30402 15362
30502 34968
30602 7710
30702 57635
30802 24800
30902 42841
31002 52671
31102 41443
31202 48448
31302 3175
31402 27009
31502 45418
31602 51388
31702 31632
31802 17117
31902 31829
32002 23694
32102 39152
32202 63441
32302 39832
32402 8238
32502 17081
32602 51402
32702 59748
32802 16206
32902 52937
33002 39249
33102 50030
33202 9058
33302 59372
33402 9634
33502 18755
33602 45104
33702 44020
33802 10393
33902 51516
34002 23018
34102 24939
34202 3776
34302 52700
34402 8829
34502 56047
34602 30536
34702 30453
34802 14879
34902 43569
35002 4551
35102 29473
35202 12984
35302 26497
35402 11810
35502 60053
35602 12261
35702 27511
35802 39012
35902 40311
36002 55356
36102 63565
36202 26610
36302 64729
36402 14326
36502 54297
36602 57309
36702 44017
36802 20095
36902 44205
37002 3081
37102 17920
37202 59720
37302 13235
37402 58376
37502 42246
37602 48027
37702 10265
37802 21807
37902 30095
38002 51853
38102 53686
38202 55550
38302 33421
38402 18023
38502 29804
38602 8735
38702 44874
38802 43892
38902 47254
39002 17210
39102 43416
39202 35445
39302 39750
39402 23942
39502 52266
39602 55513
39702 34590
39802 62624
39902 61297
40002 12520
40102 16538
40202 14402
40302 6750
40402 40510
40502 36701
40602 8706
40702 65325
40802 47392
40902 44249
41002 42849
41102 8559
41202 48544
41302 48008
41402 29251
41502 26252
41602 21683
41702 48165
41802 37220
41902 48377
42002 20628
42102 36540
42202 47617
42302 14275
42402 63606
42502 60885
42602 53928
42702 1773
42802 4596
42902 62848
43002 32892
43102 48521
43202 48961
43302 39169
43402 13659
43502 58716
43602 8998
43702 4516
43802 36091
43902 53527
44002 24318
44102 38129
44202 22904
44302 27989
44402 10580
44502 26690
44602 10176
44702 29190
44802 16813
44902 21089
45002 50874
45102 874
45202 16183
45302 56496
45402 3561
45502 57661
45602 61989
45702 29707
45802 49211
45902 17546
46002 4557
46102 34319
46202 53525
46302 2691
46402 42500
46502 24278
46602 48984
46702 43768
46802 53214
46902 24217
47002 42287
47102 62502
47202 64878
47302 56024
47402 28764
47502 15622
47602 48296
47702 5181
47802 26438
47902 18382
48002 48379
48102 36376
48202 9322
48302 2702
48402 18917
48502 29808
48602 31835
48702 7457
48802 61477
48902 53161
49002 42049
49102 44880
49202 34340
49302 47639
49402 45477
49502 25927
49602 37237
49702 24987
49802 16371
49902 59476
50002 449
50102 26826
50202 6619
50302 9809
50402 29092
50502 19013
50602 25317
50702 58734
50802 32008
50902 43087
51002 3990
51102 39137
51202 47451
51302 57096
51402 41200
51502 62269
51602 2270
51702 42251
51802 8772
51902 59524
52002 16903
52102 28993
52202 16309
52302 20365
52402 55776
52502 23425
52602 30709
52702 65272
52802 37336
52902 27217
53002 29490
53102 64586
53202 11591
53302 51722
53402 1025
53502 28627
53602 26122
53702 49704
53802 24775
53902 57300
54002 46159
54102 4643
54202 9722
54302 50877
54402 35651
54502 42138
54602 12156
54702 32413
54802 50401
54902 47445
55002 16071
55102 29208
55202 34982
55302 57220
55402 47826
55502 64905
55602 9262
55702 15421
55802 37565
55902 10538
56002 43810
56102 60489
56202 28520
56302 5721
56402 7754
56502 41026
56602 24523
56702 26944
56802 24294
56902 29598
57002 53566
57102 18860
57202 22413
57302 27085
57402 58345
57502 19530
57602 43911
57702 14359
57802 27622
57902 62404
58002 1758
58102 35117
58202 62066
58302 55791
58402 65253
58502 17067
58602 45554
58702 42952
58802 56724
58902 46831
59002 34741
59102 37154
59202 18060
59302 63723
59402 30404
59502 58943
59602 2048
59702 3056
59802 2458
59902 5624
60002 43178
60102 32492
60202 41473
60302 5732
60402 22962
60502 17190
60602 61328
60702 37014
60802 15373
60902 49446
61002 13691
61102 53336
61202 14853
61302 55122
61402 41658
61502 13619
61602 11700
61702 63740
61802 23223
61902 43374
62002 49942
62102 64274
62202 9193
62302 23852
62402 38927
62502 64893
62602 52443
62702 55018
62802 49461
62902 3838
63002 8854
63102 45000
63202 61058
63302 59589
63402 26846
63502 25786
63602 33072
63702 29061
63802 25121
63902 50008
64002 48354
64102 61473
64202 51812
64302 50191
64402 43252
64502 1144
64602 31970
64702 49266
64802 29967
64902 53461
65002 56948
65102 46747
65202 2409
65302 21511
65402 8927
65502 9437
65602 51958
65702 9178
65802 21822
65902 54126
66002 53233
66102 62598
66202 15188
66302 1654
66402 21898
66502 32454
66602 41812
66702 31706
66802 53419
66902 3302
67002 47353
67102 45472
67202 39535
67302 39298
67402 7169
67502 8836
67602 30757
67702 28619
67802 39915
67902 605
68002 3802
68102 49683
68202 53364
68302 29277
68402 15541
68502 4117
68602 32236
68702 53771
68802 34888
68902 8327
69002 52779
69102 36296
69202 38464
69302 8948
69402 6318
69502 52930
69602 57277
69702 50100
69802 23676
69902 10277
70002 63486
70102 38405
70202 61542
70302 62800
70402 29936
70502 38290
70602 65325
70702 63722
70802 41478
70902 48735
71002 180
71102 38152
71202 21854
71302 5279
71402 22321
71502 40910
71602 42884
71702 52123
71802 22358
71902 57956
72002 57880
72102 62093
72202 10915
72302 21183
72402 9577
72502 5221
72602 46020
72702 31293
72802 59022
72902 22639
73002 61513
73102 61366
73202 1262
73302 18389
73402 41440
73502 41577
73602 18320
73702 1175
73802 8580
73902 4494
74002 2480
74102 42872
74202 30026
74302 52038
74402 3867
74502 19420
74602 2049
74702 28681
74802 56462
74902 28318
75002 56783
75102 5261
75202 1861
75302 11347
75402 35578
75502 55395
75602 45012
75702 18965
75802 38326
75902 35201
76002 34649
76102 29519
76202 62792
76302 50219
76402 53346
76502 4847
76602 58843
76702 9469
76802 39568
76902 36967
77002 9055
77102 107
77202 25026
77302 36395
77402 65527
77502 44820
77602 15816
77702 18199
77802 19583
77902 61843
78002 63008
78102 58508
78202 28185
78302 13103
78402 47550
78502 36733
78602 52457
78702 14386
78802 49566
78902 44383
79002 24354
79102 9126
79202 54319
79302 58261
79402 42065
79502 1065
79602 58542
79702 35623
79802 35430
79902 9238
80002 52668
80102 13242
80202 8635
80302 32852
80402 64308
80502 954
80602 20746
80702 12711
80802 32715
80902 23089
81002 65388
81102 46677
81202 40711
81302 4793
81402 9058
81502 13845
81602 45886
81702 15279
81802 12262
81902 43152
82002 35038
82102 57044
82202 36618
82302 13046
82402 17289
82502 21326
82602 38880
82702 57733
82802 22335
82902 60469
83002 32028
83102 63954
83202 9225
83302 54069
83402 29135
83502 28520
83602 64322
83702 19931
83802 32505
83902 35396
84002 46300
84102 62258
84202 19212
84302 59498
84402 40777
84502 49151
84602 27761
84702 55636
84802 15028
84902 18974
85002 51155
85102 20503
85202 6803
85302 40164
85402 20225
85502 40935
85602 35645
85702 34560
85802 61047
85902 57382
86002 57916
86102 8739
86202 30690
86302 10857
86402 56361
86502 9839
86602 47215
86702 3553
86802 14128
86902 64104
87002 62520
87102 59423
87202 49495
87302 6643
87402 51888
87502 55816
87602 29807
87702 56401
87802 35205
87902 5216
88002 24378
88102 6535
88202 56471
88302 19832
88402 21702
88502 1572
88602 43725
88702 2957
88802 40564
88902 41226
89002 39932
89102 27609
89202 49340
89302 60089
89402 22625
89502 22612
89602 56778
89702 28138
89802 42486
89902 65386
90002 18847
90102 53889
