102 291
202 32709
302 42420
402 49426
502 46666
602 63893
702 16185
802 41822
902 65369
1002 32194
1102 56603
1202 20425
1302 152
1402 21971
1502 56454
1602 38065
1702 14921
1802 53603
1902 6512
2002 14427
2102 13108
2202 44326
2302 60577
2402 7401
2502 45357
2602 65108
2702 25803
2802 49349
2902 38736
3002 6702
3102 13699
3202 41899
3302 32317
3402 17004
3502 38836
3602 34778
3702 45786
3802 5066
3902 14564
4002 9648
4102 32903
4202 45724
4302 19393
4402 49954
4502 39026
4602 55348
4702 20176
4802 58070
4902 42502
5002 193
5102 37697
5202 39046
5302 55015
5402 47934
5502 13509
5602 23649
5702 35513
5802 44101
5902 27127
6002 44344
6102 59620
6202 47184
6302 19294
6402 55996
6502 60823
6602 12173
6702 32104
6802 57159
6902 2286
7002 41186
7102 60936
7202 45952
7302 45745
7402 3669
7502 7895
7602 25637
7702 25181
7802 34352
7902 11303
8002 49847
8102 41401
8202 21233
8302 20496
8402 41985
8502 24222
8602 63551
8702 27561
8802 27052
8902 43002
9002 28617
9102 57706
9202 3402
9302 26438
9402 35100
9502 5795
9602 63670
9702 12230
9802 19481
9902 11396
10002 29885
10102 32911
10202 56374
10302 51188
10402 48656
10502 57492
10602 53511
10702 58824
10802 8118
10902 20389
11002 53805
11102 11546
11202 39069
11302 25709
11402 16816
11502 13137
11602 52280
11702 38944
11802 45404
11902 28688
12002 36317
12102 33752
12202 8906
12302 40072
12402 54675
12502 22873
12602 29120
12702 54048
12802 12442
12902 6219
13002 24404
13102 22970
13202 32162
13302 6002
13402 18828
13502 34354
13602 163
13702 25943
13802 39810
13902 65474
14002 56233
14102 17732
14202 19519
14302 50658
14402 9102
14502 57974
14602 55088
14702 58559
14802 54083
14902 22300
15002 22395
15102 63040
15202 54880
15302 28520
15402 41208
15502 41894
15602 53200
15702 17388
15802 50400
15902 60298
16002 43380
16102 23603
16202 41789
16302 65213
16402 15871
16502 65457
16602 38789
16702 10520
16802 34971
16902 18383
17002 42941
17102 47342
17202 38337
17302 15159
17402 54202
17502 48525
17602 26823
17702 29049
17802 26525
17902 8857
18002 29014
18102 32567
18202 30712
18302 8668
18402 32120
18502 8925
18602 41483
18702 45431
18802 46250
18902 37543
19002 52982
19102 25168
19202 23020
19302 33452
19402 55020
19502 7055
19602 24907
19702 36354
19802 51648
19902 54448
20002 6284
20102 55530
20202 43615
20302 7876
20402 12059
20502 61247
20602 49967
20702 8492
20802 5493
20902 22636
21002 34256
21102 2684
21202 16556
21302 4450
21402 59552
21502 45686
21602 52085
21702 19630
21802 57218
21902 37748
22002 32946
22102 657
22202 49222
22302 21209
22402 14789
22502 39454
22602 55551
22702 50046
22802 28927
22902 36386
23002 51405
23102 30163
23202 7714
23302 36306
23402 60835
23502 59529
23602 5042
23702 6319
23802 38425
23902 38852
24002 53572
24102 25266
24202 13896
24302 33414
24402 11706
24502 26112
24602 7195
24702 35284
24802 18793
24902 38504
25002 18616
25102 6589
25202 7488
25302 53539
25402 43338
25502 44892
25602 717
25702 14056
25802 2364
25902 21563
26002 7261
26102 33446
26202 16222
26302 56063
26402 3415
26502 45967
26602 47944
26702 8428
26802 14887
26902 39839
27002 45634
27102 21297
27202 36578
27302 11847
27402 38646
27502 28371
27602 5408
27702 34088
27802 23258
27902 50448
28002 38980
28102 64048
28202 41383
28302 48814
28402 17352
28502 49714
28602 32202
28702 22310
28802 32576
28902 6920
29002 25323
29102 39341
29202 52882
29302 41851
29402 22550
29502 273
29602 46259
29702 2854
29802 10226
29902 18901
30002 65108
30102 25797
30202 37011
30302 45733
30402 16425
30502 35442
30602 57892
30702 8262
30802 45860
30902 58628
31002 60543
31102 954
31202 34629
31302 25288
31402 35978
31502 27234
31602 59995
31702 10813
31802 42135
31902 64791
32002 24710
32102 39865
32202 39387
32302 8475
32402 8
32502 22999
32602 29712
32702 22830
32802 16790
32902 7637
33002 7823
33102 7519
33202 32137
33302 27631
33402 48326
33502 44111
33602 21966
33702 53943
33802 57886
33902 55718
34002 49668
34102 54410
34202 47335
34302 4646
34402 38387
34502 23819
34602 38403
34702 24125
34802 25959
34902 42219
35002 2149
35102 24885
35202 35471
35302 56725
35402 9439
35502 18089
35602 16886
35702 3066
35802 28149
35902 2353
36002 21938
36102 17442
36202 2045
36302 13663
36402 60553
36502 47212
36602 43669
36702 34873
36802 64302
36902 11452
37002 15902
37102 29182
37202 29790
37302 5731
37402 8784
37502 65206
37602 65042
37702 18528
37802 48730
37902 2577
38002 39385
38102 31778
38202 4661
38302 64671
38402 40469
38502 42502
38602 58910
38702 39948
38802 30239
38902 8808
39002 5688
39102 18645
39202 19776
39302 60842
39402 42236
39502 5733
39602 8741
39702 37752
39802 30082
39902 33230
40002 58419
40102 21309
40202 44180
40302 47251
40402 57997
40502 33155
40602 51419
40702 82
40802 6769
40902 24473
41002 2014
41102 63146
41202 752
41302 25512
41402 24322
41502 27870
41602 15699
41702 43276
41802 56930
41902 7161
42002 41973
42102 63862
42202 34832
42302 26426
42402 39719
42502 21627
42602 47524
42702 23381
42802 56826
42902 31626
43002 9090
43102 61028
43202 5667
43302 43745
43402 17059
43502 34863
43602 60798
43702 41912
43802 33713
43902 31129
44002 25887
44102 29339
44202 63987
44302 8569
44402 2728
44502 36038
44602 34845
44702 40245
44802 24350
44902 62791
45002 52640
45102 24382
45202 7671
45302 2215
45402 19118
45502 9990
45602 50075
45702 14260
45802 6606
45902 40892
46002 33313
46102 48190
46202 4645
46302 16276
46402 64841
46502 18100
46602 9115
46702 64632
46802 47422
46902 54194
47002 8579
47102 21533
47202 37890
47302 24948
47402 56827
47502 51799
47602 44880
47702 61611
47802 29164
47902 38062
48002 22981
48102 64518
48202 27105
48302 59362
48402 63901
48502 2168
48602 18884
48702 58965
48802 7095
48902 53317
49002 28936
49102 62122
49202 27926
49302 54316
49402 18607
49502 7120
49602 3172
49702 15936
49802 27920
49902 7796
50002 37791
50102 63079
50202 158
50302 19079
50402 16653
50502 57105
50602 1398
50702 42797
50802 7722
50902 14892
51002 7618
51102 46837
51202 40790
51302 25654
51402 48676
51502 17083
51602 21389
51702 64296
51802 32140
51902 746
52002 56349
52102 17509
52202 25498
52302 50321
52402 55733
52502 31737
52602 51621
52702 13943
52802 36766
52902 16240
53002 2872
53102 45569
53202 11258
53302 14375
53402 9789
53502 30767
53602 54202
53702 20999
53802 40636
53902 9200
54002 54339
54102 5511
54202 61589
54302 45894
54402 31917
54502 35126
54602 17627
54702 60734
54802 46519
54902 56434
55002 46468
55102 21900
55202 57730
55302 56889
55402 32384
55502 36920
55602 64264
55702 19153
55802 11134
55902 20602
56002 40459
56102 39653
56202 3535
56302 59272
56402 20960
56502 9425
56602 41887
56702 47199
56802 47658
56902 44173
57002 6189
57102 13136
57202 54981
57302 60184
57402 10616
57502 19355
57602 50922
57702 53125
57802 58412
57902 56835
58002 14697
58102 39402
58202 23503
58302 63302
58402 14240
58502 8988
58602 50521
58702 64706
58802 12323
58902 59038
59002 43064
59102 58476
59202 64062
59302 22699
59402 974
59502 27187
59602 51328
59702 23214
59802 12059
59902 9097
60002 8493
60102 64424
60202 13309
60302 8786
60402 50430
60502 47633
60602 33175
60702 12472
60802 19679
60902 46792
61002 24282
61102 24255
61202 33763
61302 64750
61402 46887
61502 62066
61602 18955
61702 35380
61802 20332
61902 28491
62002 40375
62102 5474
62202 55626
62302 27501
62402 30180
62502 50017
62602 57844
62702 1193
62802 48869
62902 2227
63002 40567
63102 38015
63202 19813
63302 35946
63402 38622
63502 62887
63602 42001
63702 42706
63802 53001
63902 25950
64002 35254
64102 6161
64202 12119
64302 31246
64402 37603
64502 22048
64602 10637
64702 47394
64802 43956
64902 64837
65002 44519
65102 18762
65202 53515
65302 57097
65402 37482
65502 58909
65602 8177
65702 20695
65802 1475
65902 30662
66002 58486
66102 20402
66202 1922
66302 57092
66402 6079
66502 39968
66602 37088
66702 56469
66802 28373
66902 16026
67002 50026
67102 25712
67202 21764
67302 59986
67402 6909
67502 45872
67602 17348
67702 28308
67802 62756
67902 18188
68002 62456
68102 16842
68202 10627
68302 30632
68402 39819
68502 33745
68602 10043
68702 23262
68802 58365
68902 25473
69002 11997
69102 52649
69202 60033
69302 2329
69402 205
69502 960
69602 42915
69702 62802
69802 5281
69902 62138
70002 36238
70102 5686
70202 13852
70302 44682
70402 63167
70502 14688
70602 43765
70702 6870
70802 48671
70902 13903
71002 65160
71102 48144
71202 61139
71302 12908
71402 6839
71502 24924
71602 46166
71702 34623
71802 40700
71902 32155
72002 2827
72102 64186
72202 54758
72302 46309
72402 30972
72502 14011
72602 24942
72702 61815
72802 27923
72902 3289
73002 1968
73102 58634
73202 24270
73302 31134
73402 56797
73502 9051
73602 62059
73702 35664
73802 63566
73902 54443
74002 33945
74102 13414
74202 39029
74302 48707
74402 21594
74502 7003
74602 47646
74702 31945
74802 21740
74902 48709
75002 10004
75102 24743
75202 4001
75302 6583
75402 58469
75502 9797
75602 38166
75702 5663
75802 41205
75902 626
76002 59919
76102 50206
76202 10319
76302 49471
76402 31716
76502 33451
76602 59091
76702 61491
76802 24486
76902 64240
77002 45722
77102 5257
77202 41078
77302 58582
77402 5858
77502 29095
77602 48396
77702 54110
77802 27811
77902 8684
78002 58176
78102 39884
78202 4323
78302 42573
78402 27448
78502 36670
78602 43737
78702 19965
78802 14605
78902 2808
79002 12575
79102 34853
79202 53284
79302 1966
79402 19614
79502 13817
79602 28907
79702 20284
79802 7947
79902 61322
80002 19069
80102 45109
80202 23641
80302 41418
80402 13004
80502 60533
80602 62102
80702 62294
80802 59256
80902 5610
81002 45531
81102 26611
81202 42181
81302 17573
81402 15603
81502 36024
81602 15130
81702 44686
81802 58570
81902 46884
82002 21791
82102 47403
82202 7081
82302 45766
82402 13966
82502 19402
82602 58269
82702 55157
82802 52503
82902 64461
83002 59111
83102 38745
83202 14267
83302 20068
83402 32677
83502 62913
83602 28716
83702 26480
83802 50287
83902 50585
84002 12632
84102 62192
84202 51547
84302 34061
84402 39541
84502 57094
84602 20848
84702 57991
84802 59052
84902 14273
85002 20218
85102 22105
85202 48689
85302 19080
85402 38877
85502 16776
85602 19697
85702 40276
85802 17848
85902 59533
86002 43501
86102 46173
86202 48911
86302 32538
86402 53569
86502 64482
86602 36372
86702 45031
86802 17937
86902 11402
87002 42740
87102 18644
87202 5834
87302 42235
87402 24612
87502 4650
87602 61089
87702 31744
87802 4459
87902 20995
88002 24901
88102 48179
88202 35491
88302 15724
88402 42956
88502 15402
88602 46173
88702 65303
88802 49133
88902 1605
89002 4175
89102 56385
89202 27591
89302 62633
89402 20967
89502 11360
89602 16500
89702 14875
89802 5441
89902 4368
90002 38464
90102 26797
