102 47686
202 13288
302 32530
402 44153
502 60613
602 28649
702 10980
802 45873
902 56071
1002 64417
1102 2169
1202 48242
1302 29121
1402 38370
1502 6016
1602 9325
1702 47393
1802 36636
1902 31887
2002 43973
2102 31018
2202 3639
2302 31296
2402 37917
2502 6605
2602 9191
2702 32247
2802 14267
2902 35958
3002 29574
3102 18573
3202 16577
3302 37870
3402 54758
3502 63504
3602 47483
3702 42166
3802 23609
3902 62103
4002 24440
4102 10731
4202 2658
4302 62984
4402 30134
4502 56683
4602 9498
4702 24626
4802 44034
4902 52036
5002 54514
5102 40982
5202 14602
5302 29420
5402 31578
5502 23060
5602 13577
5702 39074
5802 44033
5902 57830
6002 12399
6102 36720
6202 57661
6302 12829
6402 16749
6502 54430
6602 20347
6702 1038
6802 57058
6902 63964
7002 40474
7102 39230
7202 58806
7302 33943
7402 20993
7502 35802
7602 27518
7702 65376
7802 47402
7902 32983
8002 18089
8102 8291
8202 25897
8302 7217
8402 1332
8502 18062
8602 17516
8702 37973
8802 7997
8902 52398
9002 17323
9102 27361
9202 61938
9302 30007
9402 49490
9502 58867
9602 26867
9702 7055
9802 61761
9902 64905
10002 58404
10102 38094
10202 49756
10302 2172
10402 51729
10502 5095
10602 2902
10702 17885
10802 33607
10902 52291
11002 8261
11102 8317
11202 42057
11302 64175
11402 33247
11502 10486
11602 63861
11702 24952
11802 53384
11902 35009
12002 36723
12102 51427
12202 4414
12302 55941
12402 20890
12502 62510
12602 18457
12702 63683
12802 18129
12902 58712
13002 61217
13102 55740
13202 49549
13302 42724
13402 2014
13502 47922
13602 33330
13702 10071
13802 34645
13902 13791
14002 13048
14102 54558
14202 35908
14302 51180
14402 48082
14502 22025
14602 32534
14702 32964
14802 54553
14902 6387
15002 57849
15102 41370
15202 51715
15302 12144
15402 22321
15502 27807
15602 8331
15702 32367
15802 16225
15902 10895
16002 6096
16102 51469
16202 51346
16302 6875
16402 35817
16502 30170
16602 8877
16702 46404
16802 9414
16902 26239
17002 63194
17102 3403
17202 48708
17302 23460
17402 56321
17502 4446
17602 34037
17702 17591
17802 54502
17902 53476
18002 12474
18102 53711
18202 64643
18302 37401
18402 13284
18502 50735
18602 5374
18702 65341
18802 1896
18902 42724
19002 34734
19102 18981
19202 9740
19302 16325
19402 54289
19502 24379
19602 25643
19702 30940
19802 10778
19902 50993
20002 30614
20102 62628
20202 41278
20302 1399
20402 44073
20502 955
20602 57427
20702 24981
20802 53997
20902 34925
21002 50141
21102 10358
21202 36571
21302 10924
21402 32830
21502 61498
21602 60086
21702 49984
21802 19086
21902 4095
22002 16592
22102 587
22202 1034
22302 48068
22402 54524
22502 24359
22602 4237
22702 36578
22802 42126
22902 11679
23002 15710
23102 10019
23202 9768
23302 13804
23402 50614
23502 23883
23602 36453
23702 3611
23802 27371
23902 28001
24002 51312
24102 36617
24202 24804
24302 63511
24402 3203
24502 17155
24602 34817
24702 52235
24802 34958
24902 2177
25002 16670
25102 62349
25202 2674
25302 57643
25402 9167
25502 56977
25602 54537
25702 47433
25802 27569
25902 63468
26002 18561
26102 13439
26202 32323
26302 30915
26402 25231
26502 9326
26602 26205
26702 5141
26802 45326
26902 64557
27002 44206
27102 25413
27202 7230
27302 24851
27402 59612
27502 43727
27602 19731
27702 14741
27802 7879
27902 55291
28002 49302
28102 6220
28202 56888
28302 52662
28402 40676
28502 17221
28602 52088
28702 27734
28802 51007
28902 42992
29002 17853
29102 49359
29202 28785
29302 31494
29402 28432
29502 53589
29602 19780
29702 5490
29802 23425
29902 33761
30002 50317
30102 10421
30202 35132
30302 64753
30402 61352
30502 51157
30602 15478
30702 52844
30802 49554
30902 34639
31002 3370
31102 36762
31202 61381
31302 9143
31402 62306
31502 30872
31602 53967
31702 49625
31802 3525
31902 42411
32002 53934
32102 56896
32202 14629
32302 64505
32402 53526
32502 37305
32602 12287
32702 48275
