102 19023
202 45417
302 55130
402 37266
502 19391
602 47865
702 32150
802 50606
902 39451
1002 59609
1102 38840
1202 59602
1302 37916
1402 57400
1502 11808
1602 35767
1702 29139
1802 59295
1902 39733
2002 59838
2102 20017
2202 44055
2302 12976
2402 65431
2502 46361
2602 14251
2702 56866
2802 51921
2902 58293
3002 27254
3102 38523
3202 44889
3302 47718
3402 56806
3502 43168
3602 22963
3702 38024
3802 64392
3902 37261
4002 42894
4102 16836
4202 20510
4302 30842
4402 16517
4502 10203
4602 4239
4702 34590
4802 5768
4902 48349
5002 25673
5102 48871
5202 59723
5302 13764
5402 26053
5502 52020
5602 62718
5702 5130
5802 26738
5902 34037
6002 54063
6102 53620
6202 62244
6302 12385
6402 31571
6502 18056
6602 36042
6702 32560
6802 41610
6902 22678
7002 27930
7102 56078
7202 59088
7302 37450
7402 14954
7502 43139
7602 53957
7702 1607
7802 51708
7902 52768
8002 34066
8102 60374
8202 43929
8302 62850
8402 27884
8502 18981
8602 16227
8702 20597
8802 56857
8902 18035
9002 14031
9102 22048
9202 11792
9302 4245
9402 19589
9502 9745
9602 9414
9702 43416
9802 9674
9902 65270
10002 51999
10102 24401
10202 6636
10302 30958
10402 39613
10502 13501
10602 2049
10702 14450
10802 7537
10902 10695
11002 25123
11102 55708
11202 31074
11302 18033
11402 62469
11502 13669
11602 6402
11702 22799
11802 9919
11902 17168
12002 63951
12102 14697
12202 16512
12302 18082
12402 56154
12502 5647
12602 65319
12702 13354
12802 43577
12902 62535
13002 18789
13102 58619
13202 6336
13302 5794
13402 14399
13502 35042
13602 4309
13702 20952
13802 20476
13902 30124
14002 46652
14102 19681
14202 35012
14302 53105
14402 16019
14502 6015
14602 27254
14702 17535
14802 20759
14902 10394
15002 18996
15102 12881
15202 2854
15302 29315
15402 48861
15502 41341
15602 14517
15702 4926
15802 31240
15902 57255
16002 55291
16102 15425
16202 36648
16302 62757
16402 34276
16502 8640
16602 37727
16702 22312
16802 1925
16902 59371
17002 36817
17102 7188
17202 40465
17302 25049
17402 18939
17502 6623
17602 18161
17702 28062
17802 28207
17902 22122
18002 32654
18102 4791
18202 26752
18302 17196
18402 16658
18502 6483
18602 29968
18702 9456
18802 38289
18902 25328
19002 36015
19102 32809
19202 40675
19302 45838
19402 54129
19502 11158
19602 18420
19702 4556
19802 27138
19902 59761
20002 46188
20102 60831
20202 44865
20302 60452
20402 46735
20502 33311
20602 39251
20702 44080
20802 59918
20902 47966
21002 58523
21102 17922
21202 1906
21302 5611
21402 45940
21502 37750
21602 48707
21702 11117
21802 24187
21902 59434
22002 17838
22102 5781
22202 3080
22302 1441
22402 23788
22502 46807
22602 62039
22702 56374
22802 51665
22902 21693
23002 40900
23102 48807
23202 24051
23302 47507
23402 26021
23502 46119
23602 18429
23702 53009
23802 24953
23902 39120
24002 62110
24102 26330
24202 37253
24302 64085
24402 41857
24502 57668
24602 37281
24702 33818
24802 4791
24902 24926
25002 21059
25102 18626
25202 11831
25302 26144
25402 10227
25502 17483
25602 12684
25702 4818
25802 1617
25902 14411
26002 50826
26102 56387
26202 56784
26302 40967
26402 42487
26502 28579
26602 61353
26702 27360
26802 18221
26902 17047
27002 31119
27102 28946
27202 9757
27302 21473
27402 21552
27502 39809
27602 6398
27702 236
27802 52224
27902 41498
28002 19205
28102 64741
28202 19080
28302 5760
28402 23341
28502 546
28602 18137
28702 17598
28802 19386
28902 34971
29002 56059
29102 28833
29202 29569
29302 40400
29402 43520
29502 49149
29602 65024
29702 17594
29802 1785
29902 34048
30002 43043
30102 60561
30202 6900
30302 29883
30402 11346
30502 25314
30602 22150
30702 64722
30802 26744
30902 2931
31002 42052
31102 40474
31202 47143
31302 64121
31402 60590
31502 34337
31602 9478
31702 46371
31802 44872
31902 21036
32002 21923
32102 57698
32202 10651
32302 30515
32402 50380
32502 47009
32602 5236
32702 50633
32802 7108
32902 18734
33002 4234
33102 44998
33202 7536
33302 4653
33402 45783
33502 56797
33602 5537
33702 12911
33802 35123
33902 42416
34002 15500
34102 28209
34202 5124
34302 38704
34402 51790
34502 37820
34602 52127
34702 56762
34802 27263
34902 49491
35002 17307
35102 8159
35202 65324
35302 58500
35402 18511
35502 4721
35602 46796
35702 12485
35802 48773
35902 20935
36002 46417
36102 37497
36202 63096
36302 5503
36402 52513
36502 23663
36602 30222
36702 54730
36802 48409
36902 51983
37002 8437
37102 8296
37202 58065
37302 32851
37402 21676
37502 41549
37602 19848
37702 46099
37802 16475
37902 62785
38002 3971
38102 59433
38202 61537
38302 17666
38402 30014
38502 54461
38602 45991
38702 39414
38802 12219
38902 53869
39002 20652
39102 37970
39202 55693
39302 56880
39402 27440
39502 42889
39602 14613
39702 49852
39802 33190
39902 63864
40002 55173
40102 23534
40202 33087
40302 42208
40402 34218
40502 32823
40602 19132
40702 9658
40802 51479
40902 48430
41002 53060
41102 3301
41202 56007
41302 40635
41402 48504
41502 36937
41602 4846
41702 229
41802 53367
41902 192
42002 19135
42102 23248
42202 25519
42302 13093
42402 7931
42502 18176
42602 25442
42702 59811
42802 63526
42902 59412
43002 53266
43102 61619
43202 30090
43302 95
43402 51511
43502 30594
43602 45150
43702 58532
43802 1679
43902 64215
44002 8662
44102 19908
44202 10301
44302 64815
44402 30755
44502 64945
44602 22156
44702 10254
44802 36006
44902 22281
45002 49746
45102 55259
45202 52341
45302 41980
45402 33704
45502 50339
45602 39702
45702 42643
45802 436
45902 14827
46002 56954
46102 41423
46202 19879
46302 36220
46402 13621
46502 24862
46602 60624
46702 43538
46802 26526
46902 37143
47002 46497
47102 20727
47202 51085
47302 36263
47402 6187
47502 33654
47602 16667
47702 8941
47802 11977
47902 44950
48002 13815
48102 24076
48202 742
48302 60301
48402 34855
48502 16481
48602 20663
48702 29047
48802 61367
48902 25656
49002 52672
49102 21347
49202 57117
49302 58937
49402 60807
49502 57365
49602 46780
49702 21529
49802 45799
49902 48063
50002 64541
50102 53004
50202 14193
50302 50732
50402 63713
50502 35025
50602 16942
50702 5055
50802 46568
50902 8750
51002 49735
51102 65528
51202 14767
51302 59745
51402 12606
51502 48271
51602 32562
51702 30320
51802 21710
51902 46847
52002 19611
52102 36382
52202 51588
52302 23969
52402 54499
52502 22014
52602 41862
52702 50831
52802 13482
52902 51197
53002 48349
53102 11210
53202 48183
53302 59556
53402 20336
53502 9655
53602 54152
53702 41467
53802 23227
53902 42997
54002 22860
54102 39168
54202 53913
54302 5470
54402 60629
54502 49700
54602 37514
54702 19751
54802 4011
54902 57573
55002 44289
55102 61557
55202 55014
55302 19352
55402 29979
55502 50314
55602 47754
55702 34169
55802 45030
55902 42809
56002 31646
56102 28251
56202 42642
56302 19375
56402 19926
56502 26169
56602 29673
56702 57489
56802 39214
56902 52365
57002 17140
57102 29518
57202 34837
57302 43756
57402 4111
57502 14175
57602 65232
57702 62184
57802 64532
57902 49737
58002 43137
58102 31097
58202 10290
58302 19314
58402 9985
58502 15547
58602 42445
58702 27426
58802 16511
58902 50918
59002 36117
59102 29800
59202 49817
59302 30354
59402 2551
59502 14966
59602 22870
59702 13717
59802 47775
59902 48524
60002 54607
60102 16149
60202 43114
60302 11366
60402 4625
60502 17739
60602 64823
60702 18946
60802 43509
60902 23912
61002 4435
61102 23024
61202 45269
61302 34616
61402 50305
61502 10764
61602 58720
61702 17406
61802 17442
61902 62213
62002 13709
62102 58198
62202 37526
62302 41105
62402 9168
62502 15845
62602 17645
62702 10829
62802 4498
62902 13145
63002 36596
63102 41215
63202 34900
63302 62585
63402 34885
63502 52024
63602 8959
63702 22954
63802 61403
63902 47429
64002 18275
64102 59741
64202 5013
64302 7400
64402 43621
64502 50639
64602 13821
64702 10511
64802 14341
64902 993
65002 64969
65102 58187
65202 45386
65302 58690
65402 5057
65502 12134
65602 23206
65702 33017
65802 31904
65902 481
66002 51260
66102 22664
66202 61411
66302 14157
66402 22859
66502 12033
66602 39855
66702 47689
66802 14003
66902 21413
67002 48904
67102 22184
67202 33018
67302 7342
67402 32789
67502 47396
67602 48324
67702 3482
67802 46886
67902 32545
68002 43986
68102 36479
68202 53968
68302 51923
68402 51655
68502 19953
68602 6838
68702 29820
68802 37070
68902 51076
69002 29674
69102 30593
69202 11045
69302 48314
69402 63557
69502 31972
69602 57375
69702 62472
69802 17784
69902 15941
70002 50513
70102 34763
70202 47190
70302 55678
70402 59906
70502 48476
70602 875
70702 43724
70802 59903
70902 36614
71002 5764
71102 22121
71202 38680
71302 13694
71402 1172
71502 22711
71602 8652
71702 48898
71802 20970
71902 18728
72002 25025
72102 15531
72202 37226
72302 27724
72402 7254
72502 23067
72602 26080
72702 62076
72802 63137
72902 4970
73002 56590
73102 22252
73202 41437
73302 16729
73402 5983
73502 31960
73602 211
73702 5432
73802 13424
73902 58900
74002 38468
74102 24395
74202 14965
74302 53727
74402 20039
74502 43685
74602 4616
74702 58075
74802 54097
74902 21603
75002 20698
75102 49286
75202 15152
75302 8321
75402 39075
75502 15262
75602 7893
75702 6498
75802 55636
75902 17332
76002 14656
76102 23719
76202 45099
76302 19211
76402 24923
76502 11791
76602 60491
76702 30245
76802 48019
76902 48590
77002 32464
77102 38243
77202 49630
77302 6787
77402 49694
77502 55151
77602 46187
77702 12056
77802 54112
77902 14923
78002 41214
78102 2111
78202 60112
78302 57103
78402 19504
78502 40043
78602 3900
78702 51419
78802 13448
78902 56559
79002 6622
79102 11984
79202 59964
79302 25254
79402 28626
79502 6054
79602 11290
79702 2420
79802 26467
79902 27863
80002 18567
80102 34937
80202 16451
80302 63324
80402 29479
80502 81
80602 28450
80702 61594
80802 37846
80902 18279
81002 16484
81102 31329
81202 201
81302 59769
81402 63522
81502 1698
81602 56982
81702 18472
81802 61938
81902 22659
82002 47245
82102 1617
82202 2342
82302 2198
82402 2542
82502 36401
82602 1660
82702 22674
82802 5132
82902 61584
83002 36551
83102 2174
83202 4574
83302 6555
83402 4998
83502 20029
83602 35534
83702 42991
83802 18412
83902 48889
84002 24224
84102 30606
84202 32077
84302 60934
84402 6242
84502 14838
84602 5340
84702 35940
84802 32166
84902 44194
85002 39986
85102 25579
85202 27634
85302 34768
85402 58132
85502 54017
85602 17411
85702 23819
85802 25405
85902 25905
86002 38548
86102 16578
86202 38578
86302 64003
86402 39330
86502 13578
86602 36670
86702 42425
86802 54624
86902 8700
87002 8946
87102 47920
87202 5958
87302 64912
87402 26999
87502 59888
87602 8423
87702 2150
87802 38500
87902 3760
88002 1616
88102 54852
88202 1157
88302 59043
88402 40902
88502 52363
88602 5791
88702 51123
88802 32890
88902 57116
89002 1110
89102 30442
89202 28283
89302 61204
89402 54958
89502 17601
89602 36314
89702 17586
89802 52721
89902 63168
90002 12471
90102 39281
