102 48077
202 45335
302 1457
402 18872
502 58102
602 19776
702 35886
802 34378
902 10610
1002 35857
1102 57817
1202 45191
1302 27940
1402 9493
1502 12639
1602 54061
1702 39705
1802 54151
1902 41138
2002 30493
2102 47787
2202 13478
2302 29854
2402 28321
2502 34502
2602 43616
2702 6495
2802 30469
2902 32214
3002 57514
3102 65008
3202 14695
3302 50278
3402 36509
3502 34438
3602 61646
3702 8530
3802 16702
3902 25437
4002 34852
4102 1809
4202 40534
4302 20782
4402 27749
4502 74
4602 19727
4702 42796
4802 44674
4902 39873
5002 7488
5102 35534
5202 44720
5302 15814
5402 38630
5502 19229
5602 8478
5702 17120
5802 32296
5902 21743
6002 20316
6102 63330
6202 42134
6302 14172
6402 42442
6502 28414
6602 38614
6702 34073
6802 20038
6902 45679
7002 19262
7102 26894
7202 63051
7302 24723
7402 28576
7502 8506
7602 26055
7702 5683
7802 29617
7902 47604
8002 43320
8102 64803
8202 47348
8302 48408
8402 26888
8502 22917
8602 16748
8702 36864
8802 1548
8902 16601
9002 5170
9102 10280
9202 48053
9302 18445
9402 56197
9502 134
9602 3039
9702 45411
9802 54794
9902 25608
10002 58659
10102 8096
10202 19983
10302 45652
10402 49574
10502 61058
10602 5195
10702 31695
10802 43287
10902 53072
11002 38014
11102 11096
11202 33563
11302 40921
11402 12978
11502 18773
11602 64723
11702 57239
11802 5784
11902 7008
12002 47846
12102 11950
12202 24687
12302 39784
12402 26931
12502 47909
12602 27105
12702 32874
12802 15480
12902 15411
13002 55755
13102 19243
13202 28634
13302 44320
13402 17007
13502 42938
13602 39421
13702 58621
13802 44343
13902 45587
14002 63708
14102 59585
14202 42614
14302 46518
14402 50253
14502 42787
14602 26458
14702 47714
14802 8329
14902 9101
15002 49839
15102 1376
15202 10369
15302 21553
15402 7526
15502 41870
15602 8833
15702 37481
15802 20007
15902 34050
16002 14790
16102 49411
16202 40438
16302 28319
16402 47871
16502 62235
16602 39070
16702 29455
16802 5626
16902 23208
17002 12601
17102 36896
17202 45946
17302 32760
17402 61297
17502 34175
17602 17580
17702 63731
17802 61069
17902 41309
18002 25000
18102 39789
18202 4373
18302 40320
18402 45996
18502 20838
18602 31507
18702 34418
18802 51193
18902 50924
19002 106
19102 61527
19202 2877
19302 30763
19402 969
19502 45004
19602 55864
19702 61095
19802 45660
19902 2287
20002 43565
20102 54676
20202 35039
20302 29231
20402 13969
20502 42655
20602 46803
20702 2111
20802 60739
20902 52254
21002 13199
21102 42075
21202 10028
21302 63441
21402 28840
21502 17197
21602 16283
21702 25041
21802 30985
21902 24760
22002 54153
22102 36948
22202 50620
22302 62027
22402 18279
22502 61868
22602 37809
22702 25593
22802 7119
22902 40063
23002 59483
23102 34554
23202 14780
23302 3361
23402 41170
23502 36317
23602 57953
23702 49058
23802 38218
23902 22348
24002 23751
24102 56189
24202 29279
24302 51268
24402 17933
24502 8030
24602 38860
24702 26751
24802 2398
24902 30622
25002 7079
25102 7300
25202 13886
25302 17601
25402 35471
25502 18006
25602 50759
25702 30072
25802 52116
25902 55178
26002 28279
26102 18430
26202 32556
26302 61760
26402 33547
26502 13415
26602 7063
26702 18168
26802 5001
26902 59913
27002 28227
27102 45300
27202 4265
27302 50136
27402 60626
27502 1309
27602 53483
27702 26988
27802 39908
27902 60918
28002 40345
28102 8472
28202 20531
28302 8958
28402 34881
28502 25123
28602 60663
28702 49823
28802 42111
28902 55221
29002 28405
29102 43841
29202 41423
29302 27273
29402 6588
29502 12750
29602 47266
29702 36779
29802 56940
29902 19447
30002 29693
30102 49105
30202 3019
30302 32516
30402 1785
30502 51392
30602 44475
30702 22064
30802 3524
30902 44590
31002 20888
31102 2757
31202 56594
31302 54963
31402 1133
31502 35521
31602 8866
31702 55121
31802 44930
31902 8418
32002 31714
32102 37733
32202 44347
32302 53021
32402 31188
32502 43653
32602 7601
32702 50883
32802 21473
32902 65089
33002 26972
33102 38868
33202 23423
33302 23276
33402 24245
33502 4955
33602 56703
33702 5540
33802 13893
33902 6645
34002 44636
34102 50000
34202 5142
34302 1982
34402 62860
34502 16209
34602 61600
34702 43837
34802 26950
34902 65383
35002 32923
35102 52351
35202 25433
35302 32693
35402 35795
35502 49318
35602 15891
35702 21933
35802 20187
35902 26622
36002 4893
36102 33183
36202 1715
36302 55038
36402 26533
36502 43730
36602 57158
36702 13748
36802 15386
36902 18694
37002 23173
37102 3090
37202 59592
37302 50054
37402 15478
37502 2474
37602 38436
37702 43813
37802 24275
37902 20490
38002 756
38102 27962
38202 29593
38302 62300
38402 59379
38502 10800
38602 7014
38702 15561
38802 55338
38902 22399
39002 44852
39102 12596
39202 10274
39302 56737
39402 18267
39502 11569
39602 28125
39702 57781
39802 30669
39902 1776
40002 49570
40102 59841
40202 55779
40302 2737
40402 43297
40502 34750
40602 25741
40702 53584
40802 56164
40902 39848
41002 6686
41102 15718
41202 24107
41302 28287
41402 49075
41502 18956
41602 28850
41702 23677
41802 47527
41902 12835
42002 55872
42102 39541
42202 36243
42302 45705
42402 35206
42502 29030
42602 25124
42702 17287
42802 20068
42902 7153
43002 20312
43102 2154
43202 60323
43302 7122
43402 36804
43502 2106
43602 48507
43702 46591
43802 45654
43902 59829
44002 63348
44102 44811
44202 28268
44302 20112
44402 31307
44502 26575
44602 5558
44702 34804
44802 28945
44902 55311
45002 37936
45102 52163
45202 51678
45302 26885
45402 5686
45502 36304
45602 39821
45702 42396
45802 47286
45902 47714
46002 17919
46102 35390
46202 7008
46302 16465
46402 9613
46502 1944
46602 56177
46702 59692
46802 7724
46902 5929
47002 59566
47102 13843
47202 11625
47302 25856
47402 5654
47502 63332
47602 27577
47702 20376
47802 31295
47902 63350
48002 18640
48102 30570
48202 15763
48302 28558
48402 64540
48502 6369
48602 57925
48702 16731
48802 1153
48902 30106
49002 17717
49102 4228
49202 25357
49302 39665
49402 55284
49502 3389
49602 13465
49702 43579
49802 18556
49902 47068
50002 3467
50102 16044
50202 8609
50302 48945
50402 58608
50502 19953
50602 59743
50702 49599
50802 12206
50902 5675
51002 18596
51102 24669
51202 3612
51302 45896
51402 52341
51502 2644
51602 57350
51702 46791
51802 28495
51902 53671
52002 15763
52102 26970
52202 65387
52302 61454
52402 49564
52502 29068
52602 40409
52702 40276
52802 34272
52902 25039
53002 8378
53102 18999
53202 39761
53302 11388
53402 40641
53502 41249
53602 56560
53702 36882
53802 55885
53902 7620
54002 13742
54102 34870
54202 37750
54302 65227
54402 57858
54502 60233
54602 13434
54702 33530
54802 27686
54902 54309
55002 35549
55102 41516
55202 8884
55302 22626
55402 11983
55502 10722
55602 65437
55702 36628
55802 6216
55902 33271
56002 58298
56102 27755
56202 17648
56302 46242
56402 51132
56502 25804
56602 14954
56702 23774
56802 2484
56902 37666
57002 65106
57102 55910
57202 49451
57302 48931
57402 9061
57502 19872
57602 1524
57702 3964
57802 19296
57902 25373
58002 57725
58102 49047
58202 6567
58302 37446
58402 35439
58502 44491
58602 18769
58702 19662
58802 9715
58902 25702
59002 54292
59102 2189
59202 45458
59302 35270
59402 48645
59502 48142
59602 61456
59702 57632
59802 43325
59902 11421
60002 41852
60102 58721
60202 60355
60302 28323
60402 22606
60502 43655
60602 1046
60702 26228
60802 6375
60902 54392
61002 46127
61102 11536
61202 9239
61302 29177
61402 28764
61502 26932
61602 29859
61702 19436
61802 26135
61902 9265
62002 58984
62102 53967
62202 32867
62302 61157
62402 24871
62502 38589
62602 34054
62702 25532
62802 33920
62902 63325
63002 20744
63102 64877
63202 21395
63302 6057
63402 9719
63502 26888
63602 27488
63702 62212
63802 34887
63902 58235
64002 33974
64102 46883
64202 40417
64302 56907
64402 30110
64502 40053
64602 17661
64702 21804
64802 27828
64902 28845
65002 53762
65102 18227
65202 48870
65302 44673
65402 32483
65502 3277
65602 63930
65702 63218
65802 46742
65902 1848
66002 65452
66102 34056
66202 39489
66302 61355
66402 34680
66502 23659
66602 12535
66702 19681
66802 4320
66902 19859
67002 26858
67102 23519
67202 43589
67302 9323
67402 9771
67502 65352
67602 5009
67702 51860
67802 9871
67902 29421
68002 2251
68102 6397
68202 23367
68302 38895
68402 13571
68502 60308
68602 63578
68702 39774
68802 60056
68902 4391
69002 25340
69102 23428
69202 46685
69302 32601
69402 41249
69502 36499
69602 58893
69702 25086
69802 45439
69902 56496
70002 3267
70102 49976
70202 32042
70302 30867
70402 26790
70502 33101
70602 60749
70702 12282
70802 58444
70902 20363
71002 40410
71102 29697
71202 54140
71302 2698
71402 47957
71502 60118
71602 17903
71702 17943
71802 36011
71902 37803
72002 55500
72102 42119
72202 17364
72302 54271
72402 40187
72502 61650
72602 3161
72702 21778
72802 7178
72902 25650
73002 13484
73102 60438
73202 15183
73302 12771
73402 38682
73502 12331
73602 54570
73702 34016
73802 33247
73902 38944
74002 33957
74102 27429
74202 13802
74302 3250
74402 4765
74502 22921
74602 17951
74702 37923
74802 25147
74902 25268
75002 24100
75102 16409
75202 4222
75302 21622
75402 27302
75502 10687
75602 41160
75702 27383
75802 21938
75902 27508
76002 60759
76102 65522
76202 9249
76302 36301
76402 20208
76502 63311
76602 52589
76702 63087
76802 19300
76902 56027
77002 42957
77102 6331
77202 60924
77302 25698
77402 33813
77502 63191
77602 593
77702 2219
77802 1384
77902 63839
78002 41853
78102 26915
78202 24181
78302 65052
78402 34869
78502 22373
78602 29896
78702 59990
78802 52016
78902 50611
79002 7862
79102 32274
79202 44957
79302 54762
79402 62769
79502 50128
79602 16016
79702 5065
79802 56576
79902 33981
80002 33059
80102 59871
80202 29012
80302 33864
80402 488
80502 11653
80602 49594
80702 4295
80802 4029
80902 11902
81002 54653
81102 54218
81202 62711
81302 20905
81402 61463
81502 14666
81602 61040
81702 39972
81802 34601
81902 53969
82002 14290
82102 34067
82202 33949
82302 61932
82402 30909
82502 61954
82602 63976
82702 23438
82802 52219
82902 50963
83002 47598
83102 53520
83202 8835
83302 61739
83402 1833
83502 2020
83602 63823
83702 30336
83802 19442
83902 7428
84002 50746
84102 39714
84202 53032
84302 46409
84402 1643
84502 10340
84602 42746
84702 31351
84802 51331
84902 18551
85002 57629
85102 59656
85202 20680
85302 1257
85402 18493
85502 45522
85602 45299
85702 43499
85802 54514
85902 60017
86002 52706
86102 9264
86202 16854
86302 2785
86402 50442
86502 9640
86602 1025
86702 51751
86802 40231
86902 34926
87002 47726
87102 52783
87202 65172
87302 4700
87402 42594
87502 45137
87602 64460
87702 48524
87802 4341
87902 48528
88002 16809
88102 3679
88202 58522
88302 41828
88402 14785
88502 50863
88602 59400
88702 21698
88802 16171
88902 22475
89002 35342
89102 31093
89202 59011
89302 49330
89402 34552
89502 1231
89602 1819
89702 26616
89802 10845
89902 52090
90002 44530
90102 44318
90202 19108
90302 49522
90402 26356
90502 40932
