102 47129
202 15718
302 48299
402 49187
502 49373
602 30785
702 32060
802 48411
902 33701
1002 61573
1102 18537
1202 9621
1302 62785
1402 64870
1502 47626
1602 1234
1702 7504
1802 49426
1902 15758
2002 15597
2102 7256
2202 56068
2302 41824
2402 22781
2502 17806
2602 10512
2702 38015
2802 42563
2902 13984
3002 29736
3102 38948
3202 54169
3302 55301
3402 25862
3502 28032
3602 50842
3702 59227
3802 20648
3902 7431
4002 17037
4102 27982
4202 52732
4302 31580
4402 39947
4502 55256
4602 18078
4702 18865
4802 30951
4902 23591
5002 18558
5102 30014
5202 19984
5302 20525
5402 7784
5502 54842
5602 16676
5702 48355
5802 65282
5902 37255
6002 28017
6102 41564
6202 47401
6302 46267
6402 46258
6502 8314
6602 38987
6702 39012
6802 59351
6902 24963
7002 2235
7102 45589
7202 2520
7302 49523
7402 42432
7502 9
7602 23492
7702 61207
7802 60144
7902 12189
8002 46178
8102 58574
8202 25787
8302 21410
8402 40495
8502 10743
8602 15012
8702 9525
8802 64908
8902 2373
9002 65101
9102 51314
9202 14397
9302 33711
9402 53130
9502 39926
9602 55521
9702 30394
9802 24061
9902 62217
10002 8276
10102 57446
10202 46057
10302 12048
10402 50200
10502 23005
10602 18465
10702 64610
10802 891
10902 19555
11002 45959
11102 49812
11202 10156
11302 47719
11402 55944
11502 22508
11602 2970
11702 53181
11802 2954
11902 54461
12002 43695
12102 7763
12202 16959
12302 56758
12402 59859
12502 62144
12602 16944
12702 28342
12802 58325
12902 28702
13002 19377
13102 10599
13202 63667
13302 41547
13402 7089
13502 51393
13602 39402
13702 53401
13802 26703
13902 5398
14002 35447
14102 53205
14202 45074
14302 22637
14402 26777
14502 33362
14602 62510
14702 16554
14802 63771
14902 28887
15002 46721
15102 42644
15202 30760
15302 38770
15402 23324
15502 56770
15602 64104
15702 1931
15802 7162
15902 63537
16002 13439
16102 16555
16202 30406
16302 52862
16402 8080
16502 62784
16602 40898
16702 45492
16802 12903
16902 6215
17002 62441
17102 3547
17202 41419
17302 59742
17402 54804
17502 31307
17602 39183
17702 52624
17802 8806
17902 14458
18002 39694
18102 2740
18202 37154
18302 17314
18402 2019
18502 28163
18602 64885
18702 11951
18802 2768
18902 32525
19002 59993
19102 60275
19202 65143
19302 31286
19402 45363
19502 56020
19602 58973
19702 45861
19802 28713
19902 36364
20002 22457
20102 4625
20202 29266
20302 5560
20402 30619
20502 13567
20602 26205
20702 7705
20802 20079
20902 36321
21002 42011
21102 550
21202 22302
21302 47117
21402 274
21502 45042
21602 23307
21702 13547
21802 63691
21902 13334
22002 62528
22102 62445
22202 55850
22302 12169
22402 53004
22502 44570
22602 11920
22702 47590
22802 34655
22902 4938
23002 33595
23102 47351
23202 27377
23302 46440
23402 54315
23502 53068
23602 1510
23702 8766
23802 49016
23902 20560
24002 25761
24102 50453
24202 59893
24302 47498
24402 6807
24502 23109
24602 27970
24702 23170
24802 60610
24902 10018
25002 37611
25102 37506
25202 35903
25302 35062
25402 1577
25502 12230
25602 56340
25702 34505
25802 726
25902 48922
26002 59146
26102 44759
26202 50424
26302 3868
26402 28604
