102 38213
202 2765
302 27070
402 13452
502 45299
602 59336
702 58755
802 52223
902 64963
1002 846
1102 37472
1202 3218
1302 22313
1402 9481
1502 42677
1602 24511
1702 65428
1802 14633
1902 2149
2002 34494
2102 39229
2202 61830
2302 49702
2402 55328
2502 34584
2602 44735
2702 3954
2802 16721
2902 30592
3002 28572
3102 21961
3202 47803
3302 53665
3402 20838
3502 60524
3602 55811
3702 54451
3802 61118
3902 23084
4002 24648
4102 38323
4202 64698
4302 253
4402 14251
4502 52245
4602 46794
4702 43815
4802 62220
4902 49554
5002 17268
5102 3594
5202 41275
5302 6600
5402 17662
5502 18793
5602 9836
5702 31326
5802 1240
5902 24622
6002 25278
6102 346
6202 24977
6302 54475
6402 24490
6502 2173
6602 52474
6702 5085
6802 27201
6902 32863
7002 63653
7102 39200
7202 3167
7302 1516
7402 761
7502 58896
7602 58871
7702 18075
7802 59161
7902 55119
8002 63431
8102 18208
8202 1912
8302 7532
8402 63544
8502 48763
8602 41173
8702 13411
8802 62156
8902 60839
9002 16075
9102 17568
9202 33481
9302 5114
9402 10570
9502 16728
9602 55215
9702 14697
9802 14976
9902 26216
10002 5357
10102 4746
10202 30890
10302 9546
10402 2967
10502 33266
10602 15150
10702 42563
10802 30312
10902 52842
11002 46733
11102 43870
11202 18809
11302 7297
11402 5476
11502 56549
11602 48114
11702 25822
11802 45146
11902 41499
12002 43514
12102 35639
12202 30601
12302 36714
12402 45327
12502 30549
12602 64749
12702 38349
12802 15891
12902 38425
13002 26433
13102 40223
13202 16384
13302 36441
13402 51289
13502 22596
13602 8129
13702 50063
13802 44220
13902 55833
14002 33591
14102 16064
14202 40802
14302 29744
14402 1085
14502 29482
14602 39535
14702 20979
14802 4774
14902 16372
15002 47178
15102 36222
15202 29272
15302 65190
15402 53171
15502 37999
15602 3525
15702 54897
15802 31503
15902 10929
16002 45164
16102 46754
16202 31211
16302 23377
16402 19415
16502 21168
16602 14601
16702 21611
16802 60769
16902 3201
17002 28728
17102 26081
17202 11054
17302 30858
17402 4497
17502 60897
17602 3465
17702 31182
17802 62797
17902 27408
18002 28853
18102 51341
18202 64764
18302 8963
18402 19588
18502 52978
18602 7533
18702 37455
18802 12049
18902 5523
19002 7130
19102 13158
19202 59135
19302 2101
19402 9932
19502 10409
19602 10802
19702 30738
19802 12308
19902 42848
20002 17249
20102 48356
20202 7778
20302 31752
20402 61716
20502 25820
20602 25029
20702 23307
20802 58512
20902 63615
21002 40031
21102 57793
21202 2204
21302 37034
21402 48494
21502 8625
21602 2318
21702 12807
21802 18752
21902 37262
22002 25023
22102 47754
22202 10564
22302 36554
22402 50630
22502 21844
22602 38714
22702 31976
22802 23199
22902 23697
23002 49707
23102 48885
23202 29009
23302 47101
23402 38973
23502 58699
23602 35279
23702 43673
23802 60714
23902 29973
24002 58814
24102 59663
24202 17468
24302 56992
24402 17851
24502 46724
24602 12201
24702 64320
24802 65115
24902 60642
25002 19570
25102 52506
25202 26186
25302 21803
25402 49366
25502 54865
25602 31153
25702 50715
25802 2264
25902 31198
26002 62757
26102 38471
26202 20330
26302 61468
26402 43787
26502 14519
26602 55865
26702 41236
26802 59531
26902 15015
27002 26799
27102 16254
27202 43595
27302 27546
27402 48884
27502 63551
27602 60357
27702 43600
27802 50225
27902 13986
28002 46115
28102 48285
28202 5670
28302 48028
28402 63594
28502 40927
28602 11962
28702 30430
28802 49927
28902 16872
29002 32766
29102 57129
29202 38396
29302 45834
29402 20849
29502 50788
29602 10879
29702 11802
29802 232
29902 3313
30002 46423
30102 51941
30202 15898
30302 55460
30402 3680
30502 4397
30602 21725
30702 28867
30802 32548
30902 52398
31002 53927
31102 1535
31202 16500
31302 49405
31402 39970
31502 32504
31602 62834
31702 8623
31802 55001
31902 57980
32002 48017
32102 6669
32202 33789
32302 41267
32402 31728
32502 5932
32602 27268
32702 28929
32802 40548
32902 42879
33002 16057
33102 19404
33202 9871
33302 20479
33402 10384
33502 13190
33602 58880
33702 50929
33802 21240
33902 6238
34002 49926
34102 30627
34202 56015
34302 27498
34402 53644
34502 14345
34602 34587
34702 60102
34802 50831
34902 50519
35002 15365
35102 24202
35202 42623
35302 63200
35402 56016
35502 11192
35602 2493
35702 6217
35802 50618
35902 40890
36002 6010
36102 57529
36202 35880
36302 38864
36402 58912
36502 7012
36602 11633
36702 42851
36802 4093
36902 19034
37002 47754
37102 6468
37202 60220
37302 18091
37402 53480
37502 32440
37602 35896
37702 46597
37802 23473
37902 44107
38002 15247
38102 39792
38202 58006
38302 13811
38402 16064
38502 41840
38602 19751
38702 64891
38802 51168
38902 51484
39002 18721
39102 10762
39202 65442
39302 23450
39402 5360
39502 20592
39602 9539
39702 63200
39802 26614
39902 42949
40002 47532
40102 51806
40202 9241
40302 30027
40402 23064
40502 52476
40602 52293
40702 31857
40802 49777
40902 62852
41002 19892
41102 55490
41202 19734
41302 6885
41402 14472
41502 13552
41602 12606
41702 6233
41802 15878
41902 29859
42002 8888
42102 46641
42202 6044
42302 64023
42402 39812
42502 9956
42602 7752
42702 428
42802 38071
42902 61918
43002 45406
43102 29973
43202 62544
43302 7787
43402 62942
43502 7729
43602 5761
43702 18637
43802 46173
43902 59301
44002 6626
44102 25520
44202 42263
44302 48974
44402 13452
44502 10603
44602 65351
44702 42666
44802 60190
44902 55065
45002 60228
45102 21851
45202 2598
45302 51458
45402 29925
45502 53872
45602 19850
45702 28625
45802 17372
45902 48745
46002 4216
46102 20713
46202 303
46302 54901
46402 14067
46502 11711
46602 8526
46702 32014
46802 31425
46902 11087
47002 2105
47102 33729
47202 14828
47302 61412
47402 14054
47502 27248
47602 30767
47702 21596
47802 15940
47902 18804
48002 15571
48102 62077
48202 39406
48302 23675
48402 38282
48502 64661
48602 32847
48702 12919
48802 31459
48902 12629
49002 19026
49102 37046
49202 6786
49302 15260
49402 26639
49502 39382
49602 7320
49702 48897
49802 29818
49902 21494
50002 17656
50102 60125
50202 42977
50302 35978
50402 5258
50502 27139
50602 59079
50702 8310
50802 21590
50902 59629
51002 35500
51102 59101
51202 20108
51302 2814
51402 31449
51502 44166
51602 26447
51702 29634
51802 41008
51902 49376
52002 20132
52102 64176
52202 22628
52302 50721
52402 50464
52502 63891
52602 1267
52702 53879
52802 9544
52902 45814
53002 27578
53102 39987
53202 764
53302 16471
53402 30899
53502 65246
53602 15475
53702 5357
53802 27656
53902 51972
54002 13275
54102 12576
54202 36060
54302 30315
54402 28297
54502 38062
54602 13190
54702 46107
54802 8489
54902 33541
55002 37322
55102 60914
55202 38047
55302 47558
55402 7966
55502 7897
55602 18859
55702 39753
55802 59270
55902 39490
56002 22241
56102 19074
56202 28693
56302 2635
56402 30046
56502 30723
56602 57596
56702 55819
56802 56358
56902 64347
57002 44996
57102 11450
57202 5730
57302 5386
57402 25538
57502 32316
57602 52740
57702 39988
57802 41137
57902 44080
58002 21972
58102 5164
58202 53171
58302 40010
58402 33554
58502 24110
58602 43945
58702 4042
58802 47200
58902 37822
59002 58914
59102 59595
59202 31917
59302 3221
59402 932
59502 26420
59602 4517
59702 3342
59802 63485
59902 41430
60002 22160
60102 47150
60202 43785
60302 40839
60402 60989
60502 35864
60602 50970
60702 9565
60802 19759
60902 13115
61002 51225
61102 64596
61202 55543
61302 10365
61402 289
61502 61499
61602 8039
61702 33284
61802 27404
61902 27936
62002 3432
62102 48341
62202 36248
62302 2303
62402 60270
62502 39652
62602 58248
62702 29258
62802 25447
62902 12150
63002 1678
63102 62342
63202 51762
63302 32019
63402 51771
63502 45762
63602 26979
63702 36013
63802 27582
63902 23769
64002 30519
64102 65444
64202 38361
64302 15163
64402 8123
64502 18812
64602 5573
64702 38752
64802 49247
64902 57376
65002 41739
65102 41942
65202 25973
65302 9315
65402 12486
65502 55788
65602 18127
65702 177
65802 33278
65902 64242
66002 58273
66102 32302
66202 10428
66302 9489
66402 20896
66502 31884
66602 31033
66702 34952
66802 42553
66902 37614
67002 41054
67102 38235
67202 18920
67302 7487
67402 33610
67502 27322
67602 28910
67702 24926
67802 52603
67902 3040
68002 19634
68102 40379
68202 30163
68302 23113
68402 44585
68502 31131
68602 50491
68702 12278
68802 69
68902 9847
69002 60754
69102 56349
69202 11728
69302 5060
69402 52874
69502 25736
69602 44204
69702 19660
69802 18979
69902 4358
70002 23351
70102 32387
70202 36306
70302 45100
70402 13300
70502 29718
70602 48319
70702 55789
70802 33991
70902 2380
71002 30438
71102 11045
71202 60944
71302 65265
71402 49066
71502 45024
71602 20840
71702 63920
71802 33885
71902 208
72002 8949
72102 56271
72202 59159
72302 44408
72402 1663
72502 17841
72602 53236
72702 7931
72802 3542
72902 25424
73002 64976
73102 64538
73202 24218
73302 58265
73402 4052
73502 36633
73602 51159
73702 26881
73802 31287
73902 56325
74002 37614
74102 8561
74202 52170
74302 61792
74402 12639
74502 43587
74602 7569
74702 23475
74802 12143
74902 33615
75002 6534
75102 41815
75202 62864
75302 21436
75402 16402
75502 34462
75602 10804
75702 40707
75802 42560
75902 6399
76002 32490
76102 3751
76202 25586
76302 51241
76402 14427
76502 22033
76602 17870
76702 54649
76802 40688
76902 32549
77002 34373
77102 47328
77202 15620
77302 38275
77402 21907
77502 59774
77602 32514
77702 32319
77802 57114
77902 31250
78002 47078
78102 65288
78202 28261
78302 7533
78402 36122
78502 10743
78602 39860
78702 23014
78802 55877
78902 43162
79002 3194
79102 30717
79202 62184
79302 34435
79402 7529
79502 56498
79602 22751
79702 50229
79802 43872
79902 53359
80002 29437
80102 18664
80202 2302
80302 18673
80402 48111
80502 44982
80602 2091
80702 47644
80802 22788
80902 4409
81002 43603
81102 33058
81202 49410
81302 55596
81402 44877
81502 60493
81602 34603
81702 21106
81802 21113
81902 58215
82002 63131
82102 24624
82202 57642
82302 28051
82402 2535
82502 39345
82602 39600
82702 58557
82802 12771
82902 32646
83002 21581
83102 24494
83202 36512
83302 43664
83402 32662
83502 11058
83602 8520
83702 5615
83802 44230
83902 63209
84002 4907
84102 1758
84202 41208
84302 29320
84402 3007
84502 59240
84602 37835
84702 30436
84802 12184
84902 61533
85002 18375
85102 53127
85202 2336
85302 16106
85402 46826
85502 9302
85602 37115
85702 28618
85802 47541
85902 17313
86002 13305
86102 41105
86202 57090
86302 54630
86402 64319
86502 17919
86602 57196
86702 41162
86802 58284
86902 49152
87002 38574
87102 21530
87202 6341
87302 52456
87402 6207
87502 52923
87602 6544
87702 16818
87802 50769
87902 8296
88002 9681
88102 20762
88202 63375
88302 31166
88402 32256
88502 36836
88602 33026
88702 26342
88802 64816
88902 20172
89002 58014
89102 54956
89202 3976
89302 63122
89402 2347
89502 22536
89602 42824
89702 22361
89802 28286
89902 57756
90002 65284
90102 19431
