102 8297
202 8349
302 8380
402 54483
502 19649
602 3106
702 33979
802 19873
902 17018
1002 36625
1102 31089
1202 38237
1302 40907
1402 32651
1502 55503
1602 64683
1702 3807
1802 19543
1902 41416
2002 19112
2102 13139
2202 33270
2302 10801
2402 38638
2502 22462
2602 2273
2702 10013
2802 31220
2902 54791
3002 17162
3102 26322
3202 22474
3302 38972
3402 63175
3502 1204
3602 40535
3702 24019
3802 14957
3902 60425
4002 28970
4102 12716
4202 40247
4302 16128
4402 21400
4502 1175
4602 35533
4702 46398
4802 21954
4902 56683
5002 37098
5102 37702
5202 52119
5302 37622
5402 35481
5502 21667
5602 34237
5702 5061
5802 2896
5902 2867
6002 12581
6102 19212
6202 4597
6302 59331
6402 32473
6502 37158
6602 7801
6702 54038
6802 13024
6902 24835
7002 53704
7102 43028
7202 37449
7302 52457
7402 2056
7502 8587
7602 11184
7702 16937
7802 6586
7902 3377
8002 10880
8102 40177
8202 44772
8302 54568
8402 39027
8502 10675
8602 43284
8702 16648
8802 701
8902 11647
9002 38190
9102 64149
9202 34025
9302 56182
9402 49064
9502 60418
9602 19025
9702 24501
9802 11542
9902 59145
10002 34969
10102 64434
10202 18223
10302 55839
10402 44658
10502 58905
10602 27345
10702 3612
10802 19935
10902 3454
11002 15978
11102 17599
11202 873
11302 23926
11402 17704
11502 38810
11602 29793
11702 1829
11802 13332
11902 29749
12002 62035
12102 43732
12202 61859
12302 64651
12402 482
12502 10063
12602 10810
12702 2333
12802 43264
12902 11744
13002 23232
13102 42113
13202 19031
13302 35231
13402 49954
13502 22107
13602 28753
13702 61885
13802 58242
13902 16816
14002 62064
14102 8990
14202 26469
14302 38230
14402 65424
14502 21517
14602 22918
14702 46442
14802 46682
14902 14503
15002 46265
15102 21283
15202 25592
15302 60063
15402 58690
15502 36507
15602 20973
15702 61617
15802 26880
15902 62572
16002 12224
16102 13392
16202 5986
16302 1818
16402 19635
16502 18395
16602 39790
16702 40066
16802 2073
16902 14954
17002 22032
17102 19503
17202 15215
17302 22861
17402 21706
17502 56447
17602 5284
17702 14660
17802 21450
17902 63429
18002 29777
18102 36118
18202 52042
18302 47305
18402 41320
18502 35857
18602 61114
18702 55476
18802 27390
18902 50528
19002 52397
19102 31034
19202 65432
19302 31425
19402 44228
19502 41821
19602 28499
19702 22318
19802 39663
19902 51801
20002 27010
20102 36291
20202 45440
20302 44524
20402 11269
20502 11241
20602 45889
20702 47769
20802 38278
20902 46100
21002 30968
21102 32233
21202 31049
21302 44638
21402 136
21502 11358
21602 32506
21702 18623
21802 55843
21902 29376
22002 65257
22102 19722
22202 46284
22302 47610
22402 29904
22502 758
22602 50606
22702 16566
22802 49542
22902 36970
23002 34082
23102 26691
23202 60491
23302 2254
23402 57140
23502 17407
23602 14650
23702 40960
23802 41071
23902 22116
24002 27441
24102 36308
24202 5496
24302 13948
24402 9193
24502 64387
24602 32928
24702 47327
24802 3800
24902 3156
25002 36234
25102 36437
25202 7930
25302 47741
25402 58003
25502 43307
25602 25289
25702 27193
25802 47857
25902 50256
26002 18523
26102 16449
26202 8716
26302 7594
26402 7712
26502 1514
26602 39064
26702 52022
26802 44707
26902 13281
27002 20561
27102 61279
27202 15864
27302 32302
27402 37161
27502 594
27602 54000
27702 63741
27802 57378
27902 14422
28002 18552
28102 35975
28202 61594
28302 56754
28402 45854
28502 50474
28602 62551
28702 27512
28802 30663
28902 26446
29002 12555
29102 9116
29202 51350
29302 12639
29402 44851
29502 25310
29602 31
29702 60222
29802 56020
29902 40363
30002 1267
30102 39081
30202 63347
30302 54921
30402 23829
30502 16089
30602 20946
30702 38368
30802 38383
30902 10868
31002 56604
31102 63589
31202 31293
31302 63497
31402 39884
31502 14306
31602 17041
31702 19739
31802 2209
31902 305
32002 40748
32102 31487
32202 45537
32302 54501
32402 47995
32502 1201
32602 3274
32702 60054
32802 51949
32902 7840
33002 28898
33102 27949
33202 63507
33302 1047
33402 60752
33502 54114
33602 22170
33702 26933
33802 23
33902 55956
34002 31563
34102 4618
34202 51037
34302 27543
34402 33809
34502 7765
34602 33539
34702 10087
34802 45764
34902 25740
35002 64279
35102 38528
35202 37541
35302 13213
35402 9700
35502 33900
35602 46515
35702 58704
35802 21302
35902 26216
36002 15773
36102 44229
36202 43137
36302 21713
36402 44995
36502 28542
36602 24461
36702 16200
36802 62412
36902 59302
37002 47040
37102 45592
37202 47496
37302 26549
37402 31376
37502 40583
37602 36277
37702 12316
37802 11171
37902 14986
38002 59933
38102 48706
38202 62339
38302 61225
38402 5717
38502 64006
38602 35174
38702 39770
38802 63216
38902 45901
39002 15863
39102 28697
39202 60109
39302 56038
39402 14661
39502 28132
39602 42650
39702 41976
39802 46830
39902 4914
40002 27653
40102 43813
40202 62529
40302 4393
40402 42466
40502 47356
40602 55497
40702 4505
40802 20910
40902 25082
41002 5455
41102 30304
41202 58129
41302 50635
41402 25408
41502 21418
41602 6120
41702 63840
41802 16154
41902 62553
42002 48576
42102 58238
42202 5360
42302 25953
42402 57877
42502 15598
42602 52106
42702 59767
42802 11438
42902 62562
43002 31761
43102 17515
43202 11325
43302 9
43402 23027
43502 44571
43602 50018
43702 65353
43802 38169
43902 29165
44002 32464
44102 14854
44202 17118
44302 45353
44402 55743
44502 53317
44602 51674
44702 304
44802 8129
44902 9382
45002 45603
45102 8307
45202 40938
45302 60779
45402 37935
45502 32914
45602 51546
45702 33277
45802 44063
45902 47042
46002 3357
46102 4622
46202 21096
46302 9026
46402 14230
46502 9647
46602 52691
46702 64461
46802 54701
46902 53701
47002 20905
47102 37141
47202 10812
47302 25582
47402 17861
47502 13336
47602 10737
47702 65443
47802 59149
47902 5269
48002 51636
48102 28550
48202 27126
48302 44775
48402 60797
48502 15042
48602 42293
48702 59068
48802 16704
48902 19540
49002 31338
49102 36235
49202 12550
49302 15115
49402 19051
49502 38480
49602 37319
49702 36280
49802 55331
49902 24532
50002 6519
50102 34345
50202 59142
50302 2472
50402 54540
50502 24588
50602 41964
50702 61308
50802 49514
50902 45313
51002 19090
51102 51728
51202 6955
51302 21360
51402 5552
51502 48374
51602 31418
51702 17281
51802 29717
51902 14041
52002 61309
52102 7542
52202 27122
52302 30046
52402 4280
52502 8307
52602 52631
52702 7777
52802 35140
52902 46254
53002 48422
53102 60499
53202 15905
53302 8447
53402 4586
53502 49642
53602 47567
53702 49893
53802 29994
53902 52185
54002 3718
54102 25436
54202 57496
54302 44055
54402 25896
54502 8870
54602 11481
54702 64107
54802 46841
54902 63316
55002 9363
55102 46767
55202 47152
55302 5638
55402 46917
55502 40136
55602 33189
55702 25410
55802 19818
55902 45387
56002 23346
56102 60596
56202 39654
56302 920
56402 55534
56502 38887
56602 21475
56702 25350
56802 2793
56902 65426
57002 51129
57102 18299
57202 2162
57302 1330
57402 9764
57502 2841
57602 51910
57702 22051
57802 17970
57902 64077
58002 58052
58102 45215
58202 23725
58302 16091
58402 46431
58502 12664
58602 52797
58702 20524
58802 55714
58902 27931
59002 6282
59102 43513
59202 10064
59302 42954
59402 6648
59502 1015
59602 38603
59702 11744
59802 56225
59902 55509
60002 23941
60102 63206
60202 52695
60302 21095
60402 40022
60502 60741
60602 23640
60702 4412
60802 2921
60902 52034
61002 25604
61102 19733
61202 39819
61302 14984
61402 64229
61502 23752
61602 9447
61702 438
61802 54510
61902 20771
62002 5715
62102 10691
62202 22211
62302 2870
62402 61664
62502 48812
62602 5925
62702 34832
62802 50109
62902 48419
63002 56218
63102 38442
63202 49540
63302 59489
63402 30394
63502 49356
63602 62570
63702 11920
63802 59416
63902 19655
64002 18279
64102 56152
64202 39250
64302 48155
64402 63622
64502 36670
64602 64586
64702 40199
64802 30180
64902 33542
65002 50588
65102 50529
65202 59474
65302 3735
65402 28560
65502 32629
65602 32120
65702 46006
65802 24589
65902 26892
66002 58044
66102 21058
66202 22643
66302 38197
66402 3419
66502 3207
66602 65497
66702 34906
66802 38966
66902 30752
67002 11823
67102 17541
67202 54885
67302 3295
67402 51769
67502 41038
67602 5404
67702 44621
67802 1635
67902 29232
68002 14165
68102 38495
68202 40492
68302 4615
68402 37300
68502 2485
68602 41071
68702 22161
68802 17965
68902 21227
69002 10437
69102 50158
69202 9647
69302 17721
69402 63575
69502 936
69602 48989
69702 51266
69802 47263
69902 34887
70002 55774
70102 754
70202 62677
70302 39054
70402 14059
70502 20695
70602 32955
70702 31771
70802 228
70902 1678
71002 64120
71102 4570
71202 17510
71302 2045
71402 12280
71502 1981
71602 22328
71702 27100
71802 34420
71902 17155
72002 21779
72102 12288
72202 22224
72302 4985
72402 7406
72502 15466
72602 8433
72702 14038
72802 52501
72902 23430
73002 64270
73102 46516
73202 56915
73302 49278
73402 52719
73502 49284
73602 64184
73702 14324
73802 54115
73902 39984
74002 26051
74102 16911
74202 30160
74302 5874
74402 21634
74502 22797
74602 24385
74702 59914
74802 405
74902 63051
75002 12067
75102 38323
75202 64091
75302 54655
75402 61299
75502 2175
75602 21122
75702 11927
75802 39823
75902 47223
76002 55154
76102 8416
76202 40622
76302 56160
76402 4491
76502 56012
76602 59572
76702 45360
76802 19544
76902 28857
77002 54256
77102 30589
77202 19699
77302 41752
77402 4454
77502 25157
77602 36431
77702 39053
77802 20497
77902 51408
78002 35709
78102 56709
78202 16880
78302 1197
78402 61808
78502 39324
78602 26272
78702 46457
78802 25551
78902 59536
79002 10332
79102 50828
79202 45423
79302 51503
79402 26046
79502 34861
79602 26783
79702 10423
79802 1561
79902 62472
80002 27513
80102 11292
80202 61610
80302 25374
80402 57185
80502 9381
80602 11217
80702 15399
80802 7834
80902 56446
81002 60068
81102 19400
81202 47465
81302 59253
81402 64836
81502 18023
81602 39040
81702 15176
81802 35674
81902 1333
82002 32316
82102 64508
82202 16204
82302 47641
82402 65051
82502 10157
82602 13018
82702 64681
82802 58653
82902 43522
83002 20334
83102 44145
83202 44469
83302 43880
83402 64466
83502 27781
83602 11888
83702 33200
83802 62129
83902 31071
84002 50823
84102 5001
84202 37194
84302 17900
84402 55898
84502 57659
84602 26441
84702 7332
84802 7428
84902 13852
85002 53801
85102 37746
85202 62756
85302 12801
85402 36061
85502 6937
85602 15214
85702 38951
85802 19496
85902 24403
86002 34548
86102 12750
86202 44176
86302 34050
86402 41684
86502 62453
86602 64381
86702 50976
86802 42120
86902 11338
87002 3221
87102 38057
87202 37448
87302 21591
87402 43113
87502 47865
87602 31228
87702 20769
87802 39267
87902 59325
88002 13827
88102 62064
88202 12455
88302 34457
88402 7258
88502 24299
88602 26754
88702 42533
88802 61347
88902 30367
89002 41969
89102 38565
89202 36802
89302 47482
89402 65347
89502 51439
89602 49899
89702 6050
89802 14118
89902 50171
90002 10613
90102 30814
90202 36059
90302 13425
90402 15583
90502 53402
90602 20659
