102 36946
202 11934
302 16926
402 60586
502 11002
602 27599
702 31859
802 54815
902 1557
1002 25
1102 38662
1202 61407
1302 45913
1402 33451
1502 10880
1602 3011
1702 58093
1802 40266
1902 4506
2002 21082
2102 50244
2202 24185
2302 52412
2402 37602
2502 11271
2602 43711
2702 19992
2802 7128
2902 62900
3002 49617
3102 19420
3202 4782
3302 38066
3402 59464
3502 39425
3602 47063
3702 32411
3802 45210
3902 27833
4002 47094
4102 41055
4202 18147
4302 51382
4402 41919
4502 18452
4602 13120
4702 4182
4802 54655
4902 26176
5002 42271
5102 45814
5202 28365
5302 10593
5402 46891
5502 59299
5602 58791
5702 57219
5802 12523
5902 27344
6002 57780
6102 27310
6202 9572
6302 54052
6402 60401
6502 35147
6602 61746
6702 40742
6802 60206
6902 27629
7002 32802
7102 37741
7202 30180
7302 21863
7402 16546
7502 6507
7602 6020
7702 35357
7802 57573
7902 10657
8002 4030
8102 20216
8202 39912
8302 17045
8402 24994
8502 35122
8602 55357
8702 5765
8802 21719
8902 26260
9002 38557
9102 5129
9202 12574
9302 11140
9402 728
9502 38249
9602 20852
9702 17096
9802 5390
9902 24045
10002 35615
10102 12016
10202 10251
10302 46418
10402 58137
10502 5955
10602 37711
10702 6338
10802 50413
10902 43381
11002 24628
11102 4281
11202 31804
11302 25014
11402 56575
11502 25157
11602 28497
11702 32722
11802 4419
11902 26615
12002 31308
12102 5490
12202 32110
12302 35651
12402 19323
12502 8741
12602 22920
12702 2977
12802 29352
12902 3688
13002 52321
13102 1180
13202 53337
13302 36603
13402 21786
13502 4656
13602 54145
13702 63210
13802 15993
13902 6835
14002 4909
14102 6171
14202 21736
14302 60344
14402 25581
14502 14577
14602 44036
14702 60752
14802 6950
14902 22220
15002 56057
15102 59071
15202 15033
15302 25143
15402 2935
15502 55515
15602 37008
15702 19106
15802 14188
15902 643
16002 15601
16102 13871
16202 19880
16302 27942
16402 43871
16502 50981
16602 56931
16702 53354
16802 21815
16902 25521
17002 53409
17102 33175
17202 8478
17302 16905
17402 33554
17502 35115
17602 17203
17702 7013
17802 54372
17902 11547
18002 55035
18102 10532
18202 16689
18302 46296
18402 18109
18502 32542
18602 51712
18702 66
18802 27760
18902 33263
19002 34370
19102 34951
19202 2384
19302 47686
19402 23543
19502 59188
19602 731
19702 17112
19802 39541
19902 7918
20002 55429
20102 28489
20202 29348
20302 44710
20402 29088
20502 52738
20602 23232
20702 21971
20802 7891
20902 21684
21002 61775
21102 34756
21202 37358
21302 19131
21402 33020
21502 8035
21602 32946
21702 41311
21802 20383
21902 19790
22002 39467
22102 33900
22202 26482
22302 4515
22402 30493
22502 35615
22602 41725
22702 30634
22802 30321
22902 17776
23002 63508
23102 64868
23202 48678
23302 6610
23402 37173
23502 22692
23602 41693
23702 7989
23802 47343
23902 19891
24002 35656
24102 43655
24202 41312
24302 18212
24402 12071
24502 60688
24602 53349
24702 64154
24802 31970
24902 47545
25002 41981
25102 15739
25202 63703
25302 654
25402 24582
25502 53471
25602 35580
25702 27947
25802 6613
25902 5489
26002 24541
26102 5620
26202 8437
26302 4232
26402 8979
26502 31538
26602 14109
26702 44394
26802 60907
26902 18800
27002 49099
27102 44381
27202 31541
27302 7326
27402 59773
27502 43845
27602 46404
27702 51821
27802 18733
27902 38154
28002 19229
28102 50064
28202 53380
28302 50824
28402 59530
28502 7022
28602 4142
28702 33177
28802 6465
28902 62994
29002 59170
29102 9209
29202 6270
29302 30063
29402 40079
29502 42173
29602 26901
29702 4667
29802 1368
29902 58222
30002 49604
30102 37759
30202 52607
30302 22068
30402 12567
30502 39415
30602 10644
30702 36216
30802 57569
30902 21752
31002 21656
31102 30070
31202 53437
31302 61786
31402 14153
31502 5911
31602 25482
31702 17346
31802 44390
31902 40013
32002 16423
32102 1390
32202 54943
32302 12995
32402 9848
32502 41545
32602 39427
32702 15191
32802 65395
32902 2977
33002 11262
33102 55976
33202 20845
33302 11578
33402 27284
33502 62052
33602 6246
33702 4552
33802 36079
33902 52436
34002 8036
34102 371
34202 62801
34302 453
34402 56110
34502 54894
34602 2745
34702 44659
34802 41031
34902 20996
35002 46729
35102 7551
35202 28287
35302 40672
35402 12431
35502 8283
35602 54428
35702 49592
35802 6423
35902 4791
36002 64871
36102 54122
36202 34915
36302 44620
36402 64227
36502 31124
36602 11192
36702 59140
36802 17983
36902 25004
37002 50434
37102 11505
37202 46464
37302 8669
37402 4532
37502 16648
37602 52893
37702 1065
37802 20369
37902 10704
38002 48190
38102 22533
38202 40141
38302 24959
38402 23141
38502 50119
38602 63049
38702 3511
38802 21277
38902 48598
39002 23527
39102 35602
39202 16922
39302 58129
39402 13644
39502 62970
39602 41041
39702 26392
39802 49972
39902 53437
40002 54779
40102 8036
40202 12117
40302 11686
40402 8553
40502 6924
40602 322
40702 12609
40802 19326
40902 36990
41002 42898
41102 58935
41202 32941
41302 60405
41402 30299
41502 52901
41602 18366
41702 11761
41802 59720
41902 18292
42002 46994
42102 23840
42202 6084
42302 7224
42402 11947
42502 2353
42602 27706
42702 22441
42802 5765
42902 20386
43002 40251
43102 28338
43202 41115
43302 3127
43402 42866
43502 31541
43602 30916
43702 11198
43802 35893
43902 1511
44002 22944
44102 52738
44202 53763
44302 44329
44402 45831
44502 49227
44602 41814
44702 12569
44802 25142
44902 17199
45002 5961
45102 55902
45202 25962
45302 62003
45402 32313
45502 12114
45602 8532
45702 55361
45802 51796
45902 50720
46002 9433
46102 60770
46202 60718
46302 2256
46402 30718
46502 41024
46602 228
46702 42841
46802 47262
46902 36958
47002 50249
47102 62122
47202 61736
47302 54654
47402 62527
47502 27264
47602 12215
47702 13422
47802 25675
47902 25437
48002 24089
48102 1697
48202 9650
48302 62948
48402 13680
48502 39526
48602 55327
48702 5387
48802 56424
48902 40858
49002 45963
49102 7154
49202 21445
49302 25005
49402 26099
49502 45155
49602 2361
49702 4972
49802 3753
49902 27515
50002 4724
50102 54186
50202 60359
50302 21474
50402 8498
50502 11295
50602 59206
50702 25506
50802 64977
50902 12854
51002 62992
51102 20164
51202 26841
51302 18438
51402 60852
51502 26425
51602 28786
51702 49027
51802 4559
51902 22077
52002 9590
52102 25280
52202 28320
52302 44666
52402 14961
52502 20423
52602 13402
52702 25540
52802 2771
52902 57352
53002 57265
53102 36375
53202 47263
53302 8328
53402 30783
53502 26368
53602 25034
53702 11286
53802 59392
53902 36791
54002 31216
54102 819
54202 37257
54302 3911
54402 15183
54502 34017
54602 48913
54702 44600
54802 57046
54902 26890
55002 65280
55102 9920
55202 2455
55302 48985
55402 46403
55502 62035
55602 59861
55702 13221
55802 42589
55902 40620
56002 16214
56102 58182
56202 29777
56302 35923
56402 21932
56502 19755
56602 41735
56702 4508
56802 52597
56902 7568
57002 13760
57102 34324
57202 31588
57302 53694
57402 5681
57502 7875
57602 11215
57702 46368
57802 26757
57902 318
58002 64844
58102 31338
58202 38528
58302 59841
58402 34953
58502 10709
58602 41822
58702 8729
58802 41740
58902 3871
59002 65182
59102 36537
59202 31218
59302 40539
59402 34982
59502 53574
59602 43317
59702 31143
59802 40831
59902 25670
60002 40008
60102 24201
60202 52526
60302 58996
60402 11062
60502 63125
60602 38462
60702 17247
60802 22154
60902 62341
61002 51155
61102 20769
61202 45278
61302 41150
61402 52906
61502 259
61602 36933
61702 20414
61802 2137
61902 29839
62002 5392
62102 24305
62202 22042
62302 63328
62402 51589
62502 54904
62602 64450
62702 60282
62802 29654
62902 11446
63002 52052
63102 36456
63202 42517
63302 61354
63402 38864
63502 63537
63602 19223
63702 31112
63802 24356
63902 31492
64002 46761
64102 14002
64202 60017
64302 44712
64402 55056
64502 8624
64602 59567
64702 61712
64802 38785
64902 127
65002 51603
65102 43854
65202 45968
65302 54334
65402 45453
65502 62643
65602 49398
65702 20447
65802 20470
65902 12945
66002 59647
66102 56740
66202 8131
66302 65484
66402 57622
66502 60315
66602 32334
66702 59435
66802 23988
66902 48994
67002 15643
67102 61054
67202 56140
67302 35636
67402 37723
67502 4786
67602 12307
67702 2037
67802 21805
67902 57032
68002 59956
68102 58739
68202 46174
68302 62868
68402 1750
68502 20741
68602 6071
68702 39469
68802 24920
68902 41456
69002 44370
69102 61013
69202 56685
69302 38973
69402 40900
69502 23377
69602 24256
69702 49204
69802 2875
69902 7963
70002 10749
70102 47603
70202 35781
70302 44182
70402 54098
70502 5948
70602 1288
70702 9496
70802 4608
70902 4520
71002 45782
71102 15348
71202 17537
71302 59281
71402 47742
71502 57763
71602 15920
71702 52459
71802 13083
71902 64454
72002 17236
72102 26073
72202 21142
72302 15560
72402 5089
72502 31018
72602 46664
72702 49070
72802 47513
72902 43855
73002 45949
73102 19002
73202 32348
73302 45923
73402 11638
73502 57164
73602 32861
73702 55644
73802 25458
73902 35434
74002 34739
74102 16409
74202 39959
74302 44154
74402 15622
74502 24092
74602 26882
74702 62639
74802 29194
74902 13265
75002 19026
75102 27486
75202 38486
75302 3072
75402 38563
75502 44489
75602 53260
75702 18188
75802 44970
75902 63434
76002 8978
76102 4968
76202 2229
76302 17850
76402 10187
76502 42954
76602 34404
76702 56976
76802 54067
76902 9418
77002 58202
77102 38904
77202 30933
77302 34860
77402 47210
77502 63239
77602 33949
77702 3130
77802 15923
77902 8481
78002 25576
78102 53145
78202 62152
78302 43180
78402 14413
78502 38413
78602 34664
78702 11169
78802 27162
78902 17695
79002 30504
79102 4739
79202 1416
79302 12973
79402 62322
79502 26278
79602 51364
79702 35101
79802 33950
79902 29317
80002 57647
80102 19375
80202 51922
80302 59529
80402 39218
80502 5911
80602 60862
80702 2596
80802 33101
80902 185
81002 33621
81102 29423
81202 34503
81302 5813
81402 47183
81502 46473
81602 1338
81702 29129
81802 16623
81902 41264
82002 56736
82102 33808
82202 4788
82302 44427
82402 57486
82502 3625
82602 5469
82702 6759
82802 17058
82902 25557
83002 47584
83102 12521
83202 290
83302 50847
83402 29666
83502 19933
83602 56491
83702 30580
83802 59737
83902 38623
84002 37364
84102 56918
84202 52582
84302 13537
84402 15085
84502 49239
84602 33470
84702 32427
84802 61309
84902 11921
85002 60031
85102 34899
85202 31574
85302 18142
85402 46459
85502 60025
85602 54722
85702 28068
85802 3200
85902 18865
86002 10633
86102 4646
86202 12472
86302 3915
86402 41605
86502 59363
86602 20136
86702 51306
86802 18955
86902 30805
87002 6595
87102 36568
87202 14098
87302 39638
87402 33457
87502 57795
87602 25258
87702 56845
87802 8667
87902 59719
88002 15729
88102 33347
88202 55613
88302 47269
88402 27003
88502 23745
88602 8658
88702 32782
88802 53557
88902 23467
89002 17243
89102 55028
89202 52091
89302 5850
89402 19402
89502 33505
89602 47878
89702 8848
89802 29755
89902 24809
90002 57927
90102 49786
