102 42653
202 48825
302 5477
402 39639
502 23644
602 32009
702 59884
802 32004
902 38953
1002 32039
1102 28935
1202 36916
1302 14968
1402 48601
1502 3621
1602 30350
1702 46168
1802 6288
1902 4761
2002 12590
2102 16865
2202 3871
2302 50962
2402 25847
2502 26552
2602 56374
2702 30322
2802 14064
2902 12362
3002 20916
3102 27050
3202 40903
3302 50753
3402 563
3502 22382
3602 53798
3702 49552
3802 26385
3902 46172
4002 39286
4102 62923
4202 46343
4302 53861
4402 25309
4502 63843
4602 24281
4702 43288
4802 39145
4902 31857
5002 58644
5102 13587
5202 63705
5302 27436
5402 57882
5502 41582
5602 8094
5702 37725
5802 3280
5902 62825
6002 10153
6102 41205
6202 47901
6302 14895
6402 7595
6502 65530
6602 37606
6702 12430
6802 4196
6902 29509
7002 53165
7102 37948
7202 49269
7302 1230
7402 22088
7502 1756
7602 22263
7702 33633
7802 1726
7902 52508
8002 62124
8102 49011
8202 64921
8302 33151
8402 29670
8502 43753
8602 59627
8702 37826
8802 55728
8902 46856
9002 4851
9102 42969
9202 57035
9302 50521
9402 58556
9502 16440
9602 44492
9702 61042
9802 41670
9902 43387
10002 6409
10102 3184
10202 60173
10302 45999
10402 12572
10502 51697
10602 8367
10702 51441
10802 62261
10902 65390
11002 62978
11102 33810
11202 17252
11302 32540
11402 50888
11502 44054
11602 24119
11702 4694
11802 24768
11902 576
12002 61863
12102 10465
12202 65439
12302 39603
12402 28595
12502 11834
12602 38962
12702 62225
12802 14378
12902 17527
13002 39601
13102 26798
13202 30371
13302 14448
13402 40391
13502 46839
13602 35678
13702 37847
13802 56321
13902 50657
14002 61878
14102 60193
14202 6789
14302 59413
14402 59339
14502 11007
14602 49990
14702 46159
14802 61577
14902 20526
15002 57346
15102 21502
15202 28916
15302 786
15402 64804
15502 17464
15602 33336
15702 65168
15802 8972
15902 7330
16002 27722
16102 18581
16202 10129
16302 32623
16402 39160
16502 29693
16602 31710
16702 34063
16802 35211
16902 12151
17002 21351
17102 61044
17202 6404
17302 57541
17402 25476
17502 4995
17602 39294
17702 31590
17802 27517
17902 52025
18002 27935
18102 58386
18202 49661
18302 25565
18402 30956
18502 10767
18602 2512
18702 44085
18802 42979
18902 52104
19002 7809
19102 51240
19202 64762
19302 64017
19402 47723
19502 27625
19602 37359
19702 45780
19802 40572
19902 51371
20002 45943
20102 39329
20202 9838
20302 64360
20402 38202
20502 33988
20602 50563
20702 62518
20802 4459
20902 42644
21002 58760
21102 28935
21202 51042
21302 24782
21402 27384
21502 24368
21602 20860
21702 12305
21802 26231
21902 29833
22002 45572
22102 14200
22202 51297
22302 57178
22402 28982
22502 19167
22602 41846
22702 13919
22802 34868
22902 48409
23002 15236
23102 42890
23202 57295
23302 63809
23402 57074
23502 40968
23602 24750
23702 61665
23802 56750
23902 13385
24002 41376
24102 57090
24202 46353
24302 18736
24402 34445
24502 50680
24602 15658
24702 50738
24802 33466
24902 29570
25002 28288
25102 62567
25202 41214
25302 17130
25402 43979
25502 10914
25602 6239
25702 4818
25802 8607
25902 56311
26002 692
26102 61078
26202 32381
26302 23519
26402 21001
26502 20952
26602 46064
26702 53014
26802 52796
26902 14583
27002 8332
27102 43448
27202 53205
27302 16035
27402 47670
27502 14985
27602 24599
27702 41241
27802 15634
27902 13641
28002 51671
28102 35143
28202 7923
28302 53785
28402 50476
28502 59139
28602 59748
28702 29370
28802 16670
28902 36493
29002 60481
29102 22589
29202 22630
29302 52910
29402 22595
29502 31215
29602 42505
29702 38470
29802 63816
29902 38248
30002 26091
30102 48205
30202 21602
30302 3090
30402 39795
30502 43894
30602 51265
30702 13925
30802 36580
30902 6775
31002 59797
31102 24469
31202 9981
31302 43042
31402 3565
31502 23953
31602 41038
31702 60570
31802 39099
31902 22252
32002 48293
32102 9217
32202 11518
32302 58445
32402 28959
32502 48648
32602 26323
32702 62952
32802 10520
32902 51195
33002 52509
33102 61654
33202 24110
33302 19772
33402 59603
33502 37237
