102 65238
202 46196
302 2743
402 40328
502 56862
602 34494
702 54655
802 65091
902 17875
1002 59284
1102 11315
1202 50568
1302 41950
1402 47949
1502 51432
1602 47559
1702 32729
1802 52627
1902 50869
2002 38058
2102 62518
2202 48385
2302 3453
2402 31537
2502 4625
2602 58839
2702 51633
2802 11458
2902 37068
3002 3934
3102 44424
3202 38483
3302 14653
3402 14558
3502 29319
3602 6974
3702 20257
3802 38895
3902 49608
4002 59481
4102 61182
4202 9401
4302 9591
4402 6024
4502 5739
4602 53728
4702 22931
4802 7468
4902 22502
5002 48498
5102 53592
5202 42259
5302 12493
5402 47128
5502 50687
5602 31107
5702 8659
5802 35732
5902 45832
6002 31353
6102 26589
6202 35706
6302 31694
6402 7839
6502 46233
6602 21057
6702 51538
6802 5470
6902 53284
7002 10930
7102 6280
7202 3841
7302 60761
7402 24521
7502 1553
7602 19479
7702 30086
7802 14944
7902 29094
8002 34649
8102 51308
8202 26363
8302 41449
8402 28372
8502 28413
8602 19024
8702 44916
8802 27308
8902 48832
9002 51919
9102 24377
9202 20289
9302 43534
9402 43001
9502 39321
9602 53402
9702 58886
9802 21952
9902 60443
10002 53633
10102 53602
10202 16529
10302 20843
10402 9826
10502 18957
10602 41363
10702 17787
10802 59037
10902 35357
11002 21295
11102 32040
11202 29768
11302 30742
11402 18226
11502 15845
11602 34786
11702 58229
11802 38683
11902 53923
12002 4108
12102 40642
12202 25507
12302 55727
12402 40071
12502 60422
12602 44940
12702 3485
12802 2555
12902 6875
13002 35630
13102 2324
13202 32632
13302 1667
13402 127
13502 48450
13602 42787
13702 4094
13802 34817
13902 17834
14002 50756
14102 4738
14202 41572
14302 3268
14402 55945
14502 18855
14602 61436
14702 47322
14802 1154
14902 63237
15002 14157
15102 22076
15202 45209
15302 65149
15402 65364
15502 58321
15602 678
15702 54696
15802 50659
15902 24395
16002 50242
16102 25344
16202 1126
16302 38559
16402 23692
16502 51774
16602 35237
16702 6852
16802 18531
16902 35363
17002 10239
17102 41023
17202 20716
17302 50761
17402 23394
17502 5939
17602 39045
17702 1838
17802 10016
17902 6635
18002 1015
18102 5898
18202 2012
18302 7026
18402 10875
18502 13514
18602 58326
18702 60149
18802 48728
18902 12064
19002 46215
19102 52645
19202 4325
19302 40439
19402 55344
19502 63337
19602 49276
19702 2196
19802 49240
19902 32480
20002 47413
20102 46681
20202 27196
20302 7376
20402 35590
20502 64295
20602 28803
20702 61298
20802 53369
20902 20519
21002 28848
21102 59401
21202 42211
21302 44366
21402 29740
21502 55875
21602 51320
21702 42375
21802 25469
21902 28542
22002 53585
22102 19668
22202 26290
22302 32840
22402 11442
22502 2986
22602 24023
22702 47473
22802 41101
22902 47475
23002 40714
23102 28726
23202 59488
23302 52129
23402 18610
23502 7031
23602 65255
23702 62476
23802 60926
23902 52590
24002 54000
24102 50930
24202 47120
24302 40483
24402 50604
24502 42925
24602 21130
24702 40720
24802 33012
24902 2505
25002 7158
25102 26477
25202 63780
25302 52850
25402 11378
25502 36023
25602 3791
25702 37099
25802 32641
25902 20025
26002 12385
26102 20229
26202 48590
26302 6787
26402 16972
26502 20370
26602 56818
26702 22205
26802 65430
26902 40495
27002 54824
27102 12885
27202 9526
27302 52072
27402 46876
27502 49233
27602 64071
27702 44395
27802 6325
27902 38672
28002 59677
28102 4280
28202 4260
28302 12000
28402 34293
28502 47453
28602 21726
28702 59454
28802 50037
28902 57382
29002 29153
29102 54340
29202 62539
29302 12756
29402 61399
29502 31145
29602 39891
29702 6593
29802 34906
29902 52947
30002 60804
30102 25090
30202 57036
30302 61285
30402 1237
30502 53282
30602 28068
30702 4039
30802 55127
30902 39413
31002 19163
31102 18307
31202 55543
31302 31172
31402 55776
31502 42926
31602 51443
31702 51966
31802 14010
31902 44629
32002 6760
32102 22160
32202 7904
32302 61394
32402 9303
32502 35918
32602 1271
32702 24301
32802 58432
32902 3854
33002 37278
33102 47829
33202 25446
33302 29198
33402 16790
33502 24874
33602 46654
33702 10979
33802 36832
33902 26833
34002 44908
34102 38947
34202 9057
34302 47277
34402 49352
34502 33771
34602 60124
34702 62458
34802 38091
34902 3441
35002 56404
35102 29028
35202 6468
35302 4078
35402 49433
35502 46362
35602 52741
35702 53117
35802 47351
35902 599
36002 31215
36102 63667
36202 60667
36302 22008
36402 16538
36502 31600
36602 61086
36702 8053
36802 53812
36902 64863
37002 4385
37102 31406
37202 64576
37302 32249
37402 53119
37502 63706
37602 22679
37702 53461
37802 43399
37902 64113
38002 20948
38102 31202
38202 62082
38302 34461
38402 35556
38502 63424
38602 34770
38702 62280
38802 45617
38902 28335
39002 57166
39102 1037
39202 49387
39302 8001
39402 52700
39502 37015
39602 60998
39702 39494
39802 7152
39902 32298
40002 24857
40102 20992
40202 42891
40302 40602
40402 24863
40502 64211
40602 51680
40702 6732
40802 46527
40902 25152
41002 23832
41102 62298
41202 26010
41302 60630
41402 10507
41502 7811
41602 20521
41702 3158
41802 28607
41902 16916
42002 861
42102 8971
42202 21667
42302 64345
42402 15381
42502 28951
42602 36293
42702 38757
42802 34121
42902 29127
43002 29025
43102 58847
43202 56341
43302 58083
43402 6285
43502 56980
43602 34315
43702 7370
43802 2872
43902 60465
44002 18394
44102 5348
44202 30897
44302 41010
44402 59220
44502 60287
44602 32816
44702 51235
44802 44473
44902 61172
45002 55223
45102 36118
45202 41623
45302 60288
45402 48064
45502 15664
45602 16129
45702 60866
45802 47177
45902 42417
46002 19560
46102 6088
46202 32551
46302 18761
46402 19335
46502 56106
46602 37577
46702 816
46802 41638
46902 12664
47002 48706
47102 53181
47202 18864
47302 13200
47402 64818
47502 622
47602 38631
47702 45888
47802 3790
47902 43009
48002 4808
48102 22913
48202 23217
48302 7464
48402 10815
48502 25758
48602 33182
48702 46167
48802 33882
48902 56994
49002 59595
49102 60969
49202 63688
49302 38640
49402 28092
49502 33390
49602 13286
49702 19886
49802 50102
49902 12929
50002 12762
50102 44007
50202 34016
50302 4025
50402 50065
50502 48313
50602 57396
50702 41314
50802 24668
50902 19018
51002 59941
51102 21143
51202 55995
51302 11413
51402 341
51502 32798
51602 32048
51702 13809
51802 61899
51902 747
52002 60550
52102 47737
52202 1772
52302 64624
52402 36515
52502 30123
52602 8434
52702 12306
52802 31621
52902 60064
53002 28588
53102 47283
53202 56115
53302 62239
53402 25280
53502 62773
53602 16632
53702 53260
53802 46016
53902 42703
54002 1560
54102 24621
54202 30151
54302 26348
54402 43636
54502 38053
54602 21251
54702 61420
54802 5315
54902 34682
55002 7072
55102 38939
55202 49003
55302 61408
55402 52518
55502 49744
55602 50928
55702 59786
55802 12040
55902 11338
56002 34325
56102 48357
56202 36383
56302 23103
56402 48888
56502 59095
56602 11182
56702 60234
56802 41082
56902 2610
57002 57396
57102 20212
57202 6827
57302 32540
57402 49945
57502 58145
57602 49838
57702 7759
57802 49568
57902 44865
58002 45325
58102 32880
58202 48168
58302 48352
58402 11566
58502 10167
58602 38527
58702 61557
58802 10786
58902 13616
59002 16402
59102 64269
59202 8544
59302 43150
59402 24284
59502 14524
59602 45629
59702 12584
59802 8681
59902 15048
60002 59236
60102 57100
60202 39173
60302 28411
60402 17916
60502 14377
60602 22078
60702 50205
60802 22037
60902 36514
61002 25860
61102 50678
61202 32361
61302 51605
61402 25635
61502 43855
61602 58649
61702 38920
61802 63575
61902 4729
62002 4488
62102 38312
62202 37986
62302 2877
62402 35102
62502 15534
62602 46424
62702 64489
62802 40016
62902 27254
63002 29692
63102 37048
63202 40856
63302 40843
63402 36945
63502 40455
63602 26012
63702 34169
63802 60407
63902 25470
64002 15489
64102 15601
64202 64562
64302 16052
64402 38673
64502 1488
64602 18759
64702 35452
64802 30466
64902 12567
65002 21764
65102 60967
65202 6857
65302 28098
65402 38637
65502 65113
65602 32750
65702 54564
65802 6231
65902 30019
66002 64674
66102 37363
66202 34057
66302 17327
66402 24312
66502 18290
66602 14485
66702 54297
66802 43846
66902 43517
67002 62518
67102 21393
67202 60795
67302 31719
67402 58283
67502 44750
67602 33488
67702 51591
67802 10209
67902 60849
68002 24497
68102 7175
68202 8536
68302 22800
68402 14591
68502 28797
68602 32784
68702 28248
68802 54617
68902 46493
69002 26000
69102 922
69202 54146
69302 1155
69402 58942
69502 12211
69602 38719
69702 22560
69802 51968
69902 53111
70002 15979
70102 19842
70202 55295
70302 28923
70402 8055
70502 57453
70602 43714
70702 57582
70802 18630
70902 43181
71002 27624
71102 23439
71202 46704
71302 3348
71402 24128
71502 59886
71602 45573
71702 29135
71802 29090
71902 63669
72002 64054
72102 47550
72202 1568
72302 60302
72402 41815
72502 30914
72602 40197
72702 44018
72802 48036
72902 6844
73002 25477
73102 22008
73202 59418
73302 36683
73402 51369
73502 42454
73602 1750
73702 58321
73802 52953
73902 35193
74002 43553
74102 30693
74202 35680
74302 52747
74402 56797
74502 57642
74602 45990
74702 44036
74802 19611
74902 6721
75002 49183
75102 47414
75202 6021
75302 2
75402 28468
75502 60590
75602 47701
75702 13878
75802 19153
75902 28153
76002 38435
76102 26674
76202 32767
76302 19156
76402 6306
76502 12842
76602 11358
76702 483
76802 37994
76902 33352
77002 4934
77102 29559
77202 48500
77302 56382
77402 8831
77502 44265
77602 55304
77702 57214
77802 61704
77902 55727
78002 59231
78102 14949
78202 32456
78302 51772
78402 52566
78502 18523
78602 10184
78702 18500
78802 20520
78902 9939
79002 31292
79102 46349
79202 53411
79302 16781
79402 54455
79502 42616
79602 9575
79702 5350
79802 37611
79902 41148
80002 57576
80102 16474
80202 30745
80302 34317
80402 52640
80502 20274
80602 40883
80702 44937
80802 30220
80902 62101
81002 22832
81102 63364
81202 4603
81302 40973
81402 11797
81502 64629
81602 36327
81702 28705
81802 51339
81902 33255
82002 53503
82102 41397
82202 36082
82302 38976
82402 64628
82502 7749
82602 1658
82702 55332
82802 46480
82902 60790
83002 45230
83102 62909
83202 51227
83302 27864
83402 37708
83502 35751
83602 39921
83702 40269
83802 64996
83902 24204
84002 2216
84102 53284
84202 16831
84302 35332
84402 54643
84502 20809
84602 35195
84702 20221
84802 21363
84902 39387
85002 41522
85102 48853
85202 17031
85302 14788
85402 18996
85502 44664
85602 19720
85702 1645
85802 9005
85902 33092
86002 51393
86102 9765
86202 33262
86302 1148
86402 61905
86502 40874
86602 55324
86702 14838
86802 40073
86902 54024
87002 53488
87102 30905
87202 43379
87302 25206
87402 47527
87502 61198
87602 19906
87702 24728
87802 24318
87902 44369
88002 10218
88102 9098
88202 36996
88302 137
88402 9350
88502 62143
88602 660
88702 2074
88802 764
88902 6993
89002 38048
89102 55603
89202 2463
89302 38675
89402 24671
89502 54970
89602 49180
89702 51080
89802 6714
89902 12854
90002 54588
90102 57010
90202 16849
90302 6070
90402 23525
