102 18448
202 12148
302 38424
402 32636
502 33403
602 44266
702 20618
802 2499
902 10008
1002 13243
1102 22167
1202 6502
1302 24809
1402 43201
1502 29228
1602 25262
1702 46297
1802 46139
1902 60434
2002 37904
2102 39739
2202 65472
2302 44378
2402 60486
2502 37432
2602 54066
2702 9007
2802 50114
2902 28117
3002 11634
3102 8943
3202 59244
3302 16548
3402 54221
3502 48118
3602 5835
3702 20911
3802 50220
3902 4487
4002 14565
4102 2412
4202 16338
4302 419
4402 54644
4502 6597
4602 55771
4702 52413
4802 30720
4902 22804
5002 48601
5102 38182
5202 60647
5302 9851
5402 17251
5502 778
5602 36795
5702 44517
5802 18405
5902 56312
6002 55810
6102 43909
6202 7422
6302 30825
6402 10038
6502 5888
6602 43168
6702 40171
6802 53676
6902 54831
7002 61891
7102 25704
7202 20153
7302 39412
7402 1946
7502 25133
7602 29508
7702 39046
7802 45700
7902 11509
8002 8341
8102 23366
8202 34286
8302 28426
8402 50256
8502 647
8602 2759
8702 40053
8802 34915
8902 22226
9002 62900
9102 12904
9202 2087
9302 55316
9402 25330
9502 57785
9602 38540
9702 32965
9802 41755
9902 16693
10002 38408
10102 34898
10202 30284
10302 39753
10402 29165
10502 44894
10602 39510
10702 37277
10802 4313
10902 62496
11002 48344
11102 34093
11202 28276
11302 33571
11402 58287
11502 18881
11602 712
11702 60283
11802 19619
11902 41146
12002 56940
12102 53065
12202 60690
12302 59883
12402 49062
12502 57323
12602 22177
12702 56763
12802 36475
12902 27507
13002 37824
13102 19790
13202 5169
13302 18340
13402 1946
13502 9815
13602 9058
13702 36368
13802 37639
13902 62189
14002 53583
14102 6805
14202 47232
14302 51969
14402 29428
14502 28718
14602 29922
14702 60673
14802 32393
14902 24597
15002 30760
15102 35775
15202 59800
15302 61499
15402 49625
15502 45273
15602 46556
15702 11599
15802 3647
15902 36025
16002 49549
16102 6450
16202 65066
16302 32143
16402 50348
16502 21811
16602 7261
16702 63998
16802 34456
16902 44395
17002 42147
17102 10318
17202 6730
17302 5616
17402 47500
17502 57278
17602 8200
17702 57281
17802 50645
17902 846
18002 57802
18102 56935
18202 10651
18302 27527
18402 54761
18502 22645
18602 35708
18702 32167
18802 531
18902 50372
19002 17859
19102 63041
19202 10058
19302 53712
19402 19629
19502 33616
19602 22082
19702 48648
19802 2606
19902 61991
20002 6364
20102 39997
20202 21556
20302 4141
20402 56048
20502 28079
20602 41735
20702 28747
20802 41353
20902 24020
21002 56033
21102 33090
21202 43791
21302 2258
21402 17959
21502 35715
21602 48944
21702 18986
21802 49700
21902 38054
22002 12754
22102 30646
22202 37373
22302 15517
22402 21800
22502 15055
22602 50886
22702 29182
22802 44478
22902 62875
23002 13688
23102 57635
23202 32258
23302 37388
23402 55309
23502 54271
23602 64768
23702 62146
23802 48645
23902 33436
24002 31700
24102 40388
24202 37943
24302 50049
24402 59366
24502 7756
24602 40974
24702 54518
24802 1668
24902 58047
25002 30739
25102 11940
25202 23071
25302 62644
25402 42577
25502 48073
25602 26066
25702 11396
25802 6512
25902 58862
26002 57250
26102 7631
26202 57459
26302 13598
26402 9478
26502 47732
26602 5752
26702 34899
26802 59623
26902 29829
27002 58077
27102 57070
27202 2852
27302 21313
27402 21908
27502 44662
27602 4886
27702 41654
27802 27160
27902 39620
28002 36211
28102 60188
28202 12309
28302 38390
28402 24109
28502 15914
28602 35898
28702 52166
28802 44960
28902 14282
29002 11937
29102 36846
29202 25615
29302 19132
29402 27414
29502 55005
29602 20989
29702 8121
29802 12493
29902 48559
30002 34019
30102 27582
30202 58154
30302 51892
30402 15327
30502 39953
30602 2967
30702 48466
30802 15554
30902 9872
31002 62847
31102 36508
31202 16296
31302 32139
31402 9201
31502 13374
31602 28841
31702 40432
31802 1006
31902 62394
32002 14159
32102 48816
32202 23076
32302 40340
32402 3659
32502 45466
32602 39798
32702 4047
32802 43220
32902 22344
33002 36026
33102 37403
33202 4742
33302 53326
33402 39375
33502 415
33602 1216
33702 8786
33802 13735
33902 49770
34002 8707
34102 43094
34202 38535
34302 7702
34402 22686
34502 12444
34602 29614
34702 5805
34802 65488
34902 39145
35002 63469
35102 58971
35202 29393
35302 44646
35402 30470
35502 50614
35602 23738
35702 1716
35802 28159
35902 39962
36002 53518
36102 2580
36202 14139
36302 58740
36402 45044
36502 47390
36602 58756
36702 903
36802 50747
36902 6171
37002 65234
37102 26194
37202 27040
37302 61718
37402 53072
37502 42409
37602 17719
37702 36595
37802 12500
37902 62174
38002 49809
38102 26618
38202 61495
38302 4224
38402 33520
38502 35787
38602 2971
38702 44493
38802 56301
38902 45284
39002 10414
39102 45317
39202 25791
39302 1540
39402 41184
39502 1561
39602 47928
39702 20495
39802 39106
39902 17998
40002 31818
40102 12050
40202 54807
40302 44021
40402 41928
40502 11101
40602 32573
40702 18619
40802 3455
40902 17459
41002 44487
41102 20679
41202 45214
41302 262
41402 10737
41502 11315
41602 34962
41702 8542
41802 4651
41902 2031
42002 60229
42102 19511
42202 25699
42302 63321
42402 20373
42502 36440
42602 12870
42702 35076
42802 55883
42902 41305
43002 63100
43102 8269
43202 36090
43302 45142
43402 65252
43502 57869
43602 3878
43702 16008
43802 8254
43902 65345
44002 17406
44102 59310
44202 9970
44302 49133
44402 12876
44502 34703
44602 10508
44702 30411
44802 41263
44902 62152
45002 687
45102 39216
45202 59591
45302 14082
45402 24936
45502 5563
45602 56495
45702 53202
45802 63237
45902 52690
46002 2907
46102 21798
46202 25670
46302 23841
46402 253
46502 27388
46602 56540
46702 28666
46802 729
46902 15663
47002 31523
47102 23602
47202 521
47302 48554
47402 48247
47502 45514
47602 30483
47702 4578
47802 41374
47902 6037
48002 30657
48102 33023
48202 5946
48302 4880
48402 4152
48502 49028
48602 18854
48702 7183
48802 43764
48902 47846
49002 55572
49102 46102
49202 60892
49302 4807
49402 37730
49502 43787
49602 56000
49702 40758
49802 25767
49902 45354
50002 47078
50102 25980
50202 53134
50302 56167
50402 25718
50502 21428
50602 60355
50702 27678
50802 35924
50902 3627
51002 42690
51102 60436
51202 43006
51302 20490
51402 41950
51502 7540
51602 63770
51702 17129
51802 17903
51902 38376
52002 15778
52102 25046
52202 37625
52302 65041
52402 50645
52502 24383
52602 53325
52702 61002
52802 167
52902 29379
53002 59531
53102 52853
53202 47459
53302 11492
53402 53187
53502 28570
53602 41952
53702 44435
53802 61611
53902 29110
54002 36739
54102 38118
54202 1278
54302 58051
54402 61244
54502 5160
54602 43561
54702 39738
54802 15636
54902 17388
55002 13666
55102 62677
55202 44822
55302 44266
55402 199
55502 58764
55602 55722
55702 64462
55802 26803
55902 60543
56002 61335
56102 663
56202 29396
56302 56798
56402 37391
56502 47821
56602 14280
56702 62727
56802 34917
56902 12506
57002 60216
57102 51011
57202 11121
57302 13464
57402 22979
57502 18900
57602 6656
57702 9831
57802 28992
57902 13880
58002 41736
58102 54082
58202 51648
58302 13988
58402 35547
58502 45576
58602 49963
58702 53164
58802 16195
58902 42035
59002 3580
59102 17542
59202 51298
59302 23920
59402 31701
59502 35874
59602 638
59702 24642
59802 43608
59902 58144
60002 63521
60102 60120
60202 22148
60302 39828
60402 59671
60502 14350
60602 14159
60702 49350
60802 3449
60902 23171
61002 51297
61102 60028
61202 3780
61302 29556
61402 3545
61502 1815
61602 56827
61702 23179
61802 2762
61902 46502
62002 7151
62102 38045
62202 62448
62302 46592
62402 16326
62502 37319
62602 11698
62702 31434
62802 51272
62902 51157
63002 24757
63102 55755
63202 31428
63302 9718
63402 38079
63502 32025
63602 27745
63702 53636
63802 46533
63902 36790
64002 10089
64102 33931
64202 13361
64302 44923
64402 33895
64502 38520
64602 60521
64702 34384
64802 29344
64902 53917
65002 37955
65102 59176
65202 56788
65302 27956
65402 45761
65502 6973
65602 23045
65702 54790
65802 47262
65902 13947
66002 43758
66102 57344
66202 40440
66302 33264
66402 18516
66502 41360
66602 47851
66702 43704
66802 37675
66902 62865
67002 38128
67102 16591
67202 62080
67302 9966
67402 1008
67502 35375
67602 2199
67702 16651
67802 22802
67902 18971
68002 15
68102 39268
68202 45331
68302 65418
68402 54887
68502 58826
68602 11333
68702 46734
68802 16815
68902 61167
69002 48454
69102 33456
69202 56865
69302 21113
69402 23414
69502 12023
69602 7929
69702 10989
69802 14117
69902 59931
70002 49969
70102 13546
70202 35005
70302 12136
70402 4975
70502 25401
70602 57631
70702 8803
70802 63222
70902 12963
71002 34533
71102 25135
71202 29642
71302 43886
71402 65289
71502 9691
71602 14965
71702 18183
71802 9123
71902 28456
72002 54049
72102 55916
72202 44367
72302 23068
72402 52760
72502 14014
72602 20506
72702 12678
72802 3958
72902 25040
73002 58691
73102 18923
73202 8310
73302 44008
73402 36594
73502 11948
73602 27868
73702 56067
73802 55171
73902 32677
74002 33672
74102 3654
74202 2626
74302 57292
74402 61048
74502 28711
74602 64421
74702 56791
74802 24976
74902 34482
75002 21193
75102 16764
75202 55952
75302 48937
75402 16088
75502 16210
75602 15981
75702 12028
75802 40116
75902 60445
76002 65267
76102 12892
76202 12517
76302 63678
76402 22137
76502 45021
76602 53322
76702 48985
76802 11486
76902 12927
77002 49953
77102 28454
77202 60493
77302 32508
77402 37802
77502 14180
77602 64428
77702 47290
77802 6956
77902 30014
78002 7212
78102 48482
78202 19270
78302 12694
78402 51562
78502 41531
78602 35066
78702 53176
78802 22080
78902 43885
79002 58453
79102 33261
79202 21339
79302 38288
79402 51042
79502 42799
79602 30916
79702 52835
79802 19911
79902 12011
80002 15901
80102 12421
80202 33067
80302 19621
80402 49976
80502 8007
80602 17996
80702 21809
80802 23194
80902 13583
81002 8273
81102 2450
81202 17794
81302 56907
81402 37699
81502 49808
81602 54630
81702 57664
81802 22386
81902 14397
82002 39911
82102 496
82202 2522
82302 30491
82402 33004
82502 5289
82602 31578
82702 44556
82802 28710
82902 34154
83002 60135
83102 8005
83202 51786
83302 35309
83402 25929
83502 42840
83602 25616
83702 31906
83802 30207
83902 225
84002 56752
84102 35074
84202 20469
84302 2103
84402 35354
84502 47672
84602 24750
84702 62706
84802 46747
84902 44758
85002 40517
85102 14513
85202 32304
85302 17704
85402 35928
85502 28471
85602 53492
85702 27918
85802 8098
85902 19665
86002 27470
86102 33053
86202 718
86302 62721
86402 25617
86502 5412
86602 65031
86702 59989
86802 42784
86902 37718
87002 38814
87102 5215
87202 35511
87302 26498
87402 20611
87502 47269
87602 15395
87702 50207
87802 40738
87902 16943
88002 23714
88102 33682
88202 14771
88302 42189
88402 36937
88502 14542
88602 7154
88702 50566
88802 14677
88902 1665
89002 65299
89102 63282
89202 50299
89302 9980
89402 63845
89502 35302
89602 60654
89702 18678
89802 1475
89902 8386
90002 47591
90102 42678
