102 34088
202 45656
302 30486
402 33287
502 29090
602 5482
702 62419
802 8501
902 28724
1002 31376
1102 64330
1202 54959
1302 19801
1402 49716
1502 10800
1602 57648
1702 10328
1802 48915
1902 50608
2002 57993
2102 52666
2202 33696
2302 50512
2402 52312
2502 15744
2602 17380
2702 14488
2802 57416
2902 17316
3002 19371
3102 47748
3202 40608
3302 18447
3402 33565
3502 46632
3602 50351
3702 25810
3802 12348
3902 11901
4002 24962
4102 17462
4202 30507
4302 25038
4402 63466
4502 45880
4602 44352
4702 792
4802 9428
4902 52385
5002 34727
5102 53959
5202 13865
5302 44175
5402 11461
5502 38938
5602 55693
5702 51446
5802 8390
5902 62308
6002 25335
6102 63494
6202 57751
6302 64725
6402 10595
6502 32862
6602 48808
6702 13633
6802 60269
6902 45374
7002 27340
7102 26956
7202 4002
7302 24633
7402 19894
7502 15093
7602 15884
7702 49283
7802 58320
7902 45875
8002 20501
8102 24291
8202 24098
8302 34233
8402 39842
8502 39681
8602 11263
8702 28249
8802 44555
8902 30306
9002 54165
9102 3154
9202 11935
9302 706
9402 11803
9502 873
9602 53799
9702 40161
9802 3422
9902 51977
10002 58358
10102 45872
10202 23441
10302 47786
10402 17887
10502 47431
10602 44524
10702 20775
10802 13813
10902 34231
11002 32880
11102 38689
11202 2706
11302 10170
11402 64969
11502 22217
11602 9461
11702 7576
11802 34134
11902 63866
12002 16166
12102 39373
12202 6643
12302 48507
12402 53026
12502 56660
12602 32776
12702 3293
12802 25929
12902 39337
13002 58106
13102 31202
13202 11479
13302 59260
13402 8452
13502 25778
13602 47613
13702 1528
13802 57412
13902 40280
14002 25573
14102 36459
14202 8951
14302 10132
14402 37831
14502 7053
14602 613
14702 5165
14802 10079
14902 28210
15002 18292
15102 15298
15202 23695
15302 51258
15402 13663
15502 63208
15602 32703
15702 60663
15802 37854
15902 12290
16002 38391
16102 41827
16202 1657
16302 53938
16402 42290
16502 36373
16602 5955
16702 14977
16802 2660
16902 36211
17002 19984
17102 37905
17202 51517
17302 39883
17402 61008
17502 53135
17602 44486
17702 31254
17802 28966
17902 39132
18002 32451
18102 15864
18202 56865
18302 28707
18402 36784
18502 1183
18602 633
18702 42698
18802 45416
18902 45855
19002 6365
19102 7514
19202 36496
19302 30160
19402 19956
19502 45650
19602 21589
19702 64067
19802 63204
19902 53231
20002 55399
20102 65129
20202 43377
20302 18918
20402 63637
20502 11191
20602 16657
20702 49974
20802 25293
20902 26149
21002 11995
21102 55875
21202 32629
21302 65419
21402 18089
21502 31785
21602 62744
21702 29501
21802 33389
21902 39065
22002 14029
22102 27749
22202 1533
22302 48933
22402 13621
22502 7996
22602 34205
22702 39624
22802 47337
22902 53264
23002 59883
23102 2678
23202 22623
23302 14885
23402 45107
23502 23124
23602 59116
23702 10492
23802 22688
23902 62370
24002 33561
24102 24073
24202 55148
24302 29903
24402 1587
24502 44551
24602 65184
24702 28840
24802 5310
24902 7900
25002 35389
25102 63412
25202 17340
25302 18769
25402 52550
25502 32839
25602 9584
25702 43794
25802 18563
25902 8098
26002 16217
26102 52526
26202 63991
26302 21146
26402 29580
26502 37155
26602 17567
26702 29153
26802 26551
26902 60109
27002 53575
27102 30019
27202 63762
27302 14622
27402 32686
27502 51985
27602 32978
