102 17777
202 35475
302 39581
402 37964
502 4270
602 44817
702 37429
802 39668
902 49057
1002 22857
1102 35962
1202 35923
1302 15251
1402 11668
1502 61717
1602 1009
1702 6232
1802 23148
1902 5063
2002 11522
2102 54743
2202 60305
2302 46930
2402 10056
2502 16875
2602 64420
2702 7482
2802 48067
2902 2906
3002 19615
3102 47369
3202 18508
3302 23867
3402 55867
3502 39938
3602 25182
3702 62985
3802 54603
3902 24563
4002 34058
4102 22151
4202 6502
4302 45079
4402 36563
4502 30049
4602 28141
4702 60858
4802 47835
4902 42881
5002 14926
5102 20127
5202 24541
5302 48405
5402 61132
5502 6304
5602 18187
5702 43800
5802 30886
5902 24423
6002 29333
6102 15098
6202 36457
6302 3185
6402 63109
6502 3027
6602 42118
6702 47654
6802 38852
6902 59443
7002 62659
7102 62956
7202 54807
7302 38885
7402 35552
7502 395
7602 51605
7702 47614
7802 798
7902 20979
8002 26565
8102 46783
8202 57244
8302 28472
8402 778
8502 42605
8602 63231
8702 13025
8802 49385
8902 53233
9002 59964
9102 21764
9202 46806
9302 52057
9402 63926
9502 44202
9602 9163
9702 56798
9802 49144
9902 1503
10002 40968
10102 23211
10202 9265
10302 3006
10402 42104
10502 12940
10602 7302
10702 28738
10802 14251
10902 55229
11002 49050
11102 397
11202 61580
11302 24902
11402 34429
11502 4518
11602 26396
11702 47263
11802 37447
11902 54581
12002 4795
12102 26190
12202 55815
12302 49612
12402 63287
12502 8247
12602 17364
12702 28894
12802 34588
12902 45116
13002 52408
13102 15559
13202 29917
13302 48024
13402 45359
13502 16061
13602 58219
13702 52321
13802 34248
13902 46122
14002 28729
14102 18068
14202 28888
14302 20951
14402 49910
14502 42141
14602 39948
14702 60779
14802 59487
14902 54849
15002 24331
15102 41069
15202 16208
15302 33628
15402 40938
15502 59878
15602 36010
15702 2685
15802 5156
15902 2921
16002 12831
16102 4952
16202 60598
16302 61850
16402 12344
16502 42912
16602 18877
16702 1096
16802 12447
16902 29327
17002 12851
17102 12265
17202 38838
17302 39250
17402 10017
17502 28779
17602 29063
17702 18015
17802 56758
17902 46191
18002 61192
18102 63726
18202 13699
18302 27452
18402 63586
18502 7903
18602 10250
18702 29971
18802 22237
18902 34539
19002 39762
19102 46392
19202 41915
19302 35719
19402 1943
19502 51957
19602 46886
19702 53655
19802 39659
19902 54195
20002 39001
20102 22953
20202 45544
20302 57019
20402 56811
20502 42524
20602 35651
20702 13143
20802 46911
20902 2073
21002 25870
21102 35332
21202 31812
21302 21440
21402 63962
21502 12505
21602 27069
21702 58956
21802 3458
21902 54381
22002 5293
22102 23106
22202 60669
22302 23924
22402 9453
22502 17629
22602 34131
22702 53899
22802 39375
22902 10348
23002 64616
23102 4560
23202 34349
23302 25469
23402 9950
23502 51833
23602 43992
23702 15641
23802 10890
23902 55343
24002 32045
24102 49346
24202 34558
24302 12720
24402 60710
24502 51632
24602 35546
24702 37326
24802 25900
24902 34356
25002 48373
25102 61524
25202 57049
25302 33658
25402 20912
25502 7469
25602 54594
25702 22042
25802 10806
25902 34288
26002 50660
26102 19427
26202 53881
26302 14331
26402 58542
26502 13630
26602 30549
26702 11880
26802 11010
26902 35579
27002 20265
27102 58066
27202 35719
27302 29031
27402 37126
27502 39278
27602 62847
27702 24041
27802 40867
27902 61390
28002 39758
28102 41836
28202 25506
28302 35956
28402 33553
28502 34758
28602 16280
28702 24021
28802 59410
28902 51916
29002 62351
29102 59926
29202 5973
29302 24691
29402 18388
29502 21795
29602 37779
29702 9672
29802 37854
29902 39633
30002 1566
30102 49362
30202 19626
30302 52978
30402 26915
30502 3594
30602 48486
30702 13847
30802 39658
30902 23973
31002 9367
31102 16950
31202 11726
31302 23028
31402 14333
31502 21825
31602 25460
31702 24445
31802 54496
31902 27751
32002 25093
32102 46040
32202 9539
32302 44533
32402 61645
32502 40007
32602 2744
32702 16497
32802 34054
32902 54029
33002 15126
33102 47615
33202 51268
33302 40604
33402 3291
33502 41580
33602 11954
33702 44085
33802 1898
33902 17585
34002 50008
34102 5407
34202 16846
34302 2244
34402 45701
34502 1294
