102 10478
202 59530
302 46123
402 41830
502 61885
602 615
702 43121
802 22425
902 16958
1002 10841
1102 46698
1202 40527
1302 23216
1402 39153
1502 54204
1602 26808
1702 189
1802 53665
1902 65313
2002 40084
2102 2887
2202 30961
2302 31965
2402 7371
2502 7211
2602 33764
2702 62637
2802 19211
2902 7291
3002 2741
3102 60291
3202 53525
3302 38169
3402 26131
3502 23630
3602 31568
3702 36256
3802 44847
3902 54245
4002 9122
4102 51373
4202 37961
4302 46200
4402 8122
4502 6032
4602 22945
4702 6613
4802 40180
4902 35577
5002 40142
5102 19106
5202 44303
5302 20681
5402 24533
5502 39168
5602 30973
5702 12505
5802 11952
5902 10429
6002 31315
6102 61420
6202 18552
6302 23876
6402 34446
6502 7572
6602 41783
6702 11039
6802 12636
6902 24639
7002 39655
7102 30768
7202 18026
7302 12996
7402 63733
7502 31015
7602 32465
7702 9609
7802 27301
7902 55732
8002 64961
8102 61823
8202 2087
8302 61112
8402 54520
8502 17032
8602 46175
8702 30706
8802 45901
8902 25453
9002 47666
9102 54992
9202 31673
9302 43090
9402 38017
9502 25236
9602 34194
9702 27455
9802 62156
9902 36606
10002 63747
10102 33423
10202 51712
10302 59529
10402 52391
10502 49148
10602 29136
10702 18322
10802 34778
10902 35969
11002 50150
11102 59325
11202 35199
11302 40834
11402 7266
11502 38701
11602 34444
11702 48195
11802 50823
11902 56615
12002 60302
12102 15290
12202 11559
12302 54693
12402 38182
12502 39377
12602 58346
12702 59896
12802 41389
12902 7948
13002 6793
13102 42030
13202 58542
13302 20696
13402 4351
13502 55892
13602 53346
13702 20862
13802 57189
13902 64295
14002 21516
14102 51668
14202 60961
14302 42691
14402 56854
14502 42784
14602 39593
14702 49139
14802 63277
14902 36302
15002 40942
15102 42491
15202 35471
15302 23997
15402 64124
15502 5039
15602 25257
15702 43458
15802 25725
15902 9321
16002 58004
16102 2013
16202 24777
16302 37328
16402 47066
16502 23144
16602 29575
16702 18409
16802 50514
16902 7865
17002 31888
17102 43785
17202 2860
17302 1060
17402 51901
17502 60564
17602 8806
17702 38819
17802 18744
17902 24983
18002 4828
18102 9050
18202 11746
18302 39043
18402 7935
18502 31816
18602 26061
18702 45165
18802 59511
18902 26167
19002 2846
19102 7021
19202 52530
19302 40974
19402 57378
19502 30720
19602 62748
19702 33164
19802 19125
19902 2323
20002 27316
20102 49480
20202 23775
20302 25377
20402 32044
20502 34079
20602 56412
20702 8919
20802 32833
20902 45379
21002 20855
21102 15539
21202 50557
21302 42273
21402 50680
21502 29459
21602 63767
21702 11258
21802 41235
21902 2411
22002 7826
22102 8783
22202 17068
22302 51671
22402 37511
22502 53887
22602 60660
22702 64046
22802 10610
22902 19423
23002 49874
23102 54400
23202 32056
23302 18777
23402 29426
23502 16771
23602 8849
23702 51166
23802 59439
23902 58589
24002 63528
24102 57888
24202 64681
24302 23218
24402 27784
24502 56106
24602 55781
24702 36143
24802 30918
24902 43915
25002 33996
25102 51265
25202 1132
25302 58248
25402 7062
25502 56387
25602 25823
25702 32304
25802 53119
25902 28446
26002 52754
26102 44003
26202 51031
26302 19936
26402 38274
26502 46490
26602 1692
26702 536
26802 28948
26902 4303
27002 49157
27102 8108
27202 54874
27302 11220
27402 23980
27502 62535
27602 21368
27702 46490
27802 34328
27902 36649
28002 3217
28102 16072
28202 14599
28302 25608
28402 28593
28502 10562
28602 18741
28702 5653
28802 34981
28902 17518
29002 24795
29102 4829
29202 48766
29302 7251
29402 16265
29502 15421
29602 36658
29702 12035
29802 38654
29902 29586
30002 23117
30102 56641
30202 51968
30302 38748
30402 1401
30502 46802
30602 21063
30702 46451
30802 39094
30902 40823
31002 58624
31102 60421
31202 2115
31302 33062
31402 30008
31502 23688
31602 37697
31702 26694
31802 41205
31902 61785
32002 55528
32102 58286
32202 21873
32302 5201
32402 10332
32502 40398
32602 30277
32702 43295
32802 13424
32902 52745
33002 27057
33102 56449
33202 25759
33302 14196
33402 1074
33502 53162
33602 9065
33702 30514
33802 10943
33902 21532
34002 35226
34102 33266
34202 32695
34302 60315
34402 18633
34502 55815
34602 63845
34702 14979
34802 27709
34902 4756
35002 7777
35102 32562
35202 60808
35302 13616
35402 19410
35502 13276
35602 51632
35702 47564
35802 42504
35902 35577
36002 26743
36102 33555
36202 21494
36302 42673
36402 12169
36502 5426
36602 42497
36702 50570
36802 17427
36902 47470
37002 20820
37102 10
37202 44082
37302 54369
37402 32325
37502 39065
37602 1038
37702 10074
37802 46153
37902 57333
38002 57241
38102 6681
38202 19160
38302 22653
38402 34002
38502 18049
38602 52580
38702 40134
38802 31169
38902 8433
39002 13501
39102 61287
39202 60663
39302 11814
39402 29340
39502 1610
39602 58817
39702 14781
39802 1151
39902 33508
40002 11107
40102 64488
40202 62311
40302 31417
40402 13125
40502 15309
40602 48548
40702 55390
40802 43541
40902 10795
41002 13061
41102 36204
41202 9822
41302 56152
41402 35457
41502 43200
41602 63470
41702 12307
41802 29501
41902 17894
42002 23004
42102 62039
42202 51894
42302 6410
42402 4408
42502 45424
42602 47190
42702 44588
42802 47367
42902 52637
43002 2432
43102 44389
43202 56310
43302 15580
43402 53188
43502 54552
43602 10334
43702 26378
43802 64159
43902 5007
44002 60225
44102 50488
44202 40887
44302 41868
44402 46423
44502 13847
44602 65219
44702 24554
44802 1688
44902 25010
45002 9655
45102 65165
45202 31705
45302 65315
45402 9097
45502 25502
45602 11486
45702 30376
45802 43863
45902 789
46002 17193
46102 11615
46202 16671
46302 63014
46402 53479
46502 43512
46602 18771
46702 34664
46802 23854
46902 58018
47002 40471
47102 22531
47202 29176
47302 5440
47402 53621
47502 12304
47602 2095
47702 24258
47802 56308
47902 55346
48002 26039
48102 50702
48202 6990
48302 61149
48402 19267
48502 50903
48602 33921
48702 46342
48802 10661
48902 15752
49002 46991
49102 28206
49202 21123
49302 7346
49402 61946
49502 39688
49602 4294
49702 25974
49802 32920
49902 2372
50002 25535
50102 34945
50202 19367
50302 29068
50402 50348
50502 18677
50602 6963
50702 25910
50802 50225
50902 33960
51002 52047
51102 30998
51202 5510
51302 6413
51402 3423
51502 20883
51602 54963
51702 43022
51802 266
51902 1031
52002 37749
52102 3944
52202 13490
52302 24326
52402 29140
52502 29496
52602 34643
52702 5122
52802 51374
52902 48521
53002 40726
53102 54397
53202 46225
53302 36889
53402 52881
53502 52922
53602 52050
53702 30672
53802 26749
53902 30254
54002 2778
54102 29385
54202 4242
54302 59702
54402 41413
54502 58080
54602 12031
54702 42263
54802 26264
54902 51863
55002 17273
55102 97
55202 1061
55302 64348
55402 23264
55502 57375
55602 53026
55702 47545
55802 12286
55902 2987
56002 52530
56102 49882
56202 51743
56302 1896
56402 60497
56502 32620
56602 31538
56702 18371
56802 50981
56902 33095
57002 38689
57102 23606
57202 7508
57302 6419
57402 19199
57502 17546
57602 26805
57702 62855
57802 57048
57902 7345
58002 37540
58102 59248
58202 61693
58302 39391
58402 38225
58502 37887
58602 38021
58702 29691
58802 20184
58902 11595
59002 48265
59102 46995
59202 64045
59302 17342
59402 16843
59502 14387
59602 34975
59702 37497
59802 9380
59902 48217
60002 54100
60102 46899
60202 16858
60302 9485
60402 63502
60502 63471
60602 59986
60702 64267
60802 50564
60902 55586
61002 44742
61102 60516
61202 4348
61302 2748
61402 32659
61502 54500
61602 58687
61702 58194
61802 43876
61902 22437
62002 57217
62102 34260
62202 19188
62302 25415
62402 17487
62502 26460
62602 30359
62702 53354
62802 49941
62902 62166
63002 52071
63102 11295
63202 23650
63302 52147
63402 22550
63502 45880
63602 5824
63702 12470
63802 7669
63902 7601
64002 51477
64102 50895
64202 65309
64302 16825
64402 40890
64502 36720
64602 20533
64702 35824
64802 27453
64902 51618
65002 41255
65102 64925
65202 7580
65302 8061
65402 31587
65502 52919
65602 60915
65702 34876
65802 48311
65902 4873
66002 61335
66102 25054
66202 19755
66302 12996
66402 20931
66502 34275
66602 19031
66702 39567
66802 32168
66902 46177
67002 40296
67102 3121
67202 35101
67302 19974
67402 34701
67502 12794
67602 61375
67702 25529
67802 62926
67902 212
68002 4207
68102 50358
68202 24205
68302 62404
68402 47969
68502 27900
68602 37951
68702 44556
68802 39588
68902 47237
69002 18079
69102 45831
69202 7490
69302 35660
69402 35653
69502 50744
69602 3763
69702 22704
69802 25419
69902 61534
70002 15544
70102 1296
70202 61120
70302 5920
70402 56662
70502 57691
70602 41644
70702 31703
70802 61236
70902 63625
71002 49773
71102 56246
71202 60464
71302 27662
71402 14004
71502 7542
71602 30426
71702 11548
71802 27708
71902 12570
72002 38335
72102 34547
72202 30965
72302 30052
72402 20929
72502 32354
72602 13850
72702 27895
72802 6201
72902 54290
73002 44028
73102 33832
73202 34793
73302 11259
73402 37437
73502 6873
73602 29279
73702 24792
73802 2027
73902 54345
74002 18587
74102 20435
74202 23112
74302 49358
74402 63967
74502 30023
74602 21723
74702 9798
74802 24954
74902 45567
75002 2698
75102 1131
75202 52204
75302 40282
75402 63595
75502 64520
75602 722
75702 50466
75802 51653
75902 42936
76002 41839
76102 26702
76202 41936
76302 42892
76402 53595
76502 55634
76602 14951
76702 24198
76802 52696
76902 44311
77002 34144
77102 12449
77202 39096
77302 38798
77402 27477
77502 9558
77602 12865
77702 42753
77802 55696
77902 31736
78002 34841
78102 23027
78202 26669
78302 44175
78402 15661
78502 54861
78602 20514
78702 12028
78802 10681
78902 51370
79002 38570
79102 32329
79202 49927
79302 39575
79402 8252
79502 3959
79602 59881
79702 28009
79802 51773
79902 21691
80002 28569
80102 13092
80202 59578
80302 24706
80402 16443
80502 58879
80602 25994
80702 57516
80802 10815
80902 16465
81002 28366
81102 57229
81202 60496
81302 3470
81402 3911
81502 37179
81602 25205
81702 54191
81802 31723
81902 30876
82002 13894
82102 39175
82202 48929
82302 64633
82402 54951
82502 40200
82602 38543
82702 47630
82802 42183
82902 52441
83002 19411
83102 26977
83202 31363
83302 51514
83402 37315
83502 26037
83602 57965
83702 48737
83802 44322
83902 958
84002 57256
84102 39939
84202 13052
84302 39030
84402 922
84502 50374
84602 41511
84702 33300
84802 59004
84902 29166
85002 51923
85102 10659
85202 1643
85302 7986
85402 2102
85502 46330
85602 27808
85702 38641
85802 46270
85902 41114
86002 15182
86102 62791
86202 60587
86302 12968
86402 20536
86502 42134
86602 9794
86702 14278
86802 4953
86902 36140
87002 47265
87102 19428
87202 37846
87302 14579
87402 17268
87502 28871
87602 13281
87702 20620
87802 58283
87902 2789
88002 60303
88102 19856
88202 22840
88302 64737
88402 51158
88502 1420
88602 29408
88702 11358
88802 9690
88902 19043
89002 35515
89102 45799
89202 31108
89302 5768
89402 39950
89502 9709
89602 62982
89702 3917
89802 50862
89902 12296
90002 42948
90102 58335
