102 36946
202 32066
302 18596
402 3404
502 3959
602 39216
702 13808
802 56817
902 2015
1002 57291
1102 6513
1202 11403
1302 18998
1402 29773
1502 48692
1602 10746
1702 34666
1802 21267
1902 35063
2002 24367
2102 55106
2202 3761
2302 11763
2402 36866
2502 48957
2602 18446
2702 20601
2802 38480
2902 53298
3002 7210
3102 19728
3202 19066
3302 46763
3402 25550
3502 21813
3602 51923
3702 12840
3802 35457
3902 6253
4002 20286
4102 15850
4202 35146
4302 29545
4402 64436
4502 42248
4602 55713
4702 17755
4802 6914
4902 22611
5002 8175
5102 20003
5202 39390
5302 53212
5402 39372
5502 5285
5602 3167
5702 1072
5802 58020
5902 29790
6002 1295
6102 5384
6202 3753
6302 61036
6402 28570
6502 29875
6602 64694
6702 47969
6802 33091
6902 65482
7002 45536
7102 20209
7202 10981
7302 2630
7402 13739
7502 35836
7602 64118
7702 39218
7802 38504
7902 3719
8002 49480
8102 9027
8202 60823
8302 46851
8402 13028
8502 14907
8602 26523
8702 47614
8802 19604
8902 45119
9002 55749
9102 51396
9202 49150
9302 25175
9402 20510
9502 8387
9602 63521
9702 62778
9802 3938
9902 12980
10002 61213
10102 10202
10202 30027
10302 64783
10402 46257
10502 63421
10602 45627
10702 39935
10802 47772
10902 50016
11002 59142
11102 10563
11202 3369
11302 31215
11402 18625
11502 14360
11602 26578
11702 12864
11802 35382
11902 51639
12002 1897
12102 3208
12202 43110
12302 20514
12402 42918
12502 47972
12602 45199
12702 46853
12802 38758
12902 7067
13002 49852
13102 41533
13202 33085
13302 30657
13402 21570
13502 39645
13602 25145
13702 13803
13802 52093
13902 6423
14002 59905
14102 16018
14202 29320
14302 8416
14402 3528
14502 37596
14602 36516
14702 49274
14802 64545
14902 42605
15002 50847
15102 13841
15202 62352
15302 64894
15402 15753
15502 1394
15602 31917
15702 13023
15802 53395
15902 58794
16002 35743
16102 49478
16202 30932
16302 18908
16402 28449
16502 1390
16602 51816
16702 21438
16802 6279
16902 29220
17002 13361
17102 1871
17202 30090
17302 45761
17402 64397
17502 12397
17602 38328
17702 59598
17802 47679
17902 46948
18002 60878
18102 50985
18202 55215
18302 44275
18402 18745
18502 15483
18602 250
18702 9615
18802 15905
18902 2505
19002 10824
19102 38909
19202 23555
19302 24545
19402 23831
19502 42105
19602 33334
19702 39832
19802 44723
19902 46513
20002 42611
20102 62319
20202 65165
20302 44176
20402 56760
20502 21645
20602 16956
20702 57031
20802 47926
20902 57462
21002 46315
21102 35078
21202 33656
21302 24044
21402 7305
21502 59015
21602 51217
21702 3895
21802 51727
21902 21133
22002 14466
22102 11639
22202 23965
22302 27316
22402 23208
22502 22603
22602 10375
22702 22471
22802 56796
22902 60686
23002 59478
23102 25167
23202 15948
23302 3324
23402 29328
23502 56745
23602 35420
23702 45322
23802 56930
23902 44813
24002 37981
24102 31783
24202 49097
24302 23178
24402 26906
24502 14416
24602 11343
24702 5905
24802 20783
24902 9338
25002 54714
25102 3717
25202 41054
25302 37008
25402 17120
25502 31409
25602 62440
25702 21896
25802 21307
25902 40106
26002 49076
26102 15922
26202 18734
26302 43126
26402 26681
26502 17849
26602 8246
26702 11167
26802 63180
26902 58577
27002 4339
27102 25957
27202 6032
27302 19735
27402 34933
27502 4510
27602 51966
27702 59033
27802 62993
27902 62766
28002 15578
28102 62820
28202 58179
28302 59753
28402 15916
28502 615
28602 15154
28702 7855
28802 10354
28902 3778
29002 29257
29102 22876
29202 48730
29302 61313
29402 19036
29502 32956
29602 61209
29702 26452
29802 58893
29902 17977
30002 37296
30102 5249
30202 32796
30302 40082
30402 46247
30502 20544
30602 3710
30702 27955
30802 24852
30902 43679
31002 33485
31102 50903
31202 58986
31302 24114
31402 42991
31502 51329
31602 40310
31702 35445
31802 30124
31902 30828
32002 57466
32102 48364
32202 36193
32302 12384
32402 41376
32502 22353
32602 34980
32702 30557
32802 41212
32902 28662
33002 9448
33102 8510
33202 45184
33302 26952
33402 918
33502 8000
33602 2343
33702 55910
33802 37959
33902 38827
34002 62747
34102 30893
34202 8205
34302 23569
34402 16393
34502 24414
34602 38484
34702 18114
34802 30106
34902 37381
35002 39153
35102 64162
35202 6614
35302 21459
35402 56506
35502 12364
35602 14261
35702 39820
35802 7686
35902 7748
36002 23593
36102 7745
36202 53772
36302 37215
36402 25542
36502 16600
36602 15934
36702 61460
36802 27112
36902 43113
37002 62389
37102 6044
37202 60852
37302 26237
37402 57914
37502 49828
37602 11680
37702 42050
37802 52183
37902 42992
38002 30066
38102 45744
38202 47995
38302 45114
38402 46952
38502 7851
38602 24647
38702 28685
38802 30771
38902 11263
39002 48360
39102 30939
39202 15854
39302 57662
39402 62010
39502 36497
39602 57039
39702 52298
39802 10783
39902 9347
40002 16447
40102 1462
40202 5609
40302 35166
40402 32907
40502 36174
40602 61214
40702 34237
40802 46969
40902 56651
41002 21593
41102 11829
41202 17844
41302 40931
41402 43741
41502 2289
41602 51435
41702 54394
41802 28704
41902 10062
42002 25621
42102 17936
42202 11523
42302 17291
42402 5531
42502 21651
42602 55755
42702 12725
42802 37464
42902 59139
43002 38935
43102 45822
43202 25648
43302 9827
43402 14931
43502 58643
43602 38490
43702 39871
43802 30177
43902 19141
44002 24617
44102 61017
44202 32026
44302 31677
44402 21707
44502 40030
44602 56758
44702 7727
44802 42252
44902 19724
45002 38754
45102 21345
45202 55781
45302 57348
45402 48217
45502 56987
45602 4090
45702 30816
45802 38641
45902 38186
46002 20944
46102 25069
46202 27124
46302 29508
46402 18717
46502 61836
46602 36943
46702 12979
46802 40547
46902 58725
47002 34356
47102 12008
47202 19162
47302 17050
47402 16386
47502 54866
47602 50283
47702 61244
47802 18384
47902 15451
48002 34037
48102 2641
48202 4604
48302 59222
48402 48471
48502 34367
48602 23212
48702 64680
48802 37220
48902 8280
49002 37913
49102 34455
49202 20897
49302 15891
49402 40791
49502 57528
49602 39405
49702 32592
49802 10251
49902 60830
50002 38244
50102 7563
50202 12777
50302 4217
50402 60121
50502 57895
50602 9868
50702 33670
50802 63635
50902 64538
51002 34534
51102 49794
51202 39297
51302 27264
51402 51780
51502 61805
51602 54239
51702 65173
51802 34115
51902 12734
52002 44098
52102 38160
52202 41105
52302 61686
52402 49733
52502 58644
52602 8245
52702 9334
52802 53240
52902 13985
53002 57886
53102 29044
53202 20024
53302 15811
53402 32580
53502 59228
53602 3406
53702 42476
53802 41002
53902 30128
54002 28432
54102 36501
54202 27801
54302 44040
54402 44370
54502 2721
54602 22429
54702 46926
54802 24768
54902 21771
55002 64959
55102 8388
55202 56254
55302 56228
55402 4588
55502 16952
55602 27610
55702 18865
55802 37668
55902 1735
56002 44892
56102 36883
56202 49176
56302 4033
56402 1165
56502 34952
56602 1337
56702 49923
56802 52498
56902 25109
57002 15798
57102 60542
57202 44881
57302 60392
57402 24619
57502 23391
57602 11379
57702 8224
57802 39512
57902 29234
58002 59443
58102 59144
58202 9273
58302 30736
58402 3033
58502 12332
58602 39443
58702 32346
58802 20561
58902 39422
59002 23515
59102 53966
59202 47657
59302 19114
59402 6342
59502 18208
59602 37430
59702 14788
59802 53491
59902 53401
60002 20402
60102 21343
60202 25851
60302 41273
60402 7830
60502 58359
60602 21845
60702 34902
60802 22098
60902 21549
61002 60597
61102 18450
61202 8649
61302 44201
61402 2104
61502 25178
61602 54040
61702 31450
61802 64283
61902 41742
62002 16226
62102 21569
62202 29973
62302 18173
62402 4073
62502 60202
62602 20873
62702 21519
62802 38859
62902 35366
63002 7550
63102 18967
63202 7469
63302 36840
63402 61590
63502 55161
63602 808
63702 52548
63802 59821
63902 27551
64002 29615
64102 47308
64202 18668
64302 45266
64402 21822
64502 55991
64602 30236
64702 35614
64802 40358
64902 52836
65002 4176
65102 53368
65202 5572
65302 17460
65402 45827
65502 56640
65602 63982
65702 43760
65802 27217
65902 35256
66002 17243
66102 61828
66202 204
66302 38474
66402 52467
66502 5005
66602 8672
66702 49592
66802 48659
66902 1055
67002 62522
67102 35777
67202 64370
67302 36059
67402 44965
67502 34193
67602 36562
67702 20936
67802 35358
67902 63298
68002 51100
68102 30474
68202 57856
68302 42219
68402 2808
68502 41036
68602 4742
68702 32911
68802 42744
68902 15151
69002 48784
69102 64513
69202 1099
69302 8892
69402 4929
69502 19495
69602 53824
69702 7377
69802 23346
69902 38881
70002 50528
70102 3702
70202 5844
70302 32437
70402 43366
70502 40727
70602 52199
70702 39074
70802 32722
70902 38208
71002 26689
71102 7110
71202 60629
71302 47514
71402 38058
71502 18070
71602 63707
71702 54632
71802 43851
71902 21691
72002 22168
72102 25067
72202 21803
72302 25002
72402 34904
72502 14725
72602 25653
72702 60185
72802 47447
72902 13333
73002 37837
73102 8076
73202 53870
73302 23703
73402 36096
73502 22864
73602 25528
73702 53838
73802 46993
73902 53702
74002 48602
74102 31241
74202 62703
74302 10120
74402 136
74502 62341
74602 9987
74702 13766
74802 18384
74902 60539
75002 54991
75102 64493
75202 2752
75302 26511
75402 42935
75502 50135
75602 4721
75702 3738
75802 34137
75902 16244
76002 27148
76102 752
76202 15230
76302 7890
76402 40119
76502 36413
76602 23167
76702 48274
76802 56976
76902 22950
77002 61835
77102 49880
77202 18911
77302 56619
77402 35403
77502 25495
77602 34633
77702 16194
77802 60227
77902 22780
78002 37918
78102 48724
78202 31378
78302 45959
78402 1507
78502 781
78602 4768
78702 30465
78802 33091
78902 25111
79002 50614
79102 34867
79202 57364
79302 42598
79402 2337
79502 48429
79602 58335
79702 8898
79802 40659
79902 61240
80002 62703
80102 39767
80202 42238
80302 7930
80402 20702
80502 12782
80602 44519
80702 42564
80802 36836
80902 18441
81002 52887
81102 47819
81202 34269
81302 5960
81402 31160
81502 982
81602 3116
81702 62617
81802 10962
81902 60803
82002 48421
82102 3428
82202 42549
82302 41941
82402 8612
82502 65213
82602 54038
82702 58286
82802 60053
82902 7817
83002 600
83102 27145
83202 53221
83302 31212
83402 2477
83502 52402
83602 54214
83702 17989
83802 20876
83902 51918
84002 30759
84102 17883
84202 26993
84302 15963
84402 57075
84502 35798
84602 48979
84702 61772
84802 48404
84902 19837
85002 29414
85102 11497
85202 27227
85302 5782
85402 42210
85502 14428
85602 6919
85702 35206
85802 24829
85902 17914
86002 21266
86102 41208
86202 45961
86302 3055
86402 20882
86502 22435
86602 3559
86702 3316
86802 58639
86902 21762
87002 42536
87102 61970
87202 13080
87302 32182
87402 46484
87502 16306
87602 14884
87702 43471
87802 39154
87902 17645
88002 13129
88102 14179
88202 5093
88302 27865
88402 41561
88502 50533
88602 46448
88702 4143
88802 45908
88902 35213
89002 31356
89102 61326
89202 3135
89302 45562
89402 21194
89502 49291
89602 8349
89702 36699
89802 19320
89902 38583
90002 22057
90102 55685
