102 26919
202 3143
302 42715
402 28501
502 25977
602 62682
702 1738
802 35082
902 34694
1002 42476
1102 26736
1202 25445
1302 22975
1402 36834
1502 60891
1602 43358
1702 4427
1802 39126
1902 23901
2002 44752
2102 16563
2202 55741
2302 29630
2402 41084
2502 44039
2602 64688
2702 3249
2802 27185
2902 39379
3002 25542
3102 42576
3202 23310
3302 47977
3402 45983
3502 48174
3602 14466
3702 22120
3802 26747
3902 4631
4002 38978
4102 50579
4202 44200
4302 63730
4402 41041
4502 15875
4602 18655
4702 61618
4802 34266
4902 27678
5002 10222
5102 63573
5202 60824
5302 8302
5402 65120
5502 64802
5602 26616
5702 28008
5802 40027
5902 19495
6002 57191
6102 43995
6202 29460
6302 9879
6402 4674
6502 6841
6602 14587
6702 2391
6802 11547
6902 55407
7002 29791
7102 42494
7202 41905
7302 24277
7402 25014
7502 41808
7602 61137
7702 54508
7802 62250
7902 55953
8002 38801
8102 55075
8202 41042
8302 63037
8402 49397
8502 62809
8602 54724
8702 9942
8802 65028
8902 34423
9002 39429
9102 45977
9202 21299
9302 28734
9402 46161
9502 27567
9602 14685
9702 43157
9802 14301
9902 58624
10002 45020
10102 49877
10202 8589
10302 61276
10402 21029
10502 36442
10602 21920
10702 57162
10802 60684
10902 5887
11002 34345
11102 51707
11202 26072
11302 30215
11402 35240
11502 53900
11602 24808
11702 11130
11802 61517
11902 6081
12002 53233
12102 28861
12202 14922
12302 39720
12402 10748
12502 61685
12602 40120
12702 59371
12802 36628
12902 13641
13002 30577
13102 39238
13202 40330
13302 6582
13402 38665
13502 8302
13602 48432
13702 28361
13802 6768
13902 62372
14002 20622
14102 5723
14202 17150
14302 30119
14402 15064
14502 17355
14602 6352
14702 48136
14802 23420
14902 54010
15002 30954
15102 22194
15202 35640
15302 46111
15402 11650
15502 60656
15602 29480
15702 5283
15802 65109
15902 46184
16002 44727
16102 5754
16202 16334
16302 65246
16402 22774
16502 35706
16602 25495
16702 19782
16802 4401
16902 33181
17002 47958
17102 51727
17202 16720
17302 62030
17402 65025
17502 21746
17602 10495
17702 37430
17802 29035
17902 37347
18002 50218
18102 8766
18202 40861
18302 36844
18402 9648
18502 763
18602 11043
18702 5162
18802 18508
18902 54797
19002 29578
19102 7099
19202 14093
19302 7889
19402 59355
19502 24130
19602 19503
19702 57527
19802 36295
19902 10421
20002 49405
20102 62582
20202 47020
20302 27458
20402 65191
20502 50661
20602 14462
20702 19451
20802 51154
20902 40752
21002 35020
21102 60165
21202 34458
21302 6732
21402 29889
21502 56473
21602 10248
21702 52982
21802 43321
21902 33445
22002 40573
22102 36897
22202 33988
22302 31335
22402 23856
22502 9102
22602 6489
22702 46666
22802 25530
22902 33213
23002 9717
23102 42848
23202 20358
23302 24796
23402 10421
23502 47535
23602 1845
23702 49605
23802 35147
23902 11428
24002 25229
24102 19092
24202 18858
24302 20323
24402 818
24502 57769
24602 43205
24702 46516
24802 41874
24902 12414
25002 44605
25102 24550
25202 64886
25302 62816
25402 46988
25502 31385
25602 55330
25702 12665
25802 49313
25902 47595
26002 24523
26102 30797
26202 39920
26302 52043
26402 37499
26502 19099
26602 24552
26702 42071
26802 2357
26902 37497
27002 22171
27102 32628
27202 55105
27302 27340
27402 234
27502 12947
27602 48453
27702 6618
27802 54060
27902 48553
28002 41989
28102 36082
28202 4867
28302 10716
28402 53922
28502 25732
28602 41666
28702 13284
28802 33739
28902 26644
29002 54169
29102 589
29202 47644
29302 15581
29402 16690
29502 48347
29602 25455
29702 50479
29802 52724
29902 37090
30002 48018
30102 61670
30202 61065
30302 4418
30402 27503
30502 34103
30602 59807
30702 55736
30802 52048
30902 44626
31002 21537
31102 25124
31202 41839
31302 44782
31402 19140
31502 18612
31602 4009
31702 48987
31802 41147
31902 5666
32002 58295
32102 58396
32202 4918
32302 9947
32402 32200
32502 8065
