102 18964
202 4713
302 30080
402 5297
502 32120
602 16180
702 4027
802 25407
902 45632
1002 53707
1102 28589
1202 29817
1302 33206
1402 31647
1502 45370
1602 2019
1702 44908
1802 32215
1902 1569
2002 54699
2102 63463
2202 28897
2302 50360
2402 36801
2502 3857
2602 43913
2702 59396
2802 65136
2902 24648
3002 47345
3102 2147
3202 60921
3302 37050
3402 60912
3502 38934
3602 18657
3702 40409
3802 33472
3902 6845
4002 32326
4102 25374
4202 498
4302 285
4402 37619
4502 54789
4602 40735
4702 32942
4802 59139
4902 40954
5002 8847
5102 21931
5202 28529
5302 65270
5402 11705
5502 28421
5602 39331
5702 7384
5802 14338
5902 64121
6002 10805
6102 13344
6202 27540
6302 58038
6402 14993
6502 58344
6602 4851
6702 12474
6802 41913
6902 60162
7002 53924
7102 17899
7202 50866
7302 15302
7402 38276
7502 31649
7602 37091
7702 23765
7802 47336
7902 16004
8002 65284
8102 16239
8202 41988
8302 34742
8402 57266
8502 20844
8602 52187
8702 59967
8802 22844
8902 15762
9002 34683
9102 53301
9202 40093
9302 33487
9402 60783
9502 7572
9602 40666
9702 99
9802 60167
9902 35279
10002 21387
10102 41262
10202 63349
10302 55182
10402 23158
10502 53837
10602 53761
10702 8509
10802 59038
10902 62467
11002 25065
11102 1656
11202 9278
11302 16816
11402 613
11502 4067
11602 57802
11702 65444
11802 55353
11902 36819
12002 9536
12102 14041
12202 47559
12302 63803
12402 6320
12502 63549
12602 30645
12702 24234
12802 88
12902 34532
13002 28576
13102 46929
13202 1255
13302 36943
13402 7621
13502 56390
13602 49880
13702 23692
13802 2865
13902 36592
14002 54987
14102 65174
14202 58442
14302 41495
14402 39500
14502 18705
14602 52594
14702 868
14802 11745
14902 20730
15002 35865
15102 38217
15202 9078
15302 34790
15402 40397
15502 48614
15602 13598
15702 30828
15802 15388
15902 19483
16002 17039
16102 23338
16202 33339
16302 45176
16402 22886
16502 38561
16602 35332
16702 20492
16802 48892
16902 42934
17002 1001
17102 55121
17202 4389
17302 3859
17402 33522
17502 3199
17602 22275
17702 5716
17802 10198
17902 17722
18002 8852
18102 25140
18202 15773
18302 38819
18402 30595
18502 29015
18602 62794
18702 45379
18802 22436
18902 33610
19002 58156
19102 9746
19202 56875
19302 10087
19402 41737
19502 51645
19602 63860
19702 11883
19802 26372
19902 61387
20002 33213
20102 10433
20202 3824
20302 1608
20402 8788
20502 62330
20602 52825
20702 37684
20802 62456
20902 58028
21002 36259
21102 7069
21202 61304
21302 19743
21402 15064
21502 55376
21602 19236
21702 48016
21802 8295
21902 45297
22002 52086
22102 41317
22202 4730
22302 13382
22402 54662
22502 26833
22602 5725
22702 26026
22802 52893
22902 23996
23002 48022
23102 14474
23202 11424
23302 53417
23402 9248
23502 37454
23602 6531
23702 24312
23802 14329
23902 64091
24002 11237
24102 37775
24202 57505
24302 27015
24402 43548
24502 62691
24602 62183
24702 29576
24802 25930
24902 61992
25002 14873
25102 22216
25202 45347
25302 63438
25402 27327
25502 28274
25602 29761
25702 45354
25802 54369
25902 12447
26002 37911
26102 38416
26202 26895
26302 26161
26402 16441
26502 13442
26602 52512
26702 54021
26802 37498
26902 59835
27002 24846
27102 33618
27202 5482
27302 48303
27402 62391
27502 47953
27602 26300
27702 3582
27802 24832
27902 631
28002 31151
28102 34192
28202 38132
28302 38731
28402 55584
28502 11572
28602 10923
28702 18033
28802 19944
28902 26416
29002 40620
29102 34088
29202 38968
29302 30136
29402 12339
29502 42920
29602 1340
29702 44674
29802 25376
29902 23891
30002 46518
30102 12474
30202 38789
30302 44747
30402 39087
30502 55425
30602 27085
30702 19464
30802 50772
30902 40803
31002 51025
31102 61893
31202 42187
31302 17278
31402 39751
31502 36635
31602 137
31702 27706
31802 22525
31902 60629
32002 43191
32102 59591
32202 22369
32302 50784
32402 458
32502 7165
32602 17317
32702 43321
32802 51925
32902 62829
33002 41925
33102 37062
33202 51935
33302 2115
33402 7239
33502 21574
33602 42608
33702 36811
33802 21618
33902 29719
34002 58009
34102 59284
34202 23778
34302 4143
34402 29497
34502 64217
34602 65204
34702 36626
34802 24847
34902 62312
35002 4561
35102 13938
35202 28230
35302 4351
35402 16916
35502 7518
35602 31827
35702 19898
35802 53546
35902 28756
36002 54083
36102 63676
36202 62253
36302 39090
36402 63400
36502 54642
36602 23779
36702 10810
36802 42947
36902 12229
37002 52228
37102 445
37202 13413
37302 64240
37402 58424
37502 11954
37602 55340
37702 183
37802 51585
37902 57461
38002 46847
38102 62331
38202 53308
38302 13798
38402 2860
38502 50628
38602 6518
38702 30247
38802 57650
38902 15251
39002 42618
39102 2389
39202 29520
39302 18680
39402 51208
39502 29107
39602 20696
39702 37621
39802 50137
39902 5014
40002 24634
40102 42021
40202 41216
40302 56050
40402 48870
40502 10023
40602 31392
40702 6110
40802 56239
40902 58865
41002 9401
41102 61016
41202 24691
41302 13766
41402 47836
41502 53041
41602 58267
41702 1265
41802 59416
41902 27090
42002 26235
42102 64496
42202 22695
42302 42726
42402 40722
42502 42424
42602 34492
42702 10354
42802 9807
42902 19531
43002 9382
43102 57432
43202 44419
43302 977
43402 34736
43502 51057
43602 12363
43702 26489
43802 5507
43902 25868
44002 56457
44102 8626
44202 55199
44302 59160
44402 2231
44502 26614
44602 42894
44702 24330
44802 27080
44902 1543
45002 18207
45102 38239
45202 32351
45302 43681
45402 44346
45502 49140
45602 15255
45702 46174
45802 6455
45902 16533
46002 13222
46102 45213
46202 31119
46302 53899
46402 21105
46502 7994
46602 41694
46702 30588
46802 36495
46902 8832
47002 53832
47102 40029
47202 29097
47302 32471
47402 33383
47502 30080
47602 3859
47702 54374
47802 21798
47902 13961
48002 37306
48102 61950
48202 55889
48302 64226
48402 47580
48502 19763
48602 41218
48702 40740
48802 13354
48902 55806
49002 47421
49102 9203
49202 61415
49302 34665
49402 54072
49502 3161
49602 14634
49702 6563
49802 1836
49902 51219
50002 25285
50102 53980
50202 39383
50302 26058
50402 35094
50502 29166
50602 9974
50702 44018
50802 15836
50902 63491
51002 9988
51102 63531
51202 25162
51302 22080
51402 59608
51502 57980
51602 63541
51702 14522
51802 59561
51902 35282
52002 48624
52102 32171
52202 4750
52302 38043
52402 34540
52502 20356
52602 27171
52702 5795
52802 5338
52902 43059
53002 61649
53102 41560
53202 61550
53302 18337
53402 63508
53502 64371
53602 34641
53702 12389
53802 65417
53902 46985
54002 53178
54102 5839
54202 63928
54302 13114
54402 4811
54502 55091
54602 40224
54702 872
54802 38931
54902 6093
55002 41633
55102 30956
55202 3904
55302 29312
55402 60017
55502 11164
55602 21987
55702 24323
55802 591
55902 7704
56002 4952
56102 10343
56202 60467
56302 37873
56402 47659
56502 32598
56602 32980
56702 53401
56802 30483
56902 57443
57002 26525
57102 15437
57202 44194
57302 58719
57402 38263
57502 48635
57602 30380
57702 29450
57802 3611
57902 33596
58002 37938
58102 41873
58202 32275
58302 22060
58402 30126
58502 8722
58602 46085
58702 25259
58802 14550
58902 21318
59002 37305
59102 15515
59202 32253
59302 36629
59402 12901
59502 46026
59602 6104
59702 53256
59802 27783
59902 28906
60002 24987
60102 43305
60202 56463
60302 7004
60402 2840
60502 4434
60602 15038
60702 14739
60802 8571
60902 45154
61002 28819
61102 2984
61202 2954
61302 42974
61402 51289
61502 59873
61602 2682
61702 9741
61802 15117
61902 6173
62002 53405
62102 64023
62202 11025
62302 21637
62402 31962
62502 62120
62602 57867
62702 55641
62802 27832
62902 22809
63002 47603
63102 47477
63202 49843
63302 1300
63402 26146
63502 21859
63602 62887
63702 51433
63802 28249
63902 9229
64002 26566
64102 38247
64202 23126
64302 61454
64402 15771
64502 13679
64602 35175
64702 12501
64802 5605
64902 52449
65002 23486
65102 11253
65202 39786
65302 4271
65402 6865
65502 29084
65602 64566
65702 22113
65802 51587
65902 63276
66002 49422
66102 1667
66202 62410
66302 35461
66402 41423
66502 62732
66602 40191
66702 64619
66802 8268
66902 27808
67002 62101
67102 14251
67202 19654
67302 5969
67402 37471
67502 15468
67602 42860
67702 38825
67802 9605
67902 47893
68002 60216
68102 24805
68202 10086
68302 32903
68402 10801
68502 56909
68602 36523
68702 64295
68802 38725
68902 62052
69002 2756
69102 46973
69202 37685
69302 24621
69402 27111
69502 21049
69602 62449
69702 11884
69802 26639
69902 4578
70002 41207
70102 61876
70202 14512
70302 41049
70402 57092
70502 54600
70602 7138
70702 50934
70802 43289
70902 58879
71002 15757
71102 29479
71202 12641
71302 35601
71402 1007
71502 28898
71602 51436
71702 12889
71802 29364
71902 17985
72002 1583
72102 44091
72202 18384
72302 29193
72402 5413
72502 43321
72602 64069
72702 32885
72802 9405
72902 35490
73002 12713
73102 42292
73202 29901
73302 32488
73402 32419
73502 27785
73602 20740
73702 19133
73802 63085
73902 61485
74002 18529
74102 52434
74202 55019
74302 61088
74402 60036
74502 29153
74602 1344
74702 15774
74802 5980
74902 28473
75002 39239
75102 25077
75202 17154
75302 34218
75402 28474
75502 24644
75602 20577
75702 2242
75802 41178
75902 28665
76002 43559
76102 58260
76202 29819
76302 2486
76402 24292
76502 26704
76602 17322
76702 48905
76802 39342
76902 4387
77002 26228
77102 52646
77202 29330
77302 6024
77402 65234
77502 25876
77602 23243
77702 44948
77802 16766
77902 61918
78002 30004
78102 46925
78202 65227
78302 30930
78402 37302
78502 61481
78602 16889
78702 7263
78802 22155
78902 37694
79002 982
79102 19023
79202 30506
79302 33605
79402 54599
79502 16784
79602 22562
79702 64547
79802 149
79902 47767
80002 17576
80102 44763
80202 10274
80302 51656
80402 80
80502 56336
80602 46436
80702 48025
80802 33728
80902 49430
81002 17389
81102 46433
81202 24531
81302 29415
81402 27536
81502 2910
81602 3793
81702 46380
81802 55189
81902 9793
82002 62736
82102 43452
82202 17431
82302 39818
82402 28824
82502 5398
82602 35601
82702 18935
82802 60738
82902 16836
83002 34970
83102 11390
83202 50315
83302 33747
83402 37818
83502 5445
83602 62487
83702 6692
83802 427
83902 17965
84002 10613
84102 48577
84202 31785
84302 58366
84402 29086
84502 62150
84602 63812
84702 16849
84802 29194
84902 16584
85002 13678
85102 55046
85202 15433
85302 37097
85402 18995
85502 61521
85602 35615
85702 27757
85802 21413
85902 20479
86002 18653
86102 42169
86202 36090
86302 20334
86402 13948
86502 18744
86602 12272
86702 5509
86802 27689
86902 1267
87002 49665
87102 47134
87202 37707
87302 36713
87402 42717
87502 65051
87602 42642
87702 17548
87802 16142
87902 14579
88002 63539
88102 60673
88202 17310
88302 11979
88402 39807
88502 50279
88602 49274
88702 11664
88802 22300
88902 31223
89002 61162
89102 25171
89202 38628
89302 54174
89402 41442
89502 5212
89602 7860
89702 63746
89802 63818
89902 38878
90002 36092
90102 13102
