102 50757
202 38406
302 1050
402 24233
502 10320
602 57100
702 60335
802 59457
902 29963
1002 32425
1102 14168
1202 33759
1302 47057
1402 41259
1502 53603
1602 24069
1702 58405
1802 37733
1902 45487
2002 29656
2102 11012
2202 50733
2302 32667
2402 16381
2502 15473
2602 63211
2702 10521
2802 31579
2902 47852
3002 15758
3102 26190
3202 21705
3302 41551
3402 38962
3502 52579
3602 36882
3702 33639
3802 38029
3902 42478
4002 56280
4102 9796
4202 7215
4302 26820
4402 32929
4502 50159
4602 45580
4702 17121
4802 10592
4902 64597
5002 32909
5102 46824
5202 39749
5302 45791
5402 50272
5502 15336
5602 13779
5702 58182
5802 65071
5902 60118
6002 233
6102 37639
6202 59518
6302 7434
6402 61388
6502 36273
6602 38472
6702 35835
6802 24128
6902 32405
7002 30611
7102 48631
7202 52333
7302 42754
7402 24917
7502 25229
7602 53967
7702 33415
7802 24529
7902 22150
8002 46269
8102 5583
8202 46221
8302 19604
8402 59760
8502 24007
8602 43918
8702 46289
8802 41250
8902 33537
9002 54115
9102 44040
9202 62489
9302 25370
9402 55371
9502 26405
9602 4837
9702 63793
9802 20573
9902 20605
10002 2855
10102 50032
10202 4077
10302 13980
10402 33866
10502 39340
10602 57578
10702 41425
10802 20606
10902 61924
11002 7138
11102 32819
11202 36864
11302 5127
11402 11046
11502 46705
11602 15135
11702 12152
11802 36251
11902 51770
12002 36143
12102 27135
12202 30132
12302 17848
12402 15595
12502 46778
12602 43583
12702 25996
12802 60650
12902 53191
13002 9128
13102 9124
13202 4493
13302 40285
13402 41278
13502 36964
13602 33533
13702 22324
13802 61910
13902 39859
14002 24107
14102 25041
14202 10880
14302 38073
14402 15455
14502 17231
14602 54315
14702 17961
14802 51242
14902 17396
15002 5921
15102 9769
15202 24452
15302 54110
15402 40151
15502 22200
15602 35012
15702 36459
15802 1464
15902 13801
16002 14933
16102 59144
16202 22274
16302 21272
16402 9146
16502 28987
16602 27774
16702 32527
16802 53173
16902 7028
17002 47841
17102 11569
17202 62502
17302 8398
17402 57572
17502 44568
17602 10998
17702 4325
17802 54087
17902 28836
18002 33279
18102 19214
18202 40002
18302 11667
18402 61672
18502 13419
18602 46503
18702 10696
18802 58995
18902 50606
19002 65051
19102 28850
19202 30604
19302 8747
19402 3739
19502 13708
19602 57208
19702 16317
19802 11370
19902 62379
20002 26592
20102 31092
20202 20962
20302 18839
20402 62083
20502 29897
20602 38321
20702 8533
20802 62965
20902 52511
21002 15438
21102 26092
21202 52610
21302 2090
21402 61095
21502 31169
21602 57174
21702 45798
21802 49315
21902 23172
22002 64802
22102 29817
22202 19635
22302 51115
22402 60674
22502 41508
22602 24408
22702 58597
22802 19687
22902 14282
23002 30382
23102 32286
23202 20820
23302 13131
23402 12605
23502 39199
23602 33644
23702 33186
23802 49278
23902 48264
24002 15983
24102 42437
24202 38185
24302 35363
24402 58412
24502 24248
24602 53475
24702 46325
24802 44509
24902 4027
25002 59054
25102 19341
25202 54966
25302 34183
25402 10136
25502 22349
25602 10253
25702 51048
25802 21034
25902 42863
26002 64764
26102 47894
26202 14037
26302 33796
26402 6196
26502 59550
26602 46200
26702 4500
26802 56077
26902 30992
27002 47830
27102 46719
27202 5363
27302 40509
27402 19307
27502 44544
27602 61296
27702 63481
27802 9878
27902 51349
28002 59696
28102 7924
28202 51921
28302 7778
28402 46249
28502 48173
28602 64024
28702 30574
28802 59473
28902 12636
29002 7911
29102 50782
29202 58606
29302 58642
29402 5009
29502 21437
29602 60555
29702 51023
29802 723
29902 60579
30002 35555
30102 36190
30202 37152
30302 1147
30402 4770
30502 58694
30602 6988
30702 34576
30802 60712
30902 34306
31002 65046
31102 10589
31202 30886
31302 2514
31402 21162
31502 15468
31602 9311
31702 13674
31802 45174
31902 63611
32002 65183
32102 21542
32202 3784
32302 32607
32402 19219
32502 10611
32602 2823
32702 55068
32802 5791
32902 919
33002 46127
33102 6122
33202 30056
33302 16926
33402 4741
33502 13098
33602 41251
33702 10276
33802 62746
33902 61075
34002 10515
34102 29456
34202 58763
34302 17902
34402 43926
34502 22315
34602 23638
34702 30810
34802 27371
34902 30597
35002 49393
35102 21338
35202 58726
35302 51219
35402 58545
35502 13142
35602 35647
35702 61267
35802 30856
35902 40013
36002 63101
36102 59996
36202 1333
36302 31486
36402 54115
36502 44821
36602 2524
36702 50336
36802 43899
36902 54422
37002 6345
37102 30067
37202 31113
37302 59851
37402 38466
37502 11988
37602 56028
37702 6593
37802 15451
37902 38528
38002 29553
38102 59958
38202 1107
38302 15386
