102 47964
202 6765
302 52246
402 55187
502 2459
602 32752
702 5064
802 27728
902 7421
1002 3272
1102 34376
1202 62151
1302 8833
1402 20616
1502 25479
1602 50129
1702 3519
1802 33495
1902 11749
2002 38020
2102 56411
2202 31914
2302 12943
2402 57890
2502 60453
2602 19963
2702 5589
2802 53670
2902 52337
3002 49415
3102 60332
3202 26361
3302 54711
3402 47675
3502 91
3602 5646
3702 13924
3802 5989
3902 17113
4002 51512
4102 61991
4202 61946
4302 32027
4402 64225
4502 23091
4602 4953
4702 52986
4802 42741
4902 57781
5002 44039
5102 3359
5202 46716
5302 42076
5402 46300
5502 1332
5602 31473
5702 9563
5802 39269
5902 62284
6002 15414
6102 15162
6202 49411
6302 27794
6402 42309
6502 63886
6602 1084
6702 31676
6802 59662
6902 14219
7002 32374
7102 10733
7202 54887
7302 52310
7402 30036
7502 39754
7602 37647
7702 12553
7802 28592
7902 51721
8002 8861
8102 10984
8202 48231
8302 21480
8402 52907
8502 59161
8602 27031
8702 12674
8802 49861
8902 33316
9002 6123
9102 45797
9202 7269
9302 18892
9402 63893
9502 40601
9602 36092
9702 53374
9802 57102
9902 52835
10002 61689
10102 9232
10202 59313
10302 58306
10402 28379
10502 61587
10602 52286
10702 56587
10802 39688
10902 25503
11002 5845
11102 63326
11202 215
11302 39591
11402 63690
11502 25578
11602 829
11702 14467
11802 35829
11902 10371
12002 46897
12102 55107
12202 37687
12302 34878
12402 38634
12502 37425
12602 8302
12702 38558
12802 31632
12902 38067
13002 40395
13102 40255
13202 54009
13302 38585
13402 22015
13502 18027
13602 52470
13702 36519
13802 42948
13902 17797
14002 33587
14102 34949
14202 38718
14302 14475
14402 16091
14502 48029
14602 28574
14702 5996
14802 11283
14902 50606
15002 46396
15102 1724
15202 14240
15302 12384
15402 28657
15502 16099
15602 16079
15702 57543
15802 53953
15902 33693
16002 15835
16102 53351
16202 34499
16302 45698
16402 24322
16502 36960
16602 35025
16702 55923
16802 1627
16902 32894
17002 11874
17102 8868
17202 2096
17302 27191
17402 18633
17502 41859
17602 25262
17702 29584
17802 12854
17902 39031
18002 14202
18102 49376
18202 36957
18302 14824
18402 47585
18502 60599
18602 14052
18702 24066
18802 29565
18902 54433
19002 61091
19102 14633
19202 5203
19302 45349
19402 7400
19502 15648
19602 23754
19702 18398
19802 59671
19902 20489
20002 45529
20102 44033
20202 38321
20302 52639
20402 48379
20502 36252
20602 51550
20702 27319
20802 59513
20902 11312
21002 50986
21102 47628
21202 51835
21302 60108
21402 46198
21502 46588
21602 11226
21702 47836
21802 15236
21902 43033
22002 18532
22102 47807
22202 47992
22302 52732
22402 11499
22502 37611
22602 26596
22702 34773
22802 47685
22902 52064
23002 19991
23102 48418
23202 44366
23302 16468
23402 872
23502 21800
23602 57767
23702 40208
23802 37592
23902 61098
24002 50770
24102 5493
24202 55376
24302 10450
24402 47913
24502 55195
24602 30741
24702 49303
24802 1609
24902 53000
25002 143
25102 15857
25202 43973
25302 10253
25402 14794
25502 47080
25602 23112
25702 9030
25802 53466
25902 45717
26002 51264
26102 53065
26202 32611
26302 16423
26402 58757
26502 10748
26602 35509
26702 23377
26802 63466
26902 32233
27002 60015
27102 10968
27202 29479
27302 45430
27402 13869
27502 46234
27602 14996
27702 11583
27802 65336
27902 58671
28002 957
28102 61574
28202 5890
28302 20628
28402 27629
28502 5768
28602 52614
28702 27015
28802 20517
28902 20596
29002 28422
29102 41057
29202 55608
29302 59347
29402 43654
29502 15505
29602 36048
29702 40194
29802 37150
29902 13620
30002 26937
30102 34654
30202 34431
30302 36341
30402 56806
30502 48836
30602 60214
30702 64083
30802 14412
30902 34134
31002 7594
31102 13115
31202 32747
31302 65421
31402 62527
31502 1344
31602 47874
31702 5493
31802 32916
31902 17532
32002 25863
32102 31919
32202 20731
32302 46661
32402 33667
32502 12375
32602 13846
32702 33505
32802 51302
32902 25660
33002 23136
33102 1832
33202 38660
33302 48873
33402 25923
33502 24288
33602 31215
33702 53505
33802 6268
33902 21024
34002 377
34102 49716
34202 36847
34302 61462
34402 52694
34502 1027
34602 13622
34702 45948
34802 56224
34902 58615
35002 54680
35102 55080
35202 7674
35302 46417
35402 37933
35502 33088
35602 42630
35702 49250
35802 25932
35902 29133
36002 20518
36102 613
36202 42881
36302 5606
36402 20307
36502 12107
36602 23450
36702 58548
36802 16144
36902 61997
37002 58912
37102 38698
37202 45798
37302 19890
37402 52384
37502 51800
37602 1937
37702 63700
37802 44335
37902 14025
38002 22261
38102 2936
38202 34345
38302 31315
38402 14505
38502 41270
38602 60779
38702 36821
38802 60380
38902 14203
39002 12895
39102 25642
39202 10588
39302 28308
39402 27343
39502 55684
39602 24228
39702 43811
39802 2223
39902 51252
40002 25246
40102 37401
40202 60712
40302 34838
40402 48047
40502 50713
40602 1000
40702 23427
40802 1548
40902 46443
41002 553
41102 33771
41202 10668
41302 57129
41402 7596
41502 9069
41602 3054
41702 50128
41802 2008
41902 22998
42002 3999
42102 18474
42202 10027
42302 33810
42402 27151
42502 52776
42602 47679
42702 42960
42802 21627
42902 3641
43002 20785
43102 8191
43202 7676
43302 4394
43402 61322
43502 6188
43602 41788
43702 40448
43802 54722
43902 8317
44002 61909
44102 17982
44202 29002
44302 32892
44402 59799
44502 13751
44602 12134
44702 45665
44802 35845
44902 25790
45002 43016
45102 50565
45202 53358
45302 54016
45402 24309
45502 61282
45602 59478
45702 61369
45802 17897
45902 52911
46002 15343
46102 42960
46202 22821
46302 29330
46402 10076
46502 55395
46602 39384
46702 48384
46802 42158
46902 7727
47002 49060
47102 81
47202 37995
47302 39585
47402 10012
47502 26319
47602 56506
47702 25910
47802 3299
47902 1445
48002 48120
48102 18082
48202 26044
48302 22620
48402 42429
48502 9706
48602 54290
48702 22599
48802 19612
48902 13307
49002 57678
49102 52973
49202 59232
49302 21125
49402 5430
49502 61825
49602 65
49702 30508
49802 59784
49902 9522
50002 53277
50102 28947
50202 18283
50302 16529
50402 44951
50502 7749
50602 28016
50702 60106
50802 24116
50902 53884
51002 35202
51102 13904
51202 64589
51302 41003
51402 20608
51502 56961
51602 49320
51702 42544
51802 20075
51902 14226
52002 8076
52102 65374
52202 12095
52302 13375
52402 23542
52502 22286
52602 49424
52702 18247
52802 691
52902 24454
53002 37158
53102 57677
53202 63340
53302 35027
53402 63332
53502 27960
53602 52587
53702 48410
53802 56161
53902 33537
54002 62290
54102 13854
54202 22083
54302 56563
54402 19301
54502 44089
54602 19548
54702 3728
54802 17184
54902 37913
55002 1345
55102 41600
55202 46985
55302 61953
55402 13326
55502 832
55602 7121
55702 54071
55802 15720
55902 55301
56002 41559
56102 35630
56202 1229
56302 1759
56402 47845
56502 31655
56602 36146
56702 36457
56802 18508
56902 65158
57002 57129
57102 21306
57202 1152
57302 32532
57402 36936
57502 61193
57602 49812
57702 20295
57802 5987
57902 30055
58002 63157
58102 61383
58202 58110
58302 17673
58402 63374
58502 23248
58602 29901
58702 225
58802 40134
58902 43100
59002 54178
59102 45286
59202 24083
59302 40195
59402 56999
59502 26845
59602 27208
59702 20259
59802 41820
59902 25135
60002 10440
60102 62691
60202 15815
60302 47274
60402 45147
60502 18168
60602 30568
60702 43208
60802 40259
60902 48639
61002 25624
61102 63761
61202 60707
61302 62870
61402 11968
61502 21093
61602 57764
61702 28447
61802 17587
61902 25746
62002 41834
62102 62987
62202 8462
62302 50687
62402 24495
62502 2499
62602 18821
62702 27314
62802 40296
62902 44108
63002 10300
63102 14598
63202 41208
63302 64629
63402 46279
63502 11730
63602 15253
63702 16540
63802 23828
63902 15021
64002 57988
64102 39988
64202 2482
64302 53325
64402 28831
64502 38477
64602 27315
64702 18148
64802 17821
64902 9554
65002 50417
65102 51522
65202 39558
65302 45224
65402 40029
65502 42236
65602 34524
65702 3039
65802 35235
65902 54262
66002 53618
66102 1150
66202 41071
66302 52315
66402 32077
66502 19287
66602 5155
66702 64267
66802 41651
66902 63789
67002 42441
67102 34060
67202 38445
67302 19214
67402 48595
67502 37742
67602 34098
67702 64896
67802 1753
67902 52358
68002 49312
68102 16882
68202 388
68302 31457
68402 43975
68502 35162
68602 44898
68702 8438
68802 36213
68902 12191
69002 60147
69102 50291
69202 22543
69302 17933
69402 52259
69502 58091
69602 65486
69702 56681
69802 9859
69902 12156
70002 63639
70102 43272
70202 36982
70302 9277
70402 23259
70502 15221
70602 50560
70702 557
70802 3206
70902 43201
71002 7472
71102 21827
71202 28293
71302 31443
71402 49519
71502 38796
71602 17698
71702 18085
71802 12085
71902 26817
72002 15354
72102 13694
72202 21804
72302 3700
72402 19186
72502 36410
72602 13280
72702 9344
72802 7161
72902 41270
73002 61159
73102 2636
73202 20799
73302 32553
73402 932
73502 7886
73602 40333
73702 51183
73802 59363
73902 20758
74002 14808
74102 47523
74202 32021
74302 7917
74402 62700
74502 16442
74602 39445
74702 40595
74802 637
74902 36980
75002 21648
75102 26943
75202 50568
75302 58370
75402 42413
75502 20739
75602 52158
75702 9504
75802 31722
75902 26831
76002 56592
76102 60884
76202 28481
76302 21663
76402 10010
76502 48062
76602 23831
76702 27385
76802 64999
76902 61918
77002 17040
77102 2566
77202 32526
77302 38235
77402 16563
77502 63950
77602 42471
77702 55832
77802 34186
77902 23472
78002 17383
78102 28109
78202 22289
78302 39317
78402 62546
78502 52742
78602 27766
78702 27119
78802 19345
78902 53626
79002 26046
79102 58163
79202 51831
79302 35742
79402 25128
79502 50301
79602 25992
79702 28539
79802 54585
79902 4286
80002 60573
80102 18203
80202 9063
80302 61118
80402 52400
80502 39376
80602 51065
80702 47372
80802 30275
80902 60457
81002 40103
81102 27108
81202 25670
81302 29228
81402 57486
81502 34342
81602 58325
81702 39352
81802 16572
81902 581
82002 27973
82102 35200
82202 16436
82302 13780
82402 42427
82502 31207
82602 47253
82702 33093
82802 33665
82902 27405
83002 29726
83102 63530
83202 60399
83302 30305
83402 6001
83502 15289
83602 16819
83702 53826
83802 37084
83902 44936
84002 24370
84102 50901
84202 3340
84302 63895
84402 51838
84502 14030
84602 56751
84702 29955
84802 56221
84902 2519
85002 5670
85102 4654
85202 48123
85302 62897
85402 1079
85502 33494
85602 1506
85702 50799
85802 28148
85902 11471
86002 39326
86102 49004
86202 4098
86302 47053
86402 60184
86502 29238
86602 63106
86702 59488
86802 44077
86902 47080
87002 17130
87102 30910
87202 38712
87302 7939
87402 28458
87502 31749
87602 47044
87702 58373
87802 61593
87902 20231
88002 5328
88102 58463
88202 54154
88302 59651
88402 61707
88502 6928
88602 27402
88702 39242
88802 21442
88902 16086
89002 54608
89102 21680
89202 13964
89302 38843
89402 16374
89502 24675
89602 657
89702 54762
89802 19367
89902 29844
90002 60122
90102 7047
90202 29724
90302 23481
90402 5049
