102 7174
202 25348
302 40989
402 31331
502 42171
602 15773
702 6034
802 50014
902 17171
1002 46031
1102 55353
1202 62517
1302 49297
1402 49482
1502 25157
1602 50911
1702 2715
1802 40839
1902 53630
2002 31460
2102 32822
2202 42827
2302 62129
2402 21759
2502 13874
2602 13210
2702 61715
2802 41855
2902 51978
3002 44893
3102 10757
3202 12169
3302 30722
3402 47075
3502 4086
3602 61961
3702 29992
3802 3699
3902 29143
4002 24773
4102 53029
4202 32188
4302 19806
4402 36659
4502 25507
4602 6651
4702 52159
4802 33299
4902 11315
5002 55317
5102 8538
5202 45005
5302 11635
5402 7179
5502 2229
5602 32351
5702 50396
5802 53106
5902 28748
6002 31710
6102 40647
6202 21811
6302 30502
6402 38549
6502 27744
6602 34366
6702 22669
6802 41431
6902 36303
7002 3960
7102 31075
7202 21147
7302 41913
7402 56083
7502 48354
7602 19678
7702 61296
7802 21597
7902 50296
8002 39624
8102 9047
8202 2559
8302 40632
8402 17159
8502 43417
8602 52456
8702 17944
8802 58679
8902 32784
9002 45517
9102 11579
9202 55802
9302 46922
9402 35403
9502 12964
9602 5219
9702 47782
9802 52116
9902 23768
10002 248
10102 18187
10202 26567
10302 32585
10402 4647
10502 32466
10602 59961
10702 27567
10802 54699
10902 16341
11002 38841
11102 37418
11202 30600
11302 63541
11402 14036
11502 58233
11602 51017
11702 59942
11802 17076
11902 28782
12002 56783
12102 60763
12202 49810
12302 4165
12402 20472
12502 292
12602 6337
12702 47340
12802 59907
12902 8945
13002 38232
13102 32269
13202 62030
13302 6219
13402 34884
13502 48883
13602 25284
13702 33508
13802 11974
13902 9460
14002 55842
14102 36575
14202 53683
14302 38915
14402 42807
14502 12866
14602 58280
14702 37891
14802 5687
14902 60796
15002 9321
15102 36574
15202 42432
15302 36230
15402 52371
15502 60854
15602 8262
15702 36051
15802 42927
15902 7206
16002 57484
16102 13324
16202 9694
16302 27401
16402 23284
16502 38903
16602 54813
16702 30934
16802 14432
16902 25008
17002 21270
17102 20210
17202 16178
17302 22267
17402 43979
17502 24389
17602 45901
17702 64949
17802 63238
17902 7076
18002 5312
18102 16396
18202 55619
18302 1286
18402 52281
18502 21663
18602 59184
18702 60053
18802 65473
18902 12210
19002 8578
19102 33551
19202 32934
19302 63178
19402 33011
19502 7382
19602 47545
19702 48675
19802 35052
19902 33554
20002 48665
20102 47491
20202 20392
20302 37110
20402 47893
20502 6909
20602 31282
20702 60724
20802 13445
20902 12290
21002 62972
21102 30960
21202 61290
21302 34693
21402 25408
21502 55135
21602 60404
21702 47753
21802 2231
21902 30659
22002 62292
22102 32396
22202 51565
22302 32321
22402 23947
22502 25798
22602 885
22702 4072
22802 15598
22902 32086
23002 33213
23102 36017
23202 37053
23302 2210
23402 37141
23502 46258
23602 34372
23702 19272
23802 33313
23902 43107
24002 54761
24102 54051
24202 60222
24302 2189
24402 33099
24502 10428
24602 35822
24702 59443
24802 29127
24902 56838
25002 188
25102 22203
25202 589
25302 31256
25402 4718
25502 22435
25602 30766
25702 5714
25802 1996
25902 53100
26002 29891
26102 12601
26202 56883
26302 36771
26402 13446
26502 53787
26602 19628
26702 51671
26802 22769
26902 4966
27002 51929
27102 41018
27202 32405
27302 19369
27402 17528
27502 5140
27602 18831
27702 30779
27802 28978
27902 3898
28002 3758
28102 23187
28202 18163
28302 5418
28402 43936
28502 11936
28602 23608
28702 62219
28802 44115
28902 32808
29002 30250
29102 20802
29202 53425
29302 2391
29402 34807
29502 45198
29602 64798
29702 16526
29802 63627
29902 34905
30002 10236
30102 10288
30202 51833
30302 52760
30402 56982
30502 48000
30602 48192
30702 44593
30802 13348
30902 61836
31002 39604
31102 10494
31202 53828
31302 36768
31402 28636
31502 17490
31602 37983
31702 62852
31802 52309
31902 6460
32002 39582
32102 61083
32202 58285
32302 55541
32402 2400
32502 64433
32602 40852
32702 43740
32802 6740
32902 7513
33002 43007
33102 60771
33202 17823
33302 34353
33402 33281
33502 11555
33602 4572
33702 40231
33802 53704
33902 55010
34002 39288
34102 28527
34202 42121
34302 64328
34402 5403
34502 27864
34602 49247
34702 20179
34802 41412
34902 9570
35002 14441
35102 61875
35202 44713
35302 53116
35402 25055
35502 34696
35602 29254
35702 23935
35802 35254
35902 54154
36002 25908
36102 39463
36202 42268
36302 37188
36402 376
36502 13599
36602 18663
36702 54693
36802 37332
36902 8792
37002 57754
37102 6196
37202 32723
37302 3252
37402 4786
37502 822
37602 21825
37702 9528
37802 29593
37902 58293
38002 673
38102 53500
38202 36123
38302 54186
38402 9024
38502 7585
38602 60860
38702 19228
38802 17657
38902 1181
39002 29587
39102 41304
39202 59040
39302 17287
39402 5683
39502 7494
39602 11132
39702 65416
39802 30259
39902 61101
40002 53353
40102 61131
40202 63806
40302 64974
40402 57502
40502 7029
40602 13869
40702 61693
40802 4723
40902 29427
41002 4942
41102 40214
41202 54672
41302 17085
41402 24907
41502 10958
41602 19259
41702 40590
41802 36623
41902 49798
42002 22860
42102 11798
42202 45202
42302 33890
42402 56113
42502 53954
42602 39234
42702 62231
42802 15499
42902 41814
43002 45407
43102 47754
43202 53281
43302 12903
43402 7218
43502 59980
43602 47430
43702 30657
43802 28334
43902 24426
44002 51807
44102 7136
44202 18782
44302 18973
44402 65048
44502 43087
44602 28194
44702 21859
44802 41489
44902 56545
45002 20167
45102 12203
45202 1210
45302 26153
45402 50752
45502 11676
45602 31029
45702 46387
45802 26562
45902 51621
46002 13724
46102 4420
46202 41247
46302 41217
46402 8775
46502 56529
46602 45026
46702 24315
46802 25540
46902 23464
47002 18803
47102 21123
47202 61961
47302 19678
47402 46590
47502 20229
47602 12609
47702 19100
47802 55462
47902 32459
48002 39909
48102 39457
48202 56525
48302 56844
48402 53828
48502 12673
48602 50744
48702 2712
48802 22271
48902 8555
49002 62306
49102 13330
49202 45783
49302 61414
49402 9203
49502 2147
49602 6838
49702 56753
49802 19817
49902 20667
50002 59974
50102 2270
50202 49335
50302 25426
50402 6348
50502 48134
50602 61725
50702 36452
50802 20443
50902 51518
51002 27676
51102 24111
51202 12384
51302 20161
51402 13830
51502 57568
51602 43610
51702 58511
51802 33598
51902 33345
52002 5371
52102 36998
52202 52562
52302 10883
52402 52535
52502 58123
52602 61985
52702 7764
52802 6461
52902 10185
53002 64689
53102 53853
53202 47949
53302 13660
53402 64697
53502 59303
53602 52129
53702 35362
53802 39759
53902 7346
54002 46781
54102 23574
54202 16924
54302 24085
54402 43339
54502 29792
54602 41092
54702 45017
54802 46020
54902 29721
55002 6478
55102 61813
55202 53450
55302 14967
55402 18746
55502 36297
55602 44333
55702 9217
55802 33706
55902 30156
56002 38311
56102 16775
56202 22830
56302 18099
56402 41851
56502 23602
56602 58683
56702 28208
56802 949
56902 23674
57002 63482
57102 13188
57202 36071
57302 44581
57402 61753
57502 14777
57602 7416
57702 50512
57802 7211
57902 62770
58002 31259
58102 2871
58202 47071
58302 28476
58402 326
58502 6577
58602 45006
58702 38780
58802 18268
58902 34141
59002 30923
59102 59135
59202 45221
59302 31526
59402 46438
59502 38084
59602 3450
59702 52597
59802 55282
59902 46703
60002 27436
60102 751
60202 48116
60302 28765
60402 44292
60502 61195
60602 30371
60702 19956
60802 63637
60902 58124
61002 4315
61102 47496
61202 60777
61302 18555
61402 56752
61502 50973
61602 49448
61702 34182
61802 39652
61902 42189
62002 21136
62102 10901
62202 53514
62302 58329
62402 617
62502 28426
62602 49039
62702 29548
62802 35569
62902 8067
63002 31211
63102 44315
63202 57477
63302 655
63402 12751
63502 14250
63602 35211
63702 41684
63802 23249
63902 54993
64002 10033
64102 55449
64202 59626
64302 61169
64402 33811
64502 21901
64602 50395
64702 35440
64802 42146
64902 336
65002 40765
65102 42798
65202 63130
65302 59132
65402 10172
65502 19253
65602 36549
65702 48728
65802 47715
65902 29638
66002 57675
66102 8392
66202 22062
66302 34900
66402 2469
66502 15633
66602 62412
66702 4044
66802 44868
66902 3458
67002 62550
67102 17071
67202 52389
67302 62136
67402 63535
67502 60471
67602 4927
67702 52156
67802 24034
67902 59128
68002 5315
68102 14386
68202 30352
68302 1918
68402 60657
68502 35418
68602 42963
68702 30644
68802 42235
68902 31851
69002 13610
69102 31090
69202 22251
69302 12226
69402 24090
69502 33192
69602 36682
69702 29091
69802 49739
69902 11203
70002 19510
70102 23889
70202 58995
70302 30979
70402 43860
70502 3658
70602 11551
70702 16417
70802 44984
70902 11989
71002 31092
71102 60289
71202 573
71302 21519
71402 18890
71502 2757
71602 7803
71702 63474
71802 31116
71902 49362
72002 1909
72102 52017
72202 32221
72302 64693
72402 10518
72502 19650
72602 56855
72702 46934
72802 26282
72902 57292
73002 56485
73102 23479
73202 49518
73302 41448
73402 39662
73502 33284
73602 12397
73702 22029
73802 59634
73902 31486
74002 38315
74102 36988
74202 57455
74302 32240
74402 5258
74502 26318
74602 8018
74702 4309
74802 41284
74902 24953
75002 25021
75102 46167
75202 55106
75302 32447
75402 44427
75502 46775
75602 60681
75702 36226
75802 49421
75902 28718
76002 46680
76102 6145
76202 37889
76302 47954
76402 57562
76502 9964
76602 26768
76702 9713
76802 60641
76902 55986
77002 5336
77102 41442
77202 1066
77302 22928
77402 59285
77502 20366
77602 10412
77702 28647
77802 27533
77902 64953
78002 12218
78102 24559
78202 29611
78302 47457
78402 17386
78502 60231
78602 26150
78702 13568
78802 33635
78902 4185
79002 62967
79102 14402
79202 18889
79302 60058
79402 2400
79502 3911
79602 55782
79702 50731
79802 31510
79902 20150
80002 53805
80102 28490
80202 17215
80302 54882
80402 65517
80502 2160
80602 36338
80702 11234
80802 54531
80902 40501
81002 27556
81102 32939
81202 9295
81302 17840
81402 1160
81502 46918
81602 58782
81702 19914
81802 38188
81902 56212
82002 58462
82102 11988
82202 25302
82302 44319
82402 10971
82502 23023
82602 60032
82702 17273
82802 8514
82902 29542
83002 56283
83102 14347
83202 15380
83302 8757
83402 49011
83502 64137
83602 65534
83702 16341
83802 11549
83902 18920
84002 15028
84102 47838
84202 33392
84302 51111
84402 53479
84502 27130
84602 37973
84702 31013
84802 29349
84902 37985
85002 23961
85102 20264
85202 5877
85302 10322
85402 42404
85502 54671
85602 57464
85702 1266
85802 7673
85902 38032
86002 18398
86102 27248
86202 7383
86302 52583
86402 11910
86502 46065
86602 60299
86702 29335
86802 28254
86902 60996
87002 34447
87102 17958
87202 51334
87302 7892
87402 4020
87502 28614
87602 40428
87702 22262
87802 24879
87902 11627
88002 60192
88102 23145
88202 21314
88302 38571
88402 55630
88502 57201
88602 58727
88702 54362
88802 44902
88902 42009
89002 29507
89102 20290
89202 64777
89302 3483
89402 50845
89502 21694
89602 2697
89702 52255
89802 53073
89902 14375
90002 16425
90102 54548
