102 48608
202 22889
302 4163
402 52022
502 16076
602 28765
702 50735
802 22905
902 30712
1002 13658
1102 58953
1202 27771
1302 53414
1402 58631
1502 1806
1602 40391
1702 38007
1802 14578
1902 63827
2002 19051
2102 46000
2202 24585
2302 34873
2402 63336
2502 32815
2602 56169
2702 36547
2802 53315
2902 35952
3002 4875
3102 34405
3202 35880
3302 65243
3402 29429
3502 17863
3602 11257
3702 7512
3802 54956
3902 23206
4002 61551
4102 50937
4202 2157
4302 3698
4402 59533
4502 39317
4602 7021
4702 19976
4802 62709
4902 22225
5002 55718
5102 34008
5202 41666
5302 2565
5402 35154
5502 31222
5602 50591
5702 42910
5802 34658
5902 31680
6002 36930
6102 50613
6202 26451
6302 63693
6402 40260
6502 20853
6602 32538
6702 28928
6802 27861
6902 13800
7002 55822
7102 1023
7202 55781
7302 46908
7402 24089
7502 37413
7602 44700
7702 42828
7802 62182
7902 15453
8002 43810
8102 9486
8202 61449
8302 7084
8402 39028
8502 3676
8602 55109
8702 12625
8802 4003
8902 10481
9002 59947
9102 19954
9202 4370
9302 27959
9402 10739
9502 63404
9602 46767
9702 41434
9802 17421
9902 11546
10002 37844
10102 32342
10202 61105
10302 4969
10402 46250
10502 36598
10602 29303
10702 15405
10802 42777
10902 49591
11002 11760
11102 711
11202 16623
11302 38316
11402 29132
11502 37271
11602 57363
11702 27796
11802 42482
11902 64557
12002 32283
12102 14619
12202 42290
12302 44369
12402 7110
12502 9763
12602 13530
12702 30919
12802 21407
12902 34169
13002 21305
13102 4221
13202 58346
13302 39428
13402 31445
13502 54933
13602 48884
13702 3340
13802 32114
13902 6424
14002 27597
14102 22668
14202 27200
14302 15607
14402 13301
14502 3653
14602 45392
14702 5101
14802 53034
14902 42577
15002 1305
15102 32386
15202 27144
15302 30625
15402 6467
15502 39262
15602 51738
15702 31739
15802 44612
15902 12933
16002 20118
16102 56875
16202 26345
16302 6137
16402 10786
16502 22312
16602 47695
16702 42824
16802 40531
16902 34113
17002 8237
17102 1331
17202 6891
17302 16788
17402 47810
17502 24788
17602 1778
17702 12241
17802 53892
17902 2112
18002 1268
18102 56453
18202 63445
18302 4539
18402 1949
18502 54843
18602 25615
18702 62935
18802 52506
18902 50138
19002 58654
19102 41110
19202 39025
19302 7562
19402 63845
19502 55927
19602 21730
19702 61487
19802 56883
19902 26887
20002 50380
20102 64254
20202 61660
20302 62235
20402 6608
20502 26726
20602 19663
20702 32349
20802 33777
20902 37870
21002 39779
21102 22620
21202 23006
21302 10714
21402 17954
21502 808
21602 50581
21702 31678
21802 30448
21902 36622
22002 31301
22102 56081
22202 48945
22302 34726
22402 38976
22502 15108
22602 1720
22702 56222
22802 24788
22902 41294
23002 36874
23102 3283
23202 62430
23302 16583
23402 47852
23502 16417
23602 53223
23702 15204
23802 62836
23902 47272
24002 53498
24102 21051
24202 1899
24302 17769
24402 8402
24502 13498
24602 64647
24702 51150
24802 16884
24902 41980
25002 25479
25102 34698
25202 15724
25302 9071
25402 18706
25502 45034
25602 15734
25702 24643
25802 46201
25902 1062
26002 51432
26102 33668
26202 6151
26302 43415
26402 34337
26502 41926
26602 54466
26702 47
26802 65020
26902 55054
27002 56321
27102 35886
27202 13740
27302 35292
27402 49721
27502 3514
27602 40466
27702 61154
27802 14378
27902 1842
28002 5388
28102 34659
28202 46464
28302 59551
28402 37464
28502 36281
