102 39907
202 31037
302 25676
402 10631
502 30631
602 58139
702 27787
802 29064
902 19306
1002 29132
1102 48993
1202 10853
1302 43392
1402 932
1502 37495
1602 60959
1702 63662
1802 35288
1902 37164
2002 1671
2102 39967
2202 11273
2302 57930
2402 58432
2502 44971
2602 36246
2702 8183
2802 18977
2902 59574
3002 47647
3102 6353
3202 34739
3302 2466
3402 24956
3502 28981
3602 40751
3702 22301
3802 21168
3902 30594
4002 26320
4102 57161
4202 36251
4302 31723
4402 45011
4502 56013
4602 55488
4702 23038
4802 21434
4902 38680
5002 42264
5102 44735
5202 53394
5302 55299
5402 12595
5502 63634
5602 19918
5702 43654
5802 38447
5902 61822
6002 17471
6102 44301
6202 20134
6302 55637
6402 13403
6502 2369
6602 51974
6702 19599
6802 18433
6902 16478
7002 7873
7102 48265
7202 57826
7302 14490
7402 47757
7502 31592
7602 9877
7702 32091
7802 21031
7902 57938
8002 20340
8102 31892
8202 56896
8302 14926
8402 50519
8502 56902
8602 28940
8702 49461
8802 20220
8902 62731
9002 33767
9102 50874
9202 60281
9302 39964
9402 45650
9502 28995
9602 39198
9702 31195
9802 22800
9902 36161
10002 1815
10102 33072
10202 48624
10302 15815
10402 20758
10502 11316
10602 34638
10702 21716
10802 4312
10902 56256
11002 3329
11102 58793
11202 9179
11302 30225
11402 1869
11502 53448
11602 38187
11702 25436
11802 45213
11902 6271
12002 24473
12102 28042
12202 62746
12302 31063
12402 16292
12502 27967
12602 25095
12702 26127
12802 35912
12902 37851
13002 29945
13102 28297
13202 61297
13302 55171
13402 13292
13502 55826
13602 7062
13702 3454
13802 51077
13902 34793
14002 2338
14102 5747
14202 33960
14302 42179
14402 35093
14502 4549
14602 50064
14702 38549
14802 25075
14902 5657
15002 27659
15102 46194
15202 42953
15302 30689
15402 56034
15502 61995
15602 12207
15702 46657
15802 43
15902 40824
16002 54311
16102 21255
16202 3788
16302 21979
16402 38152
16502 37265
16602 53065
16702 23029
16802 40579
16902 60841
17002 51606
17102 40791
17202 29600
17302 2722
17402 58308
17502 38153
17602 33306
17702 28965
17802 3218
17902 25671
18002 46155
18102 24976
18202 36316
18302 58379
18402 8741
18502 58478
18602 34535
18702 46303
18802 1556
18902 42998
19002 15528
19102 60767
19202 51284
19302 25609
19402 30456
19502 30386
19602 12333
19702 47704
19802 13369
19902 43304
20002 61267
20102 15327
20202 4241
20302 58221
20402 33053
20502 8135
20602 43963
20702 43991
20802 54476
20902 25617
21002 37124
21102 8770
21202 5640
21302 21231
21402 53478
21502 875
21602 61947
21702 65280
21802 9618
21902 60475
22002 12948
22102 41183
22202 34610
22302 1703
22402 45293
22502 49766
22602 17611
22702 58697
22802 58684
22902 10426
23002 17018
23102 35183
23202 39521
23302 63731
23402 44595
23502 43067
23602 1941
23702 7665
23802 24026
23902 28230
24002 31761
24102 25195
24202 37201
24302 26423
24402 9080
24502 47704
24602 7203
24702 44356
24802 4804
24902 34546
25002 784
25102 53361
25202 52797
25302 4344
25402 53479
25502 23569
25602 3851
25702 55818
25802 35692
25902 28994
26002 32775
26102 7130
26202 56956
26302 31665
26402 40216
26502 2266
26602 38069
26702 46944
26802 59386
26902 63472
27002 20560
