102 62268
202 25569
302 48261
402 10385
502 60801
602 43491
702 59280
802 9901
902 47661
1002 39229
1102 25940
1202 65438
1302 44862
1402 3141
1502 26378
1602 49004
1702 22431
1802 43445
1902 51064
2002 60415
2102 13801
2202 37300
2302 64987
2402 36336
2502 43303
2602 2528
2702 34820
2802 41181
2902 33953
3002 64408
3102 45210
3202 5717
3302 21807
3402 30825
3502 6247
3602 25944
3702 36321
3802 36685
3902 58779
4002 1722
4102 18256
4202 38835
4302 29171
4402 1807
4502 7305
4602 59777
4702 36332
4802 13679
4902 62324
5002 13788
5102 18744
5202 40963
5302 1344
5402 43257
5502 27835
5602 415
5702 19219
5802 30616
5902 62468
6002 23179
6102 53605
6202 48474
6302 5528
6402 7854
6502 33910
6602 5722
6702 17971
6802 44772
6902 62673
7002 46708
7102 46268
7202 53579
7302 16732
7402 31896
7502 52925
7602 4942
7702 10045
7802 30836
7902 60363
8002 63881
8102 2583
8202 48718
8302 42331
8402 56749
8502 33456
8602 31603
8702 54114
8802 25858
8902 7743
9002 61785
9102 64022
9202 195
9302 2657
9402 35398
9502 12799
9602 21737
9702 25511
9802 64116
9902 35557
10002 37993
10102 30738
10202 45103
10302 41265
10402 54129
10502 25816
10602 24926
10702 17741
10802 21243
10902 45836
11002 53426
11102 60540
11202 40588
11302 3822
11402 58883
11502 16325
11602 33854
11702 44807
11802 25687
11902 3346
12002 20474
12102 35171
12202 28333
12302 12097
12402 20786
12502 61507
12602 46508
12702 24991
12802 43733
12902 15967
13002 5329
13102 13816
13202 38298
13302 17184
13402 30379
13502 27880
13602 11277
13702 43977
13802 10593
13902 50185
14002 5705
14102 26320
14202 28614
14302 15333
14402 22707
14502 33786
14602 44098
14702 2783
14802 47585
14902 21341
15002 42848
15102 20897
15202 4388
15302 16186
15402 13005
15502 38072
15602 60681
15702 63527
15802 5003
15902 43273
16002 65393
16102 65244
16202 51408
16302 40708
16402 24251
16502 22096
16602 45849
16702 12394
16802 42500
16902 14849
17002 65422
17102 1693
17202 1682
17302 45874
17402 21267
17502 46028
17602 7602
17702 16676
17802 28396
17902 4292
18002 23044
18102 23544
18202 15126
18302 15944
18402 19883
18502 35780
18602 28188
18702 36923
18802 61480
18902 64371
19002 21953
19102 52171
19202 23281
19302 25283
19402 29688
19502 375
19602 64249
19702 34472
19802 46279
19902 51189
20002 58490
20102 30924
20202 60673
20302 61859
20402 58495
20502 36567
20602 49192
20702 48652
20802 53273
20902 35887
21002 41960
21102 58604
21202 14036
21302 21723
21402 36109
21502 19286
21602 3619
21702 3600
21802 49451
21902 17211
22002 26803
22102 5830
22202 46855
22302 47054
22402 38675
22502 63616
22602 2635
22702 43789
22802 60992
22902 5326
23002 42315
23102 55906
23202 4246
23302 31622
23402 23170
23502 45089
23602 56715
23702 47539
23802 43476
23902 57355
24002 64167
24102 55012
24202 24659
24302 20121
24402 35671
24502 18329
24602 28906
24702 11614
24802 37930
24902 24975
25002 45951
25102 1190
25202 59648
25302 65465
25402 18297
25502 9334
25602 4107
25702 43364
25802 33721
25902 5897
26002 28143
26102 15053
26202 12780
26302 2571
26402 25396
26502 31345
26602 44787
26702 54118
26802 7310
26902 34832
27002 42750
27102 12370
27202 32655
27302 35118
27402 28779
27502 17805
27602 40086
27702 58012
27802 6369
27902 24382
28002 49705
28102 33751
28202 65109
28302 58563
28402 47578
28502 57348
28602 57204
28702 56030
28802 62344
28902 61387
29002 817
29102 55932
29202 32133
29302 9211
29402 38800
29502 58993
29602 59126
29702 35668
29802 57673
29902 27688
30002 47643
30102 11494
30202 56677
30302 23391
30402 4770
30502 12818
30602 23321
30702 94
30802 13971
30902 41938
31002 30517
31102 62666
31202 61303
31302 17261
31402 12201
31502 55384
31602 62046
31702 29406
31802 9933
31902 7484
32002 21647
32102 52027
32202 40301
32302 57318
32402 45288
32502 50166
32602 30860
32702 30000
32802 37414
32902 4691
33002 15970
33102 16223
33202 19578
33302 47962
33402 4037
33502 16082
33602 1634
33702 19358
33802 29779
33902 51243
34002 23606
34102 25721
34202 58989
34302 47876
34402 58774
34502 1068
34602 48220
34702 24011
34802 38361
34902 12204
35002 7426
35102 27967
35202 24415
35302 60146
35402 9572
35502 60768
35602 43038
35702 11091
35802 440
35902 25803
36002 5116
36102 64252
36202 53835
36302 27287
36402 12717
36502 7908
36602 4110
36702 40181
36802 47943
36902 4016
37002 50074
37102 30297
37202 35050
37302 45912
37402 59023
37502 19134
37602 55911
37702 22243
37802 1450
37902 18033
38002 17391
38102 1071
38202 44299
38302 61916
38402 61518
38502 1966
38602 20762
38702 642
38802 59885
38902 64451
39002 25606
39102 57108
39202 1943
39302 6591
39402 4167
39502 1219
39602 40579
39702 27434
39802 35036
39902 30320
40002 15825
40102 56753
40202 42972
40302 49178
40402 1143
40502 52306
40602 59381
40702 12277
40802 54177
40902 109
41002 36522
41102 34032
41202 33473
41302 28940
41402 26148
41502 2927
41602 62920
41702 48265
41802 34018
41902 56109
42002 53426
42102 4268
42202 58580
42302 24862
42402 55972
42502 31875
42602 40829
42702 58990
42802 5216
42902 9660
43002 48196
43102 9164
43202 8445
43302 6057
43402 11883
43502 7978
43602 46983
43702 30637
43802 14
43902 51670
44002 18223
44102 46661
44202 60651
44302 18690
44402 18093
44502 29200
44602 31671
44702 15557
44802 18729
44902 47346
45002 40469
45102 11482
45202 25685
45302 63621
45402 4866
45502 34104
45602 52383
45702 51919
45802 3182
45902 14038
46002 39698
46102 16059
46202 62489
46302 45211
46402 32016
46502 15512
46602 47373
46702 46126
46802 31468
46902 18023
47002 10945
47102 62253
47202 780
47302 35023
47402 8325
47502 62042
47602 29296
47702 23103
47802 63456
47902 56234
48002 7210
48102 34662
48202 55768
48302 60849
48402 18275
48502 34456
48602 55859
48702 51919
48802 16150
48902 55137
49002 61762
49102 39357
49202 12115
49302 2999
49402 17213
49502 62170
49602 60793
49702 26514
49802 63377
49902 41398
50002 42346
50102 31963
50202 29504
50302 35679
50402 23861
50502 13269
50602 58503
50702 12179
50802 51825
50902 41748
51002 16296
51102 22251
51202 46877
51302 36174
51402 42493
51502 54418
51602 16898
51702 60129
51802 39519
51902 54134
52002 5476
52102 48812
52202 41412
52302 49541
52402 49695
52502 13886
52602 42016
52702 21163
52802 41730
52902 51146
53002 25143
53102 45505
53202 58892
53302 35583
53402 34629
53502 59032
53602 3937
53702 29029
53802 45485
53902 5198
54002 17326
54102 32570
54202 2786
54302 22362
54402 36330
54502 16595
54602 37235
54702 36621
54802 21964
54902 46785
55002 55027
55102 54476
55202 17116
55302 31940
55402 41489
55502 47214
55602 47105
55702 61327
55802 32978
55902 48281
56002 993
56102 8201
56202 48421
56302 40929
56402 19267
56502 55252
56602 14435
56702 63922
56802 45854
56902 28624
57002 9116
57102 5022
57202 56419
57302 31666
57402 26524
57502 31150
57602 36968
57702 21769
57802 15376
57902 3716
58002 46978
58102 30333
58202 50714
58302 38004
58402 21246
58502 16563
58602 31560
58702 64261
58802 30084
58902 6413
59002 32179
59102 2099
59202 8235
59302 12400
59402 32932
59502 56879
59602 38084
59702 53561
59802 54832
59902 574
60002 50131
60102 46450
60202 16388
60302 9822
60402 12561
60502 13658
60602 55151
60702 38538
60802 58909
60902 34896
61002 24219
61102 54863
61202 50131
61302 32563
61402 60359
61502 36699
61602 12087
61702 6476
61802 53664
61902 18342
62002 38712
62102 12262
62202 58410
62302 10441
62402 24611
62502 36754
62602 31761
62702 12309
62802 6031
62902 46105
63002 23392
63102 20644
63202 16869
63302 29041
63402 13310
63502 64045
63602 40912
63702 15443
63802 19313
63902 31905
64002 21632
64102 24575
64202 59626
64302 28287
64402 24905
64502 37736
64602 17881
64702 63060
64802 39147
64902 16239
65002 54979
65102 30070
65202 35153
65302 63238
65402 35049
65502 17040
65602 22363
65702 34576
65802 35973
65902 13989
66002 36559
66102 60322
66202 14409
66302 3365
66402 19412
66502 17883
66602 32736
66702 4821
66802 44569
66902 4649
67002 40824
67102 30419
67202 2975
67302 44552
67402 2898
67502 15639
67602 60750
67702 32345
67802 27178
67902 18527
68002 52594
68102 153
68202 33727
68302 37005
68402 57595
68502 36524
68602 29789
68702 22593
68802 17088
68902 40974
69002 6228
69102 25934
69202 50361
69302 27567
69402 49225
69502 24034
69602 61347
69702 26619
69802 13459
69902 45807
70002 19980
70102 30937
70202 29895
70302 22069
70402 44868
70502 40454
70602 15204
70702 4001
70802 30060
70902 2965
71002 24855
71102 6159
71202 62460
71302 59949
71402 30494
71502 9575
71602 44829
71702 36563
71802 34320
71902 31931
72002 57571
72102 7816
72202 30101
72302 15095
72402 61873
72502 2214
72602 61822
72702 41843
72802 10849
72902 7843
73002 62651
73102 5284
73202 54414
73302 3250
73402 4305
73502 18639
73602 41894
73702 64557
73802 16968
73902 43587
74002 5636
74102 51507
74202 12651
74302 19646
74402 49410
74502 37827
74602 35620
74702 19481
74802 35854
74902 2070
75002 36827
75102 2283
75202 24855
75302 20669
75402 39422
75502 63877
75602 62790
75702 10104
75802 8302
75902 20489
76002 31072
76102 29466
76202 33273
76302 44057
76402 19548
76502 48610
76602 8132
76702 16963
76802 47918
76902 39288
77002 54612
77102 26033
77202 18078
77302 44282
77402 15211
77502 33201
77602 23409
77702 10673
77802 9292
77902 65124
78002 55057
78102 9553
78202 64645
78302 28828
78402 28162
78502 56342
78602 36523
78702 26918
78802 59683
78902 16139
79002 37864
79102 24606
79202 31302
79302 35910
79402 15094
79502 2840
79602 17073
79702 51140
79802 8305
79902 55964
80002 50090
80102 5322
80202 34995
80302 39387
80402 30262
80502 10407
80602 48643
80702 36237
80802 53717
80902 31360
81002 42394
81102 52992
81202 11981
81302 7559
81402 28995
81502 34424
81602 53393
81702 28916
81802 43360
81902 28366
82002 52648
82102 16442
82202 30529
82302 43110
82402 64499
82502 8140
82602 63726
82702 37158
82802 40097
82902 40768
83002 21381
83102 12012
83202 45374
83302 64147
83402 23095
83502 19051
83602 297
83702 205
83802 8727
83902 34033
84002 44977
84102 579
84202 13644
84302 43976
84402 19014
84502 56509
84602 54166
84702 63100
84802 4263
84902 37995
85002 19488
85102 34999
85202 31391
85302 63676
85402 53362
85502 1304
85602 30231
85702 13638
85802 38195
85902 10606
86002 60681
86102 39962
86202 11070
86302 26257
86402 61323
86502 46960
86602 23431
86702 62395
86802 34999
86902 45049
87002 56554
87102 34466
87202 44253
87302 23377
87402 22329
87502 59378
87602 403
87702 33251
87802 759
87902 48215
88002 49707
88102 43118
88202 59562
88302 17868
88402 44108
88502 55526
88602 47028
88702 54976
88802 50371
88902 42439
89002 58332
89102 25850
89202 5117
89302 37589
89402 19615
89502 15256
89602 28084
89702 55566
89802 1482
89902 64479
90002 28775
90102 5718
