102 8297
202 20320
302 28628
402 39867
502 23241
602 27147
702 60671
802 28181
902 23267
1002 5115
1102 62094
1202 60567
1302 25808
1402 21890
1502 20161
1602 22826
1702 13087
1802 33016
1902 22396
2002 55202
2102 56156
2202 50306
2302 10822
2402 21845
2502 43157
2602 9179
2702 19794
2802 31536
2902 14291
3002 56150
3102 65178
3202 30779
3302 1976
3402 13663
3502 25138
3602 33862
3702 26362
3802 57917
3902 21233
4002 64142
4102 30114
4202 34477
4302 56159
4402 51138
4502 31542
4602 43575
4702 63460
4802 11778
4902 13751
5002 35601
5102 10010
5202 3565
5302 56719
5402 46572
5502 44508
5602 62210
5702 55431
5802 5201
5902 48472
6002 11972
6102 27826
6202 10990
6302 41029
6402 24250
6502 16985
6602 61723
6702 21968
6802 47602
6902 62155
7002 14556
7102 26732
7202 43738
7302 61093
7402 18209
7502 50489
7602 32810
7702 59440
7802 58291
7902 2735
8002 39951
8102 44392
8202 65031
8302 58939
8402 2443
8502 23324
8602 43186
8702 11168
8802 26172
8902 46822
9002 23312
9102 41854
9202 9430
9302 25805
9402 31526
9502 54442
9602 14310
9702 10789
9802 15272
9902 51546
10002 44281
10102 15517
10202 12312
10302 53508
10402 45552
10502 45966
10602 53000
10702 38032
10802 10183
10902 34432
11002 2190
11102 11564
11202 62689
11302 7985
11402 4404
11502 30810
11602 52588
11702 11624
11802 63004
11902 12470
12002 48323
12102 42603
12202 13046
12302 55822
12402 46100
12502 26908
12602 45732
12702 54490
12802 17522
12902 44421
13002 46793
13102 57339
13202 4570
13302 37354
13402 50361
13502 19452
13602 2993
13702 54616
13802 6040
13902 46115
14002 25678
14102 19693
14202 60711
14302 40014
14402 48851
14502 59916
14602 47882
14702 35492
14802 19299
14902 43488
15002 12826
15102 35785
15202 8863
15302 18699
15402 15513
15502 33054
15602 16085
15702 44359
15802 49516
15902 59241
16002 4431
16102 12864
16202 26986
16302 53697
16402 41927
16502 45779
16602 63478
16702 38612
16802 60700
16902 13736
17002 54293
17102 3219
17202 55156
17302 22835
17402 33488
17502 25131
17602 21996
17702 30720
17802 60612
17902 17880
18002 61481
18102 9176
18202 30308
18302 16717
18402 62936
18502 39682
18602 62271
18702 35853
18802 22230
18902 51483
19002 56856
19102 9115
19202 8885
19302 17129
19402 56927
19502 11444
19602 52351
19702 48791
19802 42953
19902 8587
20002 26741
20102 38482
20202 9190
20302 31305
20402 8543
20502 23658
20602 25602
20702 32021
20802 603
20902 5043
21002 39798
21102 17452
21202 10047
21302 36123
21402 48506
21502 47216
21602 45743
21702 54441
21802 50583
21902 23639
22002 25979
22102 38525
22202 50275
22302 26307
22402 5555
22502 31347
22602 1437
22702 64055
22802 5472
22902 65326
23002 5485
23102 41619
23202 50490
23302 59709
23402 23448
23502 55376
23602 42879
23702 40035
23802 12824
23902 6733
24002 48107
24102 41764
24202 28291
24302 49224
24402 16592
24502 22832
24602 24833
24702 53952
24802 61845
24902 43044
25002 60863
25102 545
25202 17873
25302 6394
25402 15111
25502 11432
25602 61696
25702 399
25802 48331
25902 28411
26002 18887
26102 29249
26202 6284
26302 51082
26402 52247
26502 9521
26602 19220
26702 63441
26802 37223
26902 50732
27002 46259
27102 16496
27202 29152
27302 29577
27402 58437
27502 11731
27602 47337
27702 58461
27802 28503
27902 6522
28002 10263
28102 45032
28202 46278
28302 28883
28402 35674
28502 61717
28602 57594
28702 52550
28802 49278
28902 15670
29002 51278
29102 55211
29202 59558
29302 28592
29402 64701
29502 43877
29602 12463
29702 16310
29802 25316
29902 59005
30002 19635
30102 5675
30202 855
30302 22275
30402 53389
30502 20442
30602 24958
30702 54637
30802 1327
30902 61605
31002 61621
31102 19568
31202 47166
31302 17078
31402 55889
31502 21585
31602 13380
31702 42769
31802 24179
31902 33044
32002 9796
32102 28203
32202 15699
32302 34737
32402 40289
32502 7659
32602 1053
32702 39031
32802 39295
32902 36064
33002 2391
33102 38842
33202 30016
33302 26296
33402 36896
33502 10448
33602 15043
33702 62358
33802 42136
33902 9980
34002 42741
34102 59614
34202 7410
34302 11739
34402 39081
34502 60259
34602 56549
34702 64257
34802 54282
34902 10115
35002 45581
35102 23927
35202 35739
35302 64167
35402 21473
35502 34002
35602 32414
