102 15141
202 23660
302 9286
402 43345
502 29937
602 14322
702 64477
802 52440
902 30089
1002 55558
1102 38449
1202 16773
1302 45966
1402 12663
1502 21577
1602 45131
1702 35785
1802 35902
1902 18125
2002 19523
2102 14918
2202 55863
2302 54816
2402 19341
2502 26706
2602 44933
2702 11104
2802 50355
2902 46751
3002 17707
3102 58716
3202 61883
3302 43460
3402 15908
3502 60535
3602 55913
3702 18172
3802 32784
3902 56389
4002 60267
4102 15930
4202 5724
4302 34584
4402 24744
4502 28467
4602 1642
4702 3692
4802 24830
4902 60912
5002 15717
5102 8192
5202 17877
5302 54487
5402 53612
5502 43774
5602 49503
5702 7036
5802 26479
5902 25377
6002 23709
6102 37762
6202 49167
6302 2529
6402 10698
6502 10315
6602 30936
6702 61448
6802 3405
6902 39708
7002 39651
7102 54340
7202 63946
7302 60885
7402 64812
7502 2987
7602 34782
7702 39537
7802 18691
7902 50439
8002 36407
8102 48999
8202 12730
8302 7219
8402 20438
8502 14099
8602 689
8702 3922
8802 53471
8902 54168
9002 32405
9102 26591
9202 40568
9302 850
9402 45877
9502 35206
9602 25939
9702 23921
9802 19579
9902 47984
10002 17989
10102 2623
10202 60141
10302 40032
10402 1125
10502 23041
10602 56405
10702 1036
10802 21089
10902 28615
11002 56414
11102 42142
11202 18326
11302 19582
11402 22423
11502 15245
11602 18277
11702 54046
11802 52308
11902 34732
12002 5231
12102 51911
12202 17736
12302 51996
12402 46275
12502 52022
12602 61810
12702 3013
12802 32830
12902 1325
13002 63782
13102 46570
13202 47745
13302 62340
13402 42970
13502 35677
13602 296
13702 22103
13802 8381
13902 47107
14002 54087
14102 12908
14202 60265
14302 28189
14402 45551
14502 50445
14602 14861
14702 49416
14802 7601
14902 9857
15002 11751
15102 31958
15202 50016
15302 30449
15402 3568
15502 24426
15602 10503
15702 24086
15802 56961
15902 54518
16002 53139
16102 61419
16202 11500
16302 2113
16402 63179
16502 59666
16602 44158
16702 60887
16802 64192
16902 24902
17002 50278
17102 2734
17202 59712
17302 54137
17402 65254
17502 49834
17602 9033
17702 3357
17802 42819
17902 12235
18002 8457
18102 32812
18202 32998
18302 16289
18402 6513
18502 12818
18602 33247
18702 45405
18802 52911
18902 7071
19002 48554
19102 47001
19202 16611
19302 7800
19402 35540
19502 48624
19602 3860
19702 48490
19802 7053
19902 22268
20002 52390
20102 46935
20202 32379
20302 35944
20402 30590
20502 35070
20602 25310
20702 53501
20802 14837
20902 6373
21002 55242
21102 1933
21202 42775
21302 48001
21402 2988
21502 9964
21602 48444
21702 1526
21802 36514
21902 12212
22002 55312
22102 29516
22202 60652
22302 1091
22402 45169
22502 49393
22602 33635
22702 50989
22802 44213
22902 63507
23002 11095
23102 46361
23202 32332
23302 49873
23402 41711
23502 59160
23602 44386
23702 60712
23802 30846
23902 44651
24002 12578
24102 60365
24202 42557
24302 53094
24402 11813
24502 1521
24602 16678
24702 14719
24802 18068
24902 36480
25002 6243
25102 34775
25202 58481
25302 30019
25402 28390
25502 15940
25602 8192
25702 19054
25802 63159
25902 36147
26002 62315
26102 59613
26202 41883
26302 36119
26402 52955
26502 14074
26602 38610
26702 2089
26802 60082
26902 16288
27002 13074
27102 32179
27202 46057
27302 39498
27402 25570
27502 5473
27602 26102
27702 64671
27802 16766
27902 3169
28002 4313
28102 12343
28202 17248
28302 43742
28402 38348
28502 42534
28602 43278
28702 52464
28802 55743
28902 45502
29002 54057
29102 31203
29202 45928
29302 22248
29402 14054
29502 29166
29602 45075
29702 62030
29802 3826
29902 64176
30002 37751
30102 31275
30202 10037
30302 17853
30402 15210
30502 27572
30602 58651
30702 43334
30802 57923
30902 56871
31002 28566
31102 30166
31202 55359
31302 16134
31402 33732
31502 36191
31602 37098
31702 45359
31802 56103
31902 6804
32002 23416
32102 4450
32202 6540
32302 53049
32402 46501
32502 49264
32602 29175
32702 20037
32802 29996
32902 52789
33002 37140
33102 16705
33202 57945
33302 48885
33402 63247
33502 7228
33602 40819
33702 63757
33802 41941
33902 36880
34002 50818
34102 14632
34202 35160
34302 41793
34402 53377
34502 10019
34602 14500
34702 3720
34802 30172
34902 20217
35002 18574
35102 49207
35202 31348
35302 60117
35402 1428
35502 60564
35602 38779
35702 49958
35802 3669
35902 13618
36002 9142
36102 29511
36202 59625
36302 46293
36402 45871
36502 52705
36602 42290
36702 56466
36802 18238
36902 65241
37002 47604
37102 13362
37202 3711
37302 43977
37402 5037
37502 35529
37602 18723
37702 31600
37802 46420
37902 13941
38002 56566
38102 10914
38202 18424
38302 2232
38402 40631
38502 15311
38602 23302
38702 22145
38802 36802
38902 41716
39002 65113
39102 2386
39202 55854
39302 51535
39402 52147
39502 58236
39602 19637
39702 65355
39802 34167
39902 50579
40002 32623
40102 26620
40202 3442
40302 17104
40402 4404
40502 29803
40602 5341
40702 18258
40802 9239
40902 27209
41002 25065
41102 8812
41202 34918
41302 37826
41402 12972
41502 25022
41602 6293
41702 54386
41802 16052
41902 17951
42002 63782
42102 33317
42202 25961
42302 2078
42402 45489
42502 53246
42602 2549
42702 51658
42802 44927
42902 46329
43002 3273
43102 22408
43202 62618
43302 43812
43402 55349
43502 43849
43602 1761
43702 18215
43802 8886
43902 44539
44002 48284
44102 18094
44202 48601
44302 29944
44402 57029
44502 38776
44602 25108
44702 44513
44802 42475
44902 950
45002 31241
45102 48279
45202 31964
45302 25903
45402 21930
45502 4608
45602 51407
45702 35509
45802 12273
45902 38294
46002 58721
46102 6246
46202 53177
46302 44525
46402 65422
46502 39823
46602 39624
46702 21655
46802 50878
46902 17948
47002 30521
47102 33869
47202 34271
47302 32338
47402 26131
47502 1034
47602 42990
47702 10548
47802 35902
47902 55209
48002 48197
48102 40292
48202 47087
48302 49904
48402 23895
48502 31963
48602 25116
48702 20934
48802 16016
48902 51946
49002 48240
49102 47450
49202 58134
49302 34725
49402 43916
49502 5265
49602 45945
49702 25700
49802 9319
49902 15793
50002 7820
50102 41593
50202 22567
50302 44827
50402 9235
50502 37020
50602 10770
50702 20444
50802 11544
50902 6347
51002 60514
51102 50215
51202 21673
51302 9725
51402 20368
51502 38848
51602 16244
51702 43919
51802 26157
51902 52910
52002 15724
52102 54547
52202 38291
52302 55969
52402 20884
52502 42012
52602 53389
52702 18740
52802 50658
52902 16598
53002 50454
53102 6876
53202 47894
53302 62035
53402 57698
53502 972
53602 29966
53702 34308
53802 16800
53902 29347
54002 51175
54102 34872
54202 8346
54302 65306
54402 38892
54502 19354
54602 58364
54702 49917
54802 49515
54902 58518
55002 48807
55102 58202
55202 1660
55302 22259
55402 23062
55502 48735
55602 6043
55702 36524
55802 64540
55902 1730
56002 30937
56102 33535
56202 10702
56302 50411
56402 45902
56502 1062
56602 62881
56702 65432
56802 40441
56902 52178
57002 7581
57102 52673
57202 1312
57302 43563
57402 24761
57502 20566
57602 29468
57702 22543
57802 27133
57902 22120
58002 16814
58102 13815
58202 45225
58302 39613
58402 43158
58502 50840
58602 8875
58702 48492
58802 35110
58902 22287
59002 17362
59102 13948
59202 4162
59302 24096
59402 58363
59502 4329
59602 20320
59702 64447
59802 11889
59902 52195
60002 59448
60102 2266
60202 5774
60302 31948
60402 50994
60502 9996
60602 63549
60702 50529
60802 8543
60902 8151
61002 46892
61102 35507
61202 1746
61302 24591
61402 10473
61502 7113
61602 36131
61702 42945
61802 40878
61902 57477
62002 61339
62102 16591
62202 36685
62302 6683
62402 3926
62502 32125
62602 2375
62702 22372
62802 47142
62902 40132
63002 26040
63102 22070
63202 46870
63302 41900
63402 38172
63502 63080
63602 48660
63702 2035
63802 49270
63902 52136
64002 18561
64102 55474
64202 266
64302 18116
64402 16027
64502 11525
64602 34512
64702 53836
64802 65031
64902 16341
65002 7754
65102 63042
65202 52715
65302 44365
65402 46716
65502 16211
65602 14289
65702 14910
65802 59396
65902 42275
66002 27049
66102 37418
66202 4817
66302 44960
66402 37460
66502 5441
66602 49910
66702 32002
66802 46232
66902 44980
67002 6775
67102 52775
67202 14759
67302 35947
67402 13083
67502 28068
67602 62067
67702 46505
67802 6428
67902 60509
68002 35197
68102 44743
68202 43781
68302 46270
68402 3954
68502 33951
68602 38599
68702 32816
68802 12375
68902 35042
69002 29751
69102 1582
69202 54484
69302 61768
69402 4005
69502 37832
69602 7468
69702 53502
69802 54423
69902 24196
70002 13851
70102 18995
70202 25754
70302 2230
70402 31230
70502 3954
70602 61223
70702 39676
70802 6128
70902 38898
71002 32369
71102 54871
71202 63650
71302 54543
71402 11912
71502 37137
71602 57581
71702 28042
71802 32694
71902 16503
72002 17464
72102 64938
72202 3518
72302 41450
72402 7520
72502 57494
72602 53403
72702 45121
72802 35288
72902 31443
73002 65379
73102 910
73202 21543
73302 29384
73402 17897
73502 22484
73602 41320
73702 46445
73802 59197
73902 867
74002 26998
74102 60945
74202 12831
74302 65396
74402 6597
74502 27378
74602 27014
74702 63324
74802 11217
74902 26252
75002 1166
75102 49997
75202 9318
75302 44162
75402 51326
75502 64492
75602 13923
75702 42416
75802 22762
75902 36061
76002 7305
76102 39950
76202 17139
76302 57900
76402 49942
76502 41685
76602 42677
76702 39320
76802 50871
76902 40171
77002 24714
77102 61486
77202 55983
77302 25981
77402 51330
77502 9088
77602 44757
77702 12796
77802 11415
77902 41607
78002 9632
78102 41362
78202 7861
78302 9463
78402 23037
78502 16798
78602 2507
78702 11545
78802 3412
78902 8066
79002 25895
79102 24533
79202 14235
79302 38231
79402 56043
79502 14524
79602 20433
79702 12379
79802 44138
79902 37186
80002 32624
80102 33252
80202 1102
80302 30200
80402 59347
80502 36185
80602 15503
80702 22237
80802 55636
80902 31130
81002 45122
81102 21481
81202 53816
81302 6445
81402 24689
81502 16795
81602 45050
81702 17702
81802 23338
81902 28202
82002 32090
82102 44723
82202 33768
82302 2690
82402 14957
82502 37274
82602 60479
82702 45499
82802 10323
82902 6082
83002 10747
83102 40510
83202 31515
83302 28690
83402 33138
83502 51764
83602 42446
83702 8418
83802 36888
83902 19611
84002 55121
84102 25746
84202 33254
84302 45217
84402 19674
84502 39274
84602 24648
84702 44818
84802 14501
84902 58991
85002 573
85102 47074
85202 858
85302 27416
85402 43218
85502 23694
85602 1029
85702 35405
85802 18261
85902 296
86002 6794
86102 11359
86202 41784
86302 55516
86402 63559
86502 44416
86602 39835
86702 62553
86802 7404
86902 36799
87002 60580
87102 47301
87202 46622
87302 63773
87402 49008
87502 50188
87602 59360
87702 574
87802 48439
87902 7235
88002 35902
88102 7749
88202 36545
88302 33441
88402 16304
88502 62616
88602 49534
88702 2646
88802 50502
88902 8808
89002 49367
89102 34444
89202 48071
89302 53146
89402 25360
89502 456
89602 53385
89702 18362
89802 7682
89902 47512
90002 38095
90102 53885
