102 29050
202 60570
302 42632
402 8817
502 44175
602 48418
702 44077
802 39007
902 51758
1002 33589
1102 7766
1202 9752
1302 11625
1402 39595
1502 33909
1602 54910
1702 60569
1802 41397
1902 33727
2002 12255
2102 22535
2202 58218
2302 55734
2402 30820
2502 2444
2602 57749
2702 22370
2802 21714
2902 33616
3002 6930
3102 39423
3202 761
3302 11220
3402 31401
3502 6413
3602 49480
3702 2723
3802 59634
3902 23021
4002 44371
4102 33047
4202 5403
4302 12579
4402 31663
4502 49435
4602 19256
4702 61348
4802 40567
4902 5902
5002 11475
5102 25811
5202 38939
5302 10741
5402 19527
5502 20384
5602 19179
5702 51178
5802 36176
5902 35538
6002 2135
6102 38161
6202 17378
6302 59365
6402 61835
6502 19455
6602 18687
6702 46124
6802 57630
6902 53373
7002 64924
7102 38509
7202 50590
7302 11477
7402 7204
7502 55959
7602 17909
7702 42672
7802 56152
7902 6499
8002 50560
8102 47743
8202 17658
8302 26829
8402 46550
8502 4443
8602 56832
8702 41691
8802 50564
8902 34406
9002 4571
9102 61339
9202 4224
9302 59497
9402 59179
9502 65354
9602 1452
9702 21736
9802 60570
9902 63872
10002 48930
10102 64980
10202 16892
10302 39556
10402 58647
10502 53723
10602 26692
10702 55602
10802 50517
10902 6011
11002 26960
11102 28022
11202 53380
11302 22198
11402 56066
11502 49366
11602 8043
11702 5837
11802 60055
11902 31321
12002 15101
12102 37766
12202 40745
12302 52199
12402 25848
12502 23009
12602 51840
12702 32
12802 24221
12902 15764
13002 40287
13102 44227
13202 56981
13302 19792
13402 17844
13502 50800
13602 62957
13702 64777
13802 28263
13902 25320
14002 64010
14102 33874
14202 27086
14302 3237
14402 62067
14502 46501
14602 23828
14702 64192
14802 696
14902 40111
15002 30495
15102 42752
15202 29539
15302 6157
15402 15762
15502 4296
15602 28148
15702 8357
15802 4866
15902 26028
16002 28354
16102 33566
16202 63828
16302 57076
16402 27139
16502 42526
16602 14622
16702 55199
16802 8003
16902 95
17002 63648
17102 10593
17202 3521
17302 23230
17402 59218
17502 25491
17602 13669
17702 42360
17802 18456
17902 41277
18002 50520
18102 34221
18202 24212
18302 19331
18402 34961
18502 5663
18602 52195
18702 42533
18802 560
18902 37448
19002 40026
19102 53469
19202 42571
19302 45159
19402 44155
19502 55503
19602 339
19702 9650
19802 32115
19902 36634
20002 54158
20102 40818
20202 39756
20302 36971
20402 20400
20502 58636
20602 44910
20702 45562
20802 63258
20902 58477
21002 46393
21102 19835
21202 21569
21302 56035
21402 24648
21502 22568
21602 41488
21702 45109
21802 63328
21902 9146
22002 9716
22102 4615
22202 6566
22302 51034
22402 49978
22502 673
22602 8061
22702 62076
22802 6544
22902 51066
23002 20223
23102 56014
23202 54442
23302 51680
23402 20195
23502 16128
23602 24020
23702 51023
23802 63665
23902 56224
24002 22447
24102 21101
24202 28311
24302 52893
24402 47349
24502 4324
24602 27361
24702 24549
24802 34183
24902 44105
25002 40877
25102 61362
25202 24651
25302 22982
25402 19707
25502 14953
25602 40196
25702 49682
25802 50461
25902 30179
26002 31037
26102 1825
26202 65516
26302 38518
26402 21753
26502 47186
26602 6507
26702 8128
26802 20526
26902 50100
27002 63049
27102 7294
27202 60844
27302 35897
27402 32611
27502 45882
27602 51560
27702 59051
27802 28567
27902 42374
28002 26948
28102 20365
28202 24294
28302 57146
28402 28677
28502 61064
28602 38828
28702 19173
28802 46538
28902 12572
29002 26428
29102 177
29202 31257
29302 56284
29402 58
29502 41688
29602 33630
29702 64334
29802 29374
29902 52391
30002 30904
30102 59536
30202 31297
30302 37019
30402 13348
30502 22766
30602 18854
30702 12992
30802 64288
30902 8802
31002 10863
31102 854
31202 12201
31302 10009
31402 25682
31502 47023
31602 5818
31702 47994
31802 15638
31902 17325
32002 7553
32102 13880
32202 13379
32302 62461
32402 6271
32502 24130
32602 9747
32702 4529
32802 24522
32902 29713
33002 64840
33102 35444
33202 30484
33302 29619
33402 55040
33502 59467
33602 28799
33702 18112
33802 21374
33902 8581
34002 31742
34102 8399
34202 45231
34302 9885
34402 42997
34502 27393
34602 38248
34702 28620
34802 30811
34902 4750
35002 13125
35102 30140
35202 3665
35302 10361
35402 3962
35502 50980
35602 33528
35702 26687
35802 8253
35902 42109
36002 19731
36102 13305
36202 12720
36302 33171
36402 25082
36502 63019
36602 46553
36702 49789
36802 45585
36902 55425
37002 49368
37102 33370
37202 56684
37302 50184
37402 38028
37502 5100
37602 25917
37702 46858
37802 36975
37902 21782
38002 64429
38102 48063
38202 21404
38302 54584
38402 57193
38502 13450
38602 44982
38702 4071
38802 26662
38902 64115
39002 38398
39102 54628
39202 59231
39302 29766
39402 27241
39502 54075
39602 4659
39702 33363
39802 36170
39902 23646
40002 5256
40102 53204
40202 32715
40302 43438
40402 2690
40502 2428
40602 26834
40702 64932
40802 27869
40902 24438
41002 40455
41102 44109
41202 7206
41302 63440
41402 62150
41502 28672
41602 9575
41702 12510
41802 60782
41902 28751
42002 31234
42102 60512
42202 18460
42302 4572
42402 37559
42502 54393
42602 9570
42702 16620
42802 28530
42902 42610
43002 43467
43102 1425
43202 15402
43302 16659
43402 19578
43502 50590
43602 42092
43702 24368
43802 49886
43902 13280
44002 63984
44102 21916
44202 15294
44302 55977
44402 63860
44502 205
44602 4486
44702 45773
44802 7499
44902 14932
45002 45396
45102 7098
45202 19771
45302 49392
45402 61555
45502 53322
45602 50795
45702 29843
45802 7640
45902 42802
46002 2259
46102 26414
46202 3138
46302 19745
46402 38805
46502 58521
46602 31132
46702 32281
46802 28540
46902 50149
47002 7933
47102 47917
47202 57821
47302 1773
47402 25945
47502 18577
47602 28383
47702 57589
47802 56350
47902 26742
48002 7468
48102 6781
48202 57809
48302 42335
48402 11459
48502 31074
48602 26156
48702 31974
48802 64901
48902 39333
49002 34840
49102 21914
49202 26220
49302 45412
49402 12178
49502 56562
49602 26382
49702 55512
49802 30453
49902 10897
50002 25761
50102 5968
50202 33470
50302 1791
50402 46333
50502 39226
50602 19577
50702 4985
50802 15013
50902 2632
51002 21525
51102 14320
51202 52348
51302 49431
51402 19772
51502 5822
51602 49361
51702 56101
51802 4912
51902 59606
52002 40101
52102 54164
52202 23344
52302 345
52402 53900
52502 55528
52602 22799
52702 22135
52802 49054
52902 51278
53002 24158
53102 7594
53202 58469
53302 13132
53402 15946
53502 48570
53602 39703
53702 4422
53802 51307
53902 64991
54002 8526
54102 21323
54202 40843
54302 3711
54402 55473
54502 46802
54602 29923
54702 60545
54802 3232
54902 24221
55002 50813
55102 38812
55202 12241
55302 30847
55402 19201
55502 62820
55602 64995
55702 45912
55802 25906
55902 10460
56002 29531
56102 23184
56202 38807
56302 65167
56402 7940
56502 16936
56602 28812
56702 62042
56802 61208
56902 29250
57002 1370
57102 3202
57202 58554
57302 61900
57402 771
57502 1286
57602 59668
57702 19828
57802 21040
57902 12375
58002 10199
58102 23816
58202 64346
58302 54420
58402 27277
58502 45977
58602 63347
58702 28031
58802 64194
58902 14567
59002 26951
59102 22660
59202 50719
59302 37766
59402 32743
59502 37291
59602 24864
59702 26456
59802 9015
59902 42837
60002 39906
60102 39286
60202 63756
60302 32466
60402 49651
60502 23411
60602 59332
60702 31974
60802 29304
60902 4050
61002 4229
61102 34531
61202 36152
61302 6069
61402 39512
61502 7574
61602 24244
61702 39594
61802 16769
61902 3297
62002 44365
62102 8991
62202 22992
62302 37789
62402 9468
62502 37098
62602 9427
62702 23148
62802 17164
62902 57273
63002 19874
63102 3034
63202 23002
63302 10706
63402 36383
63502 60529
63602 1009
63702 1766
63802 4642
63902 10290
64002 43743
64102 64490
64202 20414
64302 868
64402 26486
64502 28761
64602 14222
64702 23900
64802 15914
64902 64344
65002 30843
65102 35832
65202 35806
65302 37018
65402 12686
65502 64632
65602 35001
65702 15684
65802 54442
65902 29450
66002 63743
66102 19114
66202 51877
66302 3756
66402 14843
66502 50171
66602 17857
66702 64518
66802 36943
66902 16636
67002 51588
67102 22614
67202 13499
67302 30177
67402 24678
67502 64803
67602 34095
67702 41523
67802 21446
67902 64389
68002 56353
68102 38488
68202 12214
68302 61619
68402 48484
68502 57564
68602 17151
68702 45069
68802 37136
68902 8207
69002 24015
69102 31684
69202 27753
69302 37513
69402 21279
69502 40733
69602 15842
69702 39895
69802 16610
69902 3268
70002 21146
70102 6996
70202 13841
70302 41082
70402 24566
70502 43592
70602 35879
70702 267
70802 14326
70902 24359
71002 42634
71102 31215
71202 15532
71302 57559
71402 17477
71502 37482
71602 58486
71702 59919
71802 62673
71902 33214
72002 19854
72102 45307
72202 22002
72302 50313
72402 6807
72502 9365
72602 45825
72702 4678
72802 42007
72902 7617
73002 57588
73102 22812
73202 5077
73302 14288
73402 9015
73502 38733
73602 2413
73702 57442
73802 18622
73902 54406
74002 8316
74102 61762
74202 59496
74302 39977
74402 44285
74502 39011
74602 30849
74702 47433
74802 60658
74902 62825
75002 30551
75102 57152
75202 30871
75302 28663
75402 58450
75502 39320
75602 39808
75702 1844
75802 18807
75902 63937
76002 62844
76102 28327
76202 37440
76302 11786
76402 30836
76502 61423
76602 61445
76702 31931
76802 13157
76902 20197
77002 40717
77102 17479
77202 20516
77302 2551
77402 37846
77502 58030
77602 2007
77702 25668
77802 41020
77902 2212
78002 47238
78102 11668
78202 19534
78302 47308
78402 39771
78502 57047
78602 26532
78702 9075
78802 57175
78902 1187
79002 6132
79102 9673
79202 28572
79302 16829
79402 32459
79502 27374
79602 27679
79702 14788
79802 9154
79902 9537
80002 2598
80102 15576
80202 17680
80302 5538
80402 56654
80502 59877
80602 46687
80702 64109
80802 37552
80902 39614
81002 48980
81102 57285
81202 26365
81302 21050
81402 53013
81502 13877
81602 46528
81702 250
81802 25731
81902 10727
82002 50416
82102 22886
82202 4189
82302 34394
82402 53625
82502 57075
82602 12942
82702 22639
82802 14335
82902 22528
83002 30865
83102 56890
83202 46575
83302 13780
83402 41231
83502 23778
83602 31578
83702 4719
83802 2624
83902 59935
84002 64519
84102 52719
84202 54802
84302 58799
84402 31161
84502 31011
84602 39762
84702 11549
84802 18565
84902 42219
85002 7786
85102 58717
85202 43825
85302 36727
85402 41169
85502 52826
85602 6689
85702 57070
85802 20038
85902 41581
86002 14518
86102 56037
86202 54128
86302 41557
86402 50085
86502 46168
86602 2704
86702 49627
86802 12231
86902 22919
87002 51096
87102 27922
87202 54233
87302 64818
87402 57408
87502 29218
87602 25573
87702 10043
87802 62513
87902 32341
88002 11575
88102 6189
88202 35571
88302 8768
88402 17399
88502 30419
88602 11565
88702 31656
88802 26647
88902 38489
89002 22017
89102 17789
89202 15805
89302 35159
89402 63528
89502 2731
89602 17116
89702 942
89802 4324
89902 57696
90002 59171
90102 58257
