102 43966
202 558
302 63152
402 46619
502 54896
602 12461
702 29677
802 62813
902 60053
1002 26960
1102 27728
1202 8305
1302 63466
1402 34063
1502 32464
1602 58420
1702 40685
1802 23391
1902 21364
2002 9978
2102 7480
2202 8257
2302 36200
2402 63395
2502 13654
2602 31266
2702 8330
2802 47725
2902 51678
3002 38283
3102 44097
3202 12732
3302 48934
3402 20913
3502 15479
3602 7397
3702 45856
3802 24613
3902 45912
4002 27486
4102 35431
4202 30328
4302 16840
4402 7982
4502 19677
4602 54164
4702 3954
4802 46275
4902 61808
5002 55075
5102 59411
5202 24373
5302 14027
5402 47523
5502 47519
5602 48600
5702 52624
5802 9830
5902 20199
6002 57954
6102 49969
6202 47548
6302 41255
6402 21587
6502 14016
6602 48666
6702 43140
6802 36459
6902 46909
7002 12207
7102 45909
7202 35891
7302 53201
7402 55802
7502 11404
7602 47120
7702 51533
7802 34359
7902 22250
8002 29001
8102 28249
8202 7046
8302 22150
8402 47771
8502 7216
8602 47602
8702 27743
8802 60126
8902 9297
9002 6068
9102 59394
9202 36811
9302 30501
9402 3306
9502 7185
9602 3104
9702 23688
9802 62554
9902 38870
10002 12098
10102 63285
10202 41997
10302 18899
10402 15578
10502 45681
10602 59709
10702 44067
10802 17533
10902 61916
11002 27524
11102 43387
11202 61333
11302 16583
11402 2747
11502 59743
11602 46406
11702 48746
11802 193
11902 27645
12002 51370
12102 58101
12202 20619
12302 56373
12402 6829
12502 32041
12602 15815
12702 42716
12802 16686
12902 58970
13002 54649
13102 12305
13202 34727
13302 57473
13402 42690
13502 10978
13602 37435
13702 65374
13802 45610
13902 17647
14002 48247
14102 61204
14202 64292
14302 8405
14402 31546
14502 64778
14602 65478
14702 19315
14802 40630
14902 26518
15002 59640
15102 50073
15202 32133
15302 12314
15402 11259
15502 56118
15602 707
15702 36468
15802 62568
15902 22523
16002 260
16102 41381
16202 49957
16302 26854
16402 55902
16502 24523
16602 58801
16702 24101
16802 24539
16902 35520
17002 10360
17102 42882
17202 15090
17302 7527
17402 32193
17502 4727
17602 29642
17702 47605
17802 31737
17902 55250
18002 53370
18102 49899
18202 59778
18302 52499
18402 13782
18502 47727
18602 27754
18702 7451
18802 57530
18902 6480
19002 19534
19102 10437
19202 45578
19302 30940
19402 37237
19502 48605
19602 34548
19702 49611
19802 64936
19902 49960
20002 45721
20102 47752
20202 22055
20302 37058
20402 21786
20502 8168
20602 1988
20702 52863
20802 48642
20902 1226
21002 57336
21102 51260
21202 27103
21302 10236
21402 57665
21502 40981
21602 41477
21702 53254
21802 50724
21902 35899
22002 10181
22102 29681
22202 20614
22302 36355
22402 40830
22502 60869
22602 28314
22702 65297
22802 29019
22902 21750
23002 9298
23102 53147
23202 16494
23302 24274
23402 7131
23502 32597
23602 10260
23702 62557
23802 42264
23902 9269
24002 26327
24102 54605
24202 23087
24302 30614
24402 43960
24502 49802
24602 33251
24702 39454
24802 2277
24902 41914
25002 10305
25102 42614
25202 2008
25302 31159
25402 36026
25502 39424
25602 17069
25702 27426
25802 34442
25902 61580
26002 14546
26102 11560
26202 51965
26302 4287
26402 28802
26502 8300
26602 8555
26702 26604
26802 56985
26902 6060
27002 46737
27102 47889
27202 45643
27302 34879
27402 64983
27502 46542
27602 57100
27702 52138
27802 43867
27902 43353
28002 971
28102 11131
28202 60561
28302 16498
28402 2696
28502 10237
28602 28950
28702 37513
28802 40412
28902 48357
29002 21517
29102 48747
29202 11425
29302 28067
29402 17444
29502 34586
29602 9797
29702 61468
29802 8810
29902 18385
30002 53459
30102 9441
30202 46196
30302 31060
30402 6427
30502 29362
30602 22584
30702 52768
30802 65116
30902 32900
31002 50596
31102 39261
31202 62911
31302 51203
31402 19189
31502 3207
31602 56300
31702 30619
31802 32865
31902 57055
32002 16467
32102 60623
32202 25155
32302 39409
32402 40258
32502 58559
32602 26011
32702 29666
32802 3964
32902 25286
33002 25869
33102 48179
33202 31896
33302 12419
33402 47394
33502 33630
33602 19847
33702 6728
33802 10992
33902 26780
34002 58212
34102 57237
34202 9700
34302 60646
34402 3275
34502 21050
34602 13267
34702 55787
34802 20424
34902 26373
35002 47251
35102 5542
35202 40888
35302 6237
35402 3703
35502 48701
