102 32169
202 11811
302 25544
402 6149
502 59269
602 56062
702 49714
802 31403
902 17270
1002 34171
1102 1393
1202 61202
1302 18195
1402 56726
1502 21418
1602 47695
1702 1411
1802 3817
1902 17679
2002 3718
2102 43718
2202 57720
2302 31576
2402 31061
2502 51493
2602 32936
2702 5373
2802 54309
2902 27133
3002 20003
3102 48978
3202 13091
3302 52600
3402 28607
3502 10334
3602 9205
3702 36319
3802 61241
3902 53602
4002 50765
4102 55713
4202 40453
4302 46950
4402 38854
4502 1565
4602 6676
4702 11364
4802 38442
4902 5839
5002 17309
5102 10146
5202 57878
5302 29863
5402 31652
5502 36578
5602 1033
5702 33839
5802 31262
5902 63852
6002 57027
6102 5836
6202 63427
6302 55352
6402 27501
6502 16617
6602 20248
6702 13500
6802 57730
6902 50053
7002 27813
7102 52813
7202 59041
7302 62123
7402 31691
7502 18898
7602 25843
7702 15271
7802 2071
7902 59197
8002 63603
8102 54942
8202 51034
8302 22858
8402 49541
8502 424
8602 25443
8702 41479
8802 6738
8902 38642
9002 41674
9102 27417
9202 31221
9302 1320
9402 5432
9502 58096
9602 13841
9702 40911
9802 64451
9902 8075
10002 43232
10102 51086
10202 35861
10302 51920
10402 46065
10502 60452
10602 57741
10702 37721
10802 38247
10902 19909
11002 43740
11102 57928
11202 47076
11302 12910
11402 11615
11502 44700
11602 5728
11702 22211
11802 24223
11902 40887
12002 14272
12102 32991
12202 26963
12302 53185
12402 10395
12502 38249
12602 55492
12702 1741
12802 24060
12902 55089
13002 21967
13102 54525
13202 28393
13302 5322
13402 8941
13502 42566
13602 8899
13702 18742
13802 18118
13902 39588
14002 26533
14102 63029
14202 18416
14302 44165
14402 21322
14502 41373
14602 9350
14702 5617
14802 37540
14902 11537
15002 50991
15102 19626
15202 30092
15302 3157
15402 29889
15502 35526
15602 45803
15702 42762
15802 26062
15902 41241
16002 14569
16102 64646
16202 53558
16302 58708
16402 46125
16502 63573
16602 54939
16702 51805
16802 30038
16902 52768
17002 6077
17102 61113
17202 653
17302 43681
17402 37689
17502 48
17602 14230
17702 7886
17802 49706
17902 48603
18002 58610
18102 39662
18202 13817
18302 54139
18402 29412
18502 42116
18602 34669
18702 6504
18802 47618
18902 34990
19002 45366
19102 38410
19202 14024
19302 60176
19402 16023
19502 22303
19602 17497
19702 34390
19802 38882
19902 29314
20002 16016
20102 4025
20202 32294
20302 46090
20402 3055
20502 64796
20602 28784
20702 50404
20802 27777
20902 33684
21002 46993
21102 16606
21202 56726
21302 47513
21402 31021
21502 50992
21602 10384
21702 15092
21802 44641
21902 61099
22002 27266
22102 50953
22202 47647
22302 36862
22402 47810
22502 35913
22602 40449
22702 61551
22802 57471
22902 30217
23002 689
23102 53826
23202 27100
23302 33156
23402 6062
23502 46923
23602 41953
23702 46235
23802 9488
23902 10404
24002 3649
24102 7408
24202 7423
24302 6491
24402 3187
24502 1862
24602 10534
24702 62601
24802 16634
24902 50566
25002 62794
25102 8656
25202 18574
25302 18571
25402 32593
25502 5873
25602 28970
25702 51101
25802 45610
25902 59245
26002 64539
26102 55662
26202 59336
26302 30444
26402 58728
26502 43138
26602 15989
26702 48458
26802 12214
26902 32604
27002 30598
27102 48705
27202 37082
27302 23044
27402 40925
27502 41046
27602 56758
27702 55096
27802 16754
27902 46033
28002 42754
28102 23944
28202 50158
28302 62862
28402 40464
28502 60508
28602 34218
28702 28155
28802 53369
28902 58955
29002 19037
29102 28629
29202 36993
29302 31826
29402 42264
29502 45828
29602 18688
29702 35269
29802 58449
29902 46055
30002 18891
30102 19933
30202 50886
30302 13766
30402 26835
30502 945
30602 12819
30702 41886
30802 19783
30902 39392
31002 17635
31102 844
31202 30750
31302 56012
31402 39174
31502 59507
31602 59838
31702 33045
31802 52597
31902 17866
32002 57090
32102 54575
32202 28931
32302 32420
32402 52516
32502 52576
32602 7046
32702 31676
32802 48451
32902 44668
33002 11702
33102 32344
33202 26481
33302 48206
33402 48391
33502 42577
33602 50476
33702 792
33802 36457
33902 2903
34002 57424
34102 38074
34202 19854
34302 43300
34402 24515
34502 1354
34602 26627
34702 33090
34802 62234
34902 60250
35002 59128
35102 25820
35202 313
35302 57975
35402 23280
35502 29009
35602 51421
35702 17713
35802 54310
35902 28913
36002 44077
36102 58801
36202 57781
36302 11380
36402 25166
36502 42426
36602 1355
36702 55807
36802 18052
36902 12597
37002 49037
37102 53192
37202 7167
37302 53173
37402 11516
37502 34785
37602 6960
37702 20445
37802 13065
37902 36095
38002 40331
38102 6639
38202 17452
38302 17497
38402 48883
38502 44528
38602 19933
38702 8225
38802 42450
38902 48424
39002 9225
39102 39154
39202 22467
39302 9380
39402 4078
39502 7218
39602 18413
39702 10519
39802 48262
39902 3165
40002 36655
40102 57551
40202 19615
40302 56073
40402 58038
40502 20523
40602 21020
40702 2413
40802 3266
40902 50363
41002 22633
41102 43330
41202 31814
41302 19673
41402 44485
41502 38268
41602 29309
41702 6316
41802 26024
41902 57917
42002 43856
42102 8861
42202 28205
42302 17621
42402 37277
42502 61190
42602 10466
42702 15879
42802 55755
42902 25077
43002 51671
43102 8332
43202 35238
43302 19204
43402 11037
43502 39449
43602 59109
43702 57591
43802 37295
43902 19256
44002 27228
44102 36284
44202 11627
44302 52901
44402 16215
44502 8436
44602 36502
44702 40923
44802 27392
44902 16637
45002 46403
45102 2330
45202 4126
45302 43286
45402 64470
45502 1218
45602 45286
45702 27845
45802 36264
45902 59636
46002 20216
46102 63627
46202 26688
46302 17415
46402 24653
46502 64380
46602 45609
46702 3790
46802 24575
46902 29980
47002 33670
47102 2888
47202 29560
47302 12083
47402 28065
47502 56548
47602 50021
47702 28803
47802 50272
47902 51310
48002 44256
48102 16325
48202 35567
48302 57761
48402 4446
48502 27648
48602 65180
48702 8488
48802 56656
48902 8794
49002 23333
49102 17671
49202 61532
49302 13310
49402 38057
49502 62395
49602 14138
49702 48488
49802 18107
49902 63399
50002 36593
50102 11641
50202 52279
50302 59914
50402 51680
50502 25185
50602 13392
50702 42843
50802 37877
50902 30617
51002 34571
51102 41872
51202 11690
51302 9676
51402 48687
51502 18659
51602 47631
51702 51083
51802 16499
51902 5219
52002 52299
52102 43621
52202 39899
52302 32006
52402 39406
52502 25952
52602 17812
52702 1927
52802 54223
52902 2275
53002 15971
53102 13094
53202 64405
53302 52865
53402 25627
53502 41793
53602 11154
53702 32150
53802 11096
53902 36387
54002 48711
54102 34676
54202 61842
54302 3631
54402 26300
54502 65311
54602 64557
54702 45196
54802 41629
54902 4104
55002 36284
55102 57531
55202 57343
55302 34358
55402 52777
55502 63652
55602 44557
55702 34643
55802 29
55902 52384
56002 56998
56102 45596
56202 7603
56302 29112
56402 9404
56502 50869
56602 58614
56702 4460
56802 58522
56902 29512
57002 34907
57102 13877
57202 7031
57302 1210
57402 63376
57502 64955
57602 44795
57702 47594
57802 63284
57902 18215
58002 32823
58102 59489
58202 16180
58302 55433
58402 63514
58502 34578
58602 15237
58702 31217
58802 7192
58902 34148
59002 18887
59102 45585
59202 21062
59302 12415
59402 36742
59502 45988
59602 90
59702 9418
59802 11052
59902 5110
60002 47972
60102 8126
60202 40224
60302 57006
60402 45227
60502 29244
60602 50767
60702 56153
60802 52440
60902 40949
61002 6019
61102 6317
61202 27330
61302 18082
61402 1689
61502 54522
61602 60448
61702 42887
61802 35609
61902 5837
62002 60181
62102 28125
62202 18086
62302 51964
62402 16678
62502 48014
62602 4315
62702 26129
62802 50657
62902 14923
63002 43107
63102 46741
63202 19675
63302 28740
63402 135
63502 57679
63602 8889
63702 36707
63802 18063
63902 5326
64002 51870
64102 14140
64202 53908
64302 49079
64402 31001
64502 42567
64602 20942
64702 33973
64802 65155
64902 5454
65002 3145
65102 43381
65202 43857
65302 16725
65402 33856
65502 958
65602 36877
65702 49141
65802 37710
65902 29760
66002 44053
66102 21282
66202 58862
66302 22425
66402 43968
66502 55894
66602 33222
66702 40117
66802 22204
66902 27439
67002 31612
67102 55620
67202 34999
67302 35336
67402 34526
67502 31988
67602 17830
67702 49500
67802 50948
67902 56352
68002 57070
68102 5748
68202 63529
68302 27131
68402 61215
68502 53362
68602 26075
68702 17712
68802 38315
68902 22336
69002 46939
69102 4046
69202 24956
69302 27680
69402 36039
69502 40473
69602 55635
69702 3081
69802 16594
69902 20303
70002 18527
70102 55508
70202 39939
70302 40380
70402 19476
70502 33187
70602 8741
70702 31422
70802 17784
70902 37004
71002 3672
71102 33064
71202 61597
71302 50233
71402 25256
71502 10123
71602 5198
71702 14386
71802 12587
71902 1834
72002 11645
72102 25048
72202 60256
72302 5874
72402 903
72502 53296
72602 31275
72702 3970
72802 31963
72902 4228
73002 36793
73102 49731
73202 25434
73302 58676
73402 50640
73502 31176
73602 20623
73702 44573
73802 3909
73902 59064
74002 50098
74102 6064
74202 11968
74302 955
74402 43765
74502 65036
74602 40181
74702 22179
74802 29070
74902 51281
75002 33742
75102 52569
75202 64854
75302 18231
75402 20901
75502 43056
75602 4424
75702 30732
75802 50982
75902 40237
76002 51337
76102 29476
76202 4755
76302 23423
76402 57152
76502 51090
76602 35703
76702 24715
76802 1178
76902 13978
77002 52027
77102 1575
77202 16603
77302 3030
77402 12435
77502 8421
77602 13403
77702 11047
77802 59326
77902 63161
78002 34564
78102 56973
78202 32455
78302 11622
78402 56429
78502 24633
78602 1553
78702 17342
78802 34316
78902 3229
79002 47835
79102 7574
79202 13775
79302 60984
79402 13880
79502 40881
79602 5550
79702 47129
79802 34068
79902 23139
80002 53009
80102 57784
80202 14365
80302 21512
80402 48342
80502 48916
80602 55269
80702 55368
80802 29447
80902 39151
81002 44195
81102 52438
81202 65398
81302 50238
81402 46839
81502 52235
81602 57030
81702 6004
81802 44268
81902 5325
82002 46242
82102 54416
82202 21191
82302 28092
82402 26871
82502 36242
82602 34543
82702 41032
82802 6350
82902 23905
83002 19950
83102 39014
83202 24869
83302 58191
83402 31776
83502 53746
83602 1563
83702 2339
83802 29273
83902 31009
84002 9399
84102 24402
84202 8131
84302 21329
84402 21704
84502 42167
84602 41264
84702 54140
84802 19914
84902 18406
85002 27267
85102 41988
85202 24050
85302 63449
85402 58018
85502 43738
85602 6111
85702 4622
85802 17697
85902 26678
86002 26673
86102 32111
86202 5433
86302 59943
86402 54053
86502 31832
86602 22091
86702 1544
86802 29498
86902 41484
87002 33979
87102 63571
87202 62700
87302 62572
87402 64422
87502 30858
87602 17837
87702 34593
87802 53039
87902 24126
88002 6905
88102 21054
88202 62653
88302 13827
88402 573
88502 3406
88602 60616
88702 3235
88802 18906
88902 2772
89002 30455
89102 46823
89202 14629
89302 11447
89402 50051
89502 11596
89602 55729
89702 62244
89802 13241
89902 28567
90002 30651
90102 46394
