102 7436
202 53888
302 42420
402 49426
502 61127
602 63893
702 16185
802 62328
902 65369
1002 32194
1102 7767
1202 20425
1302 152
1402 17608
1502 56454
1602 38065
1702 32510
1802 53603
1902 6512
2002 56735
2102 13108
2202 44326
2302 29906
2402 7401
2502 45357
2602 20076
2702 25803
2802 49349
2902 15113
3002 6702
3102 13699
3202 38333
3302 32317
3402 17004
3502 36249
3602 34778
3702 45786
3802 47455
3902 14564
4002 9648
4102 26873
4202 45724
4302 19393
4402 22977
4502 39026
4602 55348
4702 3898
4802 58070
4902 42502
5002 24684
5102 37697
5202 39046
5302 48988
5402 47934
5502 13509
5602 64651
5702 35513
5802 44101
5902 40393
6002 44344
6102 59620
6202 29571
6302 19294
6402 55996
6502 31918
6602 12173
6702 32104
6802 53771
6902 2286
7002 41186
7102 30254
7202 45952
7302 45745
7402 23224
7502 7895
7602 25637
7702 20834
7802 34352
7902 11303
8002 40138
8102 41401
8202 21233
8302 55267
8402 41985
8502 24222
8602 31079
8702 27561
8802 27052
8902 52441
9002 28617
9102 57706
9202 8417
9302 26438
9402 35100
9502 55449
9602 63670
9702 12230
9802 14663
9902 11396
10002 29885
10102 25803
10202 56374
10302 51188
10402 28308
10502 57492
10602 53511
10702 57514
10802 8118
10902 20389
11002 30263
11102 11546
11202 39069
11302 43802
11402 16816
11502 13137
11602 60081
11702 38944
11802 45404
11902 37643
12002 36317
12102 33752
12202 54932
12302 40072
12402 54675
12502 37680
12602 29120
12702 54048
12802 19776
12902 6219
13002 24404
13102 61246
13202 32162
13302 6002
13402 5834
13502 34354
13602 163
13702 30943
13802 39810
13902 65474
14002 53747
14102 17732
14202 19519
14302 5139
14402 9102
14502 57974
14602 43877
14702 58559
14802 54083
14902 54988
15002 22395
15102 63040
15202 7591
15302 28520
15402 41208
15502 40186
15602 53200
15702 17388
15802 43240
15902 60298
16002 43380
16102 4562
16202 41789
16302 65213
16402 46040
16502 65457
16602 38789
16702 25199
16802 34971
16902 18383
17002 19018
17102 47342
17202 38337
17302 19641
17402 54202
17502 48525
17602 34312
17702 29049
17802 26525
17902 19049
18002 29014
18102 32567
18202 57822
18302 8668
18402 32120
18502 46791
18602 41483
18702 45431
18802 43668
18902 37543
19002 52982
19102 4235
19202 23020
19302 33452
19402 62358
19502 7055
19602 24907
19702 26719
19802 51648
19902 54448
20002 38607
20102 55530
20202 43615
20302 12771
20402 12059
20502 61247
20602 42006
20702 8492
20802 5493
20902 21754
21002 34256
21102 2684
21202 10461
21302 4450
21402 59552
21502 36019
21602 52085
21702 19630
21802 21637
21902 37748
22002 32946
22102 60924
22202 49222
22302 21209
22402 41766
22502 39454
22602 55551
22702 26282
22802 28927
22902 36386
23002 25186
23102 30163
23202 7714
23302 38905
23402 60835
23502 59529
23602 36294
23702 6319
23802 38425
23902 23388
24002 53572
24102 25266
24202 20200
24302 33414
24402 11706
24502 56450
24602 7195
24702 35284
24802 14513
24902 38504
25002 18616
25102 13883
25202 7488
25302 53539
25402 11629
25502 44892
25602 717
25702 60581
25802 2364
25902 21563
26002 45589
26102 33446
26202 16222
26302 62055
26402 3415
26502 45967
26602 50579
26702 8428
26802 14887
26902 47043
27002 45634
27102 21297
27202 30854
27302 11847
27402 38646
27502 42351
27602 5408
27702 34088
27802 14675
27902 50448
28002 38980
28102 51114
28202 41383
28302 48814
28402 37672
28502 49714
28602 32202
28702 63136
28802 32576
28902 6920
29002 3028
29102 39341
29202 52882
29302 42581
29402 22550
29502 273
29602 31785
29702 2854
29802 10226
29902 43435
30002 65108
30102 25797
30202 18901
30302 45733
30402 16425
30502 50077
30602 57892
30702 8262
30802 56039
30902 58628
31002 60543
31102 14194
31202 34629
31302 25288
31402 44317
31502 27234
31602 59995
31702 51232
31802 42135
31902 64791
32002 21406
32102 39865
32202 39387
32302 13382
32402 8
32502 22999
32602 13517
32702 22830
32802 16790
32902 46812
33002 7823
33102 7519
33202 62625
33302 27631
33402 48326
33502 18136
33602 21966
33702 53943
33802 59557
33902 55718
34002 49668
34102 1787
34202 47335
34302 4646
34402 6918
34502 23819
34602 38403
34702 29744
34802 25959
34902 42219
35002 11779
35102 24885
35202 35471
35302 22973
35402 9439
35502 18089
35602 2438
35702 3066
35802 28149
35902 29463
36002 21938
36102 17442
36202 31974
36302 13663
36402 60553
36502 37577
36602 43669
36702 34873
36802 2110
36902 11452
37002 15902
37102 3122
37202 29790
37302 5731
37402 20106
37502 65206
37602 65042
37702 50544
37802 48730
37902 2577
38002 59197
38102 31778
38202 4661
38302 5315
38402 40469
38502 42502
38602 12033
38702 39948
38802 30239
38902 2832
39002 5688
39102 18645
39202 42310
39302 60842
39402 42236
39502 62520
39602 8741
39702 37752
39802 24024
39902 33230
40002 58419
40102 61504
40202 44180
40302 47251
40402 34400
40502 33155
40602 51419
40702 798
40802 6769
40902 24473
41002 53673
41102 63146
41202 752
41302 38245
41402 24322
41502 27870
41602 12940
41702 43276
41802 56930
41902 60591
42002 41973
42102 63862
42202 23682
42302 26426
42402 39719
42502 4088
42602 47524
42702 23381
42802 5500
42902 31626
43002 9090
43102 46922
43202 5667
43302 43745
43402 56077
43502 34863
43602 60798
43702 42479
43802 33713
43902 31129
44002 58767
44102 29339
44202 63987
44302 6954
44402 2728
44502 36038
44602 9788
44702 40245
44802 24350
44902 28417
45002 52640
45102 24382
45202 47890
45302 2215
45402 19118
45502 29434
45602 50075
45702 14260
45802 13991
45902 40892
46002 33313
46102 65241
46202 4645
46302 16276
46402 64504
46502 18100
46602 9115
46702 13250
46802 47422
46902 54194
47002 22099
47102 21533
47202 37890
47302 32022
47402 56827
47502 51799
47602 32637
47702 61611
47802 29164
47902 45814
48002 22981
48102 64518
48202 28546
48302 59362
48402 63901
48502 1322
48602 18884
48702 58965
48802 8950
48902 53317
49002 28936
49102 30638
49202 27926
49302 54316
49402 46859
49502 7120
49602 3172
49702 50766
49802 27920
49902 7796
50002 64824
50102 63079
50202 158
50302 24621
50402 16653
50502 57105
50602 14068
50702 42797
50802 7722
50902 40201
51002 7618
51102 46837
51202 12511
51302 25654
51402 48676
51502 35663
51602 21389
51702 64296
51802 23279
51902 746
52002 56349
52102 20677
52202 25498
52302 50321
52402 21457
52502 31737
52602 51621
52702 21236
52802 36766
52902 16240
53002 6655
53102 45569
53202 11258
53302 5213
53402 9789
53502 30767
53602 58700
53702 20999
53802 40636
53902 60227
54002 54339
54102 5511
54202 14199
54302 45894
54402 31917
54502 63897
54602 17627
54702 60734
54802 36137
54902 56434
55002 46468
55102 55343
55202 57730
55302 56889
55402 49830
55502 36920
55602 64264
55702 8191
55802 11134
55902 20602
56002 1729
56102 39653
56202 3535
56302 50137
56402 20960
56502 9425
56602 50412
56702 47199
56802 47658
56902 15672
57002 6189
57102 13136
57202 3033
57302 60184
57402 10616
57502 63528
57602 50922
57702 53125
57802 54493
57902 56835
58002 14697
58102 43742
58202 23503
58302 63302
58402 40803
58502 8988
58602 50521
58702 29766
58802 12323
58902 59038
59002 22419
59102 58476
59202 64062
59302 55389
59402 974
59502 27187
59602 52855
59702 23214
59802 12059
59902 6857
60002 8493
60102 64424
60202 49439
60302 8786
60402 50430
60502 5670
60602 33175
60702 12472
60802 55500
60902 46792
61002 24282
61102 55940
61202 33763
61302 64750
61402 27688
61502 62066
61602 18955
61702 2380
61802 20332
61902 28491
62002 44590
62102 5474
62202 55626
62302 32644
62402 30180
62502 50017
62602 6573
62702 1193
62802 48869
62902 21424
63002 40567
63102 38015
63202 13202
63302 35946
63402 38622
63502 60691
63602 42001
63702 42706
63802 34112
63902 25950
64002 35254
64102 44253
64202 12119
64302 31246
64402 51215
64502 22048
64602 10637
64702 63717
64802 43956
64902 64837
65002 51361
65102 18762
65202 53515
65302 53858
65402 37482
65502 58909
65602 44711
65702 20695
65802 1475
65902 26255
66002 58486
66102 20402
66202 19972
66302 57092
66402 6079
66502 13653
66602 37088
66702 56469
66802 38632
66902 16026
67002 50026
67102 28124
67202 21764
67302 59986
67402 53919
67502 45872
67602 17348
67702 217
67802 62756
67902 18188
68002 2898
68102 16842
68202 10627
68302 55100
68402 39819
68502 33745
68602 63523
68702 23262
68802 58365
68902 50051
69002 11997
69102 52649
69202 11812
69302 2329
69402 205
69502 42374
69602 42915
69702 62802
69802 41041
69902 62138
70002 36238
70102 63624
70202 13852
70302 44682
70402 17511
70502 14688
70602 43765
70702 37468
70802 48671
70902 13903
71002 14522
71102 48144
71202 61139
71302 11214
71402 6839
71502 24924
71602 22037
71702 34623
71802 40700
71902 48251
72002 2827
72102 64186
72202 26879
72302 46309
72402 30972
72502 26003
72602 24942
72702 61815
72802 43666
72902 3289
73002 1968
73102 22306
73202 24270
73302 31134
73402 21056
73502 9051
73602 62059
73702 7085
73802 63566
73902 54443
74002 46804
74102 13414
74202 39029
74302 39797
74402 21594
74502 7003
74602 42899
74702 31945
74802 21740
74902 18319
75002 10004
75102 24743
75202 4152
75302 6583
75402 58469
75502 21898
75602 38166
75702 5663
75802 54041
75902 626
76002 59919
76102 36493
76202 10319
76302 49471
76402 19230
76502 33451
76602 59091
76702 39286
76802 24486
76902 64240
77002 29091
77102 5257
77202 41078
77302 24088
77402 5858
77502 29095
77602 387
77702 54110
77802 27811
77902 59973
78002 58176
78102 39884
78202 22345
78302 42573
78402 27448
78502 13176
78602 43737
78702 19965
78802 15926
78902 2808
79002 12575
79102 33627
79202 53284
79302 1966
79402 4954
79502 13817
79602 28907
79702 34740
79802 7947
79902 61322
80002 43301
80102 45109
80202 23641
80302 5640
80402 13004
80502 60533
80602 10641
80702 62294
80802 59256
80902 6096
81002 45531
81102 26611
81202 12492
81302 17573
81402 15603
81502 34191
81602 15130
81702 44686
81802 18398
81902 46884
82002 21791
82102 56664
82202 7081
82302 45766
82402 2462
82502 19402
82602 58269
82702 6177
82802 52503
82902 64461
83002 26288
83102 38745
83202 14267
83302 30011
83402 32677
83502 62913
83602 12693
83702 26480
83802 50287
83902 12191
84002 12632
84102 62192
84202 61149
84302 34061
84402 39541
84502 2088
84602 20848
84702 57991
84802 4009
84902 14273
85002 20218
85102 57794
85202 48689
85302 19080
85402 26489
85502 16776
85602 19697
85702 61909
85802 17848
85902 59533
86002 64270
86102 46173
86202 48911
86302 45398
86402 53569
86502 64482
86602 27084
86702 45031
86802 17937
86902 45649
87002 42740
87102 18644
87202 15286
87302 42235
87402 24612
87502 39282
87602 61089
87702 31744
87802 3665
87902 20995
88002 24901
88102 28647
88202 35491
88302 15724
88402 46575
88502 15402
88602 46173
88702 54663
88802 49133
88902 1605
89002 28678
89102 56385
89202 27591
89302 2092
89402 20967
89502 11360
89602 10833
89702 14875
89802 5441
89902 50413
90002 38464
90102 26797
90202 22175
90302 40301
90402 4388
