102 26495
202 28306
302 55514
402 55342
502 60344
602 62267
702 29095
802 28738
902 36833
1002 29116
1102 1398
1202 18346
1302 13264
1402 60275
1502 27253
1602 36060
1702 56572
1802 40343
1902 40052
2002 16309
2102 48823
2202 19694
2302 45440
2402 7941
2502 10787
2602 20200
2702 59258
2802 21887
2902 41333
3002 61423
3102 37689
3202 45825
3302 30230
3402 64855
3502 56318
3602 40787
3702 1715
3802 16715
3902 1554
4002 35318
4102 841
4202 48019
4302 39869
4402 19902
4502 29650
4602 60151
4702 34877
4802 51598
4902 40007
5002 14727
5102 63461
5202 29058
5302 21150
5402 59330
5502 64156
5602 31890
5702 29017
5802 43901
5902 24256
6002 26105
6102 59152
6202 51822
6302 48491
6402 11150
6502 50751
6602 49012
6702 44890
6802 41726
6902 8240
7002 59240
7102 63293
7202 264
7302 5238
7402 14067
7502 47083
7602 31207
7702 20012
7802 25830
7902 39930
8002 58607
8102 42057
8202 50295
8302 1776
8402 16854
8502 58674
8602 56880
8702 39600
8802 59570
8902 16409
9002 39589
9102 30535
9202 36505
9302 4081
9402 52951
9502 58521
9602 13961
9702 6359
9802 17402
9902 41992
10002 61439
10102 51071
10202 43402
10302 11248
10402 56917
10502 56920
10602 23198
10702 25016
10802 50332
10902 61691
11002 36798
11102 61720
11202 6559
11302 43039
11402 58365
11502 39566
11602 64421
11702 4538
11802 19664
11902 486
12002 23403
12102 20588
12202 34725
12302 54296
12402 12216
12502 59971
12602 29527
12702 44877
12802 346
12902 59324
13002 17460
13102 2629
13202 13638
13302 18050
13402 59947
13502 9743
13602 29133
13702 8884
13802 64475
13902 38502
14002 20828
14102 7761
14202 27525
14302 9191
14402 55444
14502 18514
14602 39510
14702 12377
14802 18768
14902 36708
15002 35765
15102 55434
15202 17441
15302 41658
15402 50318
15502 21021
15602 14335
15702 2595
15802 63238
15902 14657
16002 5303
16102 49449
16202 56063
16302 39274
16402 33989
16502 6341
16602 47962
16702 5698
16802 53856
16902 40769
17002 40227
17102 3706
17202 37382
17302 45735
17402 15764
17502 48868
17602 19668
17702 10068
17802 13671
17902 7772
18002 19891
18102 52509
18202 28672
18302 11064
18402 52722
18502 50968
18602 34376
18702 25625
18802 51047
18902 26474
19002 52658
19102 10973
19202 5141
19302 45961
19402 13749
19502 26736
19602 65243
19702 41980
19802 53710
19902 5488
20002 44799
20102 44639
20202 44247
20302 19293
20402 14661
20502 63408
20602 4310
20702 43503
20802 39513
20902 35447
21002 35727
21102 49679
21202 58902
21302 17286
21402 21624
21502 47687
21602 21978
21702 63720
21802 5097
21902 7540
22002 28396
22102 14509
22202 41279
22302 51264
22402 8531
22502 11836
22602 12582
22702 18337
22802 48629
22902 34741
23002 32714
23102 36176
23202 33782
23302 18127
23402 14050
23502 11503
23602 4616
23702 58163
23802 21390
23902 33553
24002 60196
24102 1245
24202 14285
24302 29480
24402 48699
24502 41563
24602 51483
24702 7568
24802 23676
24902 55135
25002 9799
25102 29104
25202 40332
25302 2952
25402 64326
25502 30257
25602 24108
25702 59256
25802 9141
25902 15636
26002 43756
26102 3297
26202 30321
26302 14823
26402 61666
26502 14469
26602 61903
26702 50593
26802 51261
26902 17849
27002 47042
27102 17118
27202 51541
27302 35276
27402 56268
27502 28160
27602 5747
27702 40196
27802 6248
27902 23768
28002 19630
28102 15262
28202 32280
28302 45493
28402 9502
28502 22893
28602 19700
28702 47458
28802 16557
28902 24836
29002 11779
29102 52563
29202 5701
29302 27315
29402 27217
29502 12139
29602 28481
29702 48249
29802 19225
29902 17761
30002 50191
30102 12567
30202 41485
30302 44059
30402 9532
30502 40665
30602 63328
30702 26501
30802 61779
30902 23493
31002 21536
31102 58702
31202 38680
31302 64893
31402 30972
31502 61332
31602 17423
31702 58059
31802 49529
31902 63884
32002 9204
32102 59923
32202 2779
32302 28797
32402 1013
32502 18298
32602 37413
32702 47518
32802 10647
32902 16325
33002 41795
33102 4787
33202 25854
33302 11013
33402 38221
33502 44961
33602 17715
33702 8401
33802 57925
33902 5917
34002 25054
34102 18915
34202 13697
34302 3293
34402 44283
34502 49721
34602 64508
34702 18870
34802 30246
34902 64296
35002 34048
35102 19925
35202 16470
35302 55515
35402 54403
35502 28352
35602 17171
35702 35930
35802 3716
35902 22209
36002 15462
36102 50603
36202 15483
36302 25340
36402 20174
36502 4964
36602 62579
36702 53824
36802 49231
36902 1364
37002 37650
37102 22821
37202 52562
37302 52438
37402 38118
37502 62336
37602 1748
37702 61647
37802 27866
37902 17374
38002 45622
38102 18079
38202 16668
38302 1816
38402 22200
38502 19838
38602 50991
38702 56731
38802 3743
38902 42241
39002 31402
39102 37584
39202 62818
39302 263
39402 37206
39502 26846
39602 19341
39702 48615
39802 7077
39902 1876
40002 43069
40102 13668
40202 47473
40302 19461
40402 12226
40502 51296
40602 53435
40702 22626
40802 33933
40902 29226
41002 12249
41102 20882
41202 41013
41302 49630
41402 62909
41502 60099
41602 7748
41702 43169
41802 17504
41902 29674
42002 26861
42102 23635
42202 46115
42302 7692
42402 59054
42502 41713
42602 31289
42702 64795
42802 22122
42902 9865
43002 46197
43102 17034
43202 43454
43302 26588
43402 34988
43502 35286
43602 30476
43702 4671
43802 51480
43902 38421
44002 62748
44102 15602
44202 26486
44302 61145
44402 47375
44502 1107
44602 1736
44702 17666
44802 56933
44902 35213
45002 12668
45102 17380
45202 49415
45302 61950
45402 39821
45502 14969
45602 32288
45702 39841
45802 39893
45902 3271
46002 28665
46102 59308
46202 60189
46302 16607
46402 39971
46502 5126
46602 24093
46702 29831
46802 3721
46902 43488
47002 20407
47102 18570
47202 35438
47302 41068
47402 27949
47502 64046
47602 28200
47702 35240
47802 61521
47902 17527
48002 33191
48102 27155
48202 55929
48302 14948
48402 4401
48502 10312
48602 32812
48702 47400
48802 58558
48902 55425
49002 10766
49102 10090
49202 740
49302 29948
49402 19946
49502 27134
49602 9237
49702 44807
49802 32921
49902 3712
50002 1578
50102 42077
50202 12255
50302 18206
50402 26590
50502 7647
50602 17732
50702 23989
50802 47906
50902 12058
51002 22215
51102 58837
51202 21588
51302 57468
51402 17714
51502 2832
51602 32307
51702 8053
51802 1039
51902 40545
52002 20030
52102 29411
52202 14440
52302 47928
52402 42021
52502 26034
52602 40818
52702 55350
52802 43364
52902 44953
53002 37060
53102 65251
53202 3514
53302 10456
53402 14694
53502 61504
53602 34244
53702 13529
53802 45453
53902 2287
54002 20819
54102 35909
54202 14728
54302 39843
54402 32504
54502 62171
54602 60051
54702 16797
54802 43287
54902 62375
55002 13766
55102 14381
55202 49377
55302 34743
55402 47111
55502 42723
55602 31010
55702 63132
55802 30507
55902 59306
56002 3206
56102 5637
56202 62807
56302 24848
56402 46562
56502 15850
56602 46190
56702 50318
56802 62574
56902 62574
57002 24904
57102 19612
57202 51871
57302 12175
57402 54343
57502 61333
57602 41887
57702 10837
57802 8490
57902 64687
58002 13957
58102 35850
58202 46594
58302 34808
58402 64885
58502 19430
58602 55424
58702 3223
58802 41869
58902 555
59002 5223
59102 7314
59202 39725
59302 58703
59402 44380
59502 58552
59602 54685
59702 47336
59802 11633
59902 42580
60002 55565
60102 54467
60202 12852
60302 22202
60402 39101
60502 57629
60602 45001
60702 16643
60802 50115
60902 48179
61002 24708
61102 9362
61202 15593
61302 64549
61402 60247
61502 64387
61602 58779
61702 27653
61802 11270
61902 50686
62002 33897
62102 3230
62202 56665
62302 56560
62402 50321
62502 60242
62602 4219
62702 25789
62802 50960
62902 24003
63002 46279
63102 9705
63202 57175
63302 2272
63402 14867
63502 20051
63602 61123
63702 44487
63802 31919
63902 34359
64002 10869
64102 43429
64202 10902
64302 57273
64402 61705
64502 38953
64602 26547
64702 2803
64802 36111
64902 33202
65002 5218
65102 19409
65202 16067
65302 1373
65402 49255
65502 5096
65602 22995
65702 59900
65802 5547
65902 16100
66002 22006
66102 19702
66202 53365
66302 24092
66402 26275
66502 42686
66602 17437
66702 14595
66802 28741
66902 62382
67002 59057
67102 12833
67202 21638
67302 44822
67402 115
67502 57951
67602 54901
67702 18578
67802 6128
67902 56658
68002 29846
68102 3194
68202 41064
68302 64380
68402 65261
68502 50583
68602 2774
68702 42074
68802 1436
68902 11396
69002 24937
69102 18573
69202 30664
69302 35705
69402 2744
69502 2576
69602 48474
69702 16540
69802 5310
69902 1516
70002 38570
70102 59732
70202 40836
70302 51352
70402 15034
70502 38214
70602 24755
70702 47345
70802 34008
70902 21304
71002 40197
71102 57055
71202 16480
71302 23321
71402 37448
71502 22316
71602 1533
71702 46016
71802 3995
71902 50778
72002 36820
72102 45651
72202 18493
72302 43016
72402 62967
72502 61112
72602 37424
72702 48589
72802 58039
72902 31886
73002 24794
73102 54094
73202 6079
73302 31924
73402 1860
73502 15806
73602 47294
73702 3486
73802 34604
73902 3658
74002 24038
74102 50222
74202 29641
74302 16011
74402 361
74502 18985
74602 6510
74702 64772
74802 26969
74902 17130
75002 56058
75102 19607
75202 61836
75302 307
75402 9528
75502 57999
75602 15633
75702 63493
75802 41345
75902 39827
76002 43751
76102 38780
76202 54871
76302 63184
76402 51583
76502 56296
76602 1927
76702 20591
76802 9654
76902 23195
77002 10956
77102 23594
77202 5023
77302 8421
77402 50929
77502 1444
77602 57109
77702 52609
77802 64914
77902 40109
78002 47891
78102 42689
78202 61767
78302 26649
78402 49622
78502 39543
78602 37198
78702 58072
78802 5280
78902 24947
79002 12787
79102 61909
79202 11684
79302 58912
79402 19453
79502 62986
79602 55036
79702 6024
79802 4391
79902 57578
80002 1453
80102 10644
80202 42626
80302 6110
80402 15829
80502 62663
80602 33194
80702 6242
80802 61297
80902 208
81002 1791
81102 62571
81202 4943
81302 37174
81402 56074
81502 25525
81602 22239
81702 35890
81802 26299
81902 19329
82002 22300
82102 49480
82202 37346
82302 26306
82402 38931
82502 36154
82602 22363
82702 39844
82802 62064
82902 58212
83002 61850
83102 29345
83202 19884
83302 43924
83402 5482
83502 43725
83602 48270
83702 47146
83802 15188
83902 24236
84002 37645
84102 60386
84202 21204
84302 32579
84402 20149
84502 53663
84602 64628
84702 52279
84802 41210
84902 58836
85002 1784
85102 46941
85202 45544
85302 46074
85402 62052
85502 22464
85602 13115
85702 28829
85802 11780
85902 23712
86002 4907
86102 54302
86202 47348
86302 3676
86402 9227
86502 40562
86602 16858
86702 12259
86802 27196
86902 33022
87002 3854
87102 39216
87202 9729
87302 4447
87402 49161
87502 17692
87602 33857
87702 3260
87802 34072
87902 6072
88002 51504
88102 46846
88202 11103
88302 59727
88402 51780
88502 58590
88602 41186
88702 61279
88802 9322
88902 59176
89002 27666
89102 39659
89202 52002
89302 35446
89402 62428
89502 57095
89602 15480
89702 4689
89802 20331
89902 11913
90002 47923
90102 49488
