102 47948
202 63132
302 35433
402 36157
502 24088
602 56314
702 30087
802 49452
902 14785
1002 31613
1102 46781
1202 46994
1302 63481
1402 59196
1502 10134
1602 64868
1702 60796
1802 17209
1902 17467
2002 26576
2102 58516
2202 53842
2302 6818
2402 37390
2502 59883
2602 6983
2702 32817
2802 36763
2902 65495
3002 63932
3102 55880
3202 50018
3302 8304
3402 42171
3502 22341
3602 46671
3702 43028
3802 1031
3902 50036
4002 38217
4102 51323
4202 23784
4302 23405
4402 12018
4502 31464
4602 50226
4702 31361
4802 64073
4902 1100
5002 16587
5102 12966
5202 61398
5302 3007
5402 45512
5502 5622
5602 3802
5702 64930
5802 31379
5902 14066
6002 18510
6102 49090
6202 37009
6302 22511
6402 2866
6502 30375
6602 25871
6702 51553
6802 6756
6902 7581
7002 58913
7102 24755
7202 5260
7302 34708
7402 7245
7502 34138
7602 20337
7702 64374
7802 56626
7902 4485
8002 34691
8102 62967
8202 63214
8302 9800
8402 11330
8502 19947
8602 23764
8702 61584
8802 38053
8902 26762
9002 59481
9102 15900
9202 998
9302 35610
9402 25640
9502 20345
9602 22751
9702 15424
9802 37741
9902 35833
10002 9028
10102 57722
10202 13539
10302 31852
10402 17463
10502 51805
10602 50292
10702 54041
10802 48971
10902 55130
11002 47197
11102 12047
11202 61187
11302 6542
11402 1721
11502 5314
11602 4
11702 34901
11802 41474
11902 30133
12002 58029
12102 34030
12202 693
12302 31318
12402 63386
12502 1434
12602 45196
12702 22371
12802 6566
12902 53454
13002 49632
13102 47188
13202 29329
13302 9655
13402 5374
13502 52825
13602 32225
13702 17173
13802 5054
13902 48606
14002 899
14102 17024
14202 64517
14302 5513
14402 63998
14502 61209
14602 61774
14702 6414
14802 14659
14902 33050
15002 9341
15102 60201
15202 42602
15302 4237
15402 39025
15502 1474
15602 39586
15702 63668
15802 30152
15902 60925
16002 47395
16102 17393
16202 5245
16302 58657
16402 38956
16502 65188
16602 6421
16702 14705
16802 13497
16902 18043
17002 41975
17102 33088
17202 1263
17302 22944
17402 11018
17502 6380
17602 30607
17702 65448
17802 30215
17902 51481
18002 22768
18102 2335
18202 37094
18302 14629
18402 16023
18502 36404
18602 65453
18702 3318
18802 18630
18902 11697
19002 50495
19102 31103
19202 22463
19302 13151
19402 45497
19502 43046
19602 17231
19702 42333
19802 46564
19902 13153
20002 55109
20102 35772
20202 3208
20302 21703
20402 38358
20502 64947
20602 11711
20702 45270
20802 14658
20902 54536
21002 59802
21102 51366
21202 48254
21302 55414
21402 2720
21502 26354
21602 22325
21702 7274
21802 30143
21902 17344
22002 58538
22102 55603
22202 36558
22302 9829
22402 17972
22502 4175
22602 40548
22702 24693
22802 12493
22902 5716
23002 26289
23102 36004
23202 52150
23302 45919
23402 759
23502 3183
23602 21233
23702 30017
23802 62280
23902 35279
24002 9192
24102 40650
24202 34269
24302 26550
24402 50306
24502 14128
24602 4565
24702 21332
24802 40942
24902 40899
25002 44418
25102 44589
25202 17320
25302 42560
25402 34273
25502 25521
25602 54473
25702 30265
25802 55221
25902 11693
26002 41890
26102 27044
26202 31046
26302 58961
26402 52153
26502 38275
26602 58400
26702 14017
26802 33633
26902 30330
27002 16606
27102 35455
27202 54159
27302 20542
27402 56402
27502 36973
27602 40284
27702 28871
27802 55983
27902 49939
28002 59358
28102 43216
28202 58053
28302 4306
28402 15959
28502 39602
28602 3764
28702 61985
28802 46085
28902 12587
29002 60680
29102 27299
29202 5448
29302 1824
29402 49431
29502 45919
29602 64435
29702 56259
29802 27942
29902 5993
30002 19643
30102 61829
30202 54930
30302 39422
30402 60904
30502 54295
30602 14450
30702 34433
30802 15540
30902 50255
31002 53607
31102 4665
31202 19275
31302 22523
31402 29704
31502 48815
31602 39280
31702 55749
31802 37692
31902 58609
32002 19833
32102 58562
32202 15285
32302 30619
32402 114
32502 37038
32602 52163
32702 42048
32802 31476
32902 56824
33002 1480
33102 3604
33202 62984
33302 55063
33402 13186
33502 3566
33602 57858
33702 63823
33802 8733
33902 48992
34002 45686
34102 18833
34202 42603
34302 11369
34402 53666
34502 41407
34602 49533
34702 60138
34802 43323
34902 45073
35002 27206
35102 4708
35202 7834
35302 15117
35402 51977
35502 21636
35602 8573
35702 5712
35802 55660
35902 62137
36002 61411
36102 50284
36202 49324
36302 64768
36402 58742
36502 8114
36602 1703
36702 48581
36802 54143
36902 27567
37002 24727
37102 63760
37202 51832
37302 11626
37402 26611
37502 17142
37602 54515
37702 20689
37802 38511
37902 3133
38002 19675
38102 58692
38202 4493
38302 21689
38402 50943
38502 54654
38602 33750
38702 2275
38802 19191
38902 10237
39002 29272
39102 13133
39202 4727
39302 7377
39402 44529
39502 14924
39602 9512
39702 25928
39802 37158
39902 20241
40002 50912
40102 23893
40202 59851
40302 15891
40402 14711
40502 63062
40602 15647
40702 33767
40802 6478
40902 49823
41002 14647
41102 33237
41202 40090
41302 2325
41402 37242
41502 54926
41602 48803
41702 13754
41802 19998
41902 14576
42002 63304
42102 47074
42202 49136
42302 21585
42402 64628
42502 1016
42602 61277
42702 24872
42802 20222
42902 4925
43002 56984
43102 47280
43202 31736
43302 26685
43402 25631
43502 59820
43602 11130
43702 56148
43802 19299
43902 31257
44002 46915
44102 9774
44202 8350
44302 11312
44402 39671
44502 12411
44602 62430
44702 55801
44802 45339
44902 36517
45002 31639
45102 35403
45202 45383
45302 5277
45402 22366
45502 10331
45602 46169
45702 34867
45802 44467
45902 17711
46002 59032
46102 15343
46202 54596
46302 48674
46402 42656
46502 33652
46602 55161
46702 18079
46802 56661
46902 23583
47002 12306
47102 7502
47202 14150
47302 38978
47402 19974
47502 15384
47602 16804
47702 8432
47802 36634
47902 59437
48002 64958
48102 48938
48202 31771
48302 14209
48402 24132
48502 6180
48602 54525
48702 52428
48802 49141
48902 18409
49002 44344
49102 5103
49202 36743
49302 41460
49402 28322
49502 54553
49602 59998
49702 39338
49802 282
49902 45568
50002 23741
50102 4346
50202 55144
50302 24976
50402 25733
50502 22701
50602 46769
50702 54724
50802 30453
50902 39709
51002 30607
51102 57086
51202 29896
51302 13992
51402 50359
51502 39791
51602 53088
51702 52303
51802 11730
51902 23722
52002 62916
52102 12046
52202 55263
52302 19414
52402 63595
52502 65118
52602 56869
52702 60821
52802 34165
52902 50357
53002 24726
53102 4049
53202 5733
53302 31893
53402 42214
53502 42523
53602 44832
53702 39055
53802 18969
53902 59523
54002 28258
54102 18992
54202 53866
54302 29725
54402 5350
54502 407
54602 47828
54702 61214
54802 46261
54902 14018
55002 15864
55102 42105
55202 19439
55302 62478
55402 39086
55502 29279
55602 47741
55702 8501
55802 61308
55902 30972
56002 4452
56102 32023
56202 15027
56302 57391
56402 35929
56502 63378
56602 60101
56702 30808
56802 29125
56902 1444
57002 6718
57102 38730
57202 52358
57302 60272
57402 12115
57502 47246
57602 25109
57702 54866
57802 44800
57902 5880
58002 16619
58102 3188
58202 28622
58302 63563
58402 43591
58502 43247
58602 35946
58702 16945
58802 5282
58902 5198
59002 46250
59102 10298
59202 38458
59302 35743
59402 21848
59502 15265
59602 54490
59702 25640
59802 43918
59902 55577
60002 7117
60102 11222
60202 1534
60302 63607
60402 7762
60502 32573
60602 11553
60702 3831
60802 18114
60902 22311
61002 61372
61102 14630
61202 40671
61302 45024
61402 18157
61502 52519
61602 4355
61702 11448
61802 14478
61902 49871
62002 10618
62102 24213
62202 10255
62302 15762
62402 48545
62502 30882
62602 24093
62702 3917
62802 27562
62902 41041
63002 33496
63102 43926
63202 58916
63302 65222
63402 58683
63502 33777
63602 35656
63702 60881
63802 32181
63902 4494
64002 11744
64102 58040
64202 49269
64302 48978
64402 7253
64502 14181
64602 5068
64702 25291
64802 45897
64902 35432
65002 47618
65102 4409
65202 28303
65302 65311
65402 17761
65502 560
65602 23220
65702 47490
65802 56869
65902 35668
66002 42316
66102 65115
66202 34083
66302 49592
66402 31647
66502 3989
66602 57884
66702 26734
66802 944
66902 46418
67002 39762
67102 31408
67202 10888
67302 17796
67402 43375
67502 32087
67602 7779
67702 6268
67802 27828
67902 19670
68002 11924
68102 54371
68202 33623
68302 33691
68402 13865
68502 21478
68602 7708
68702 55504
68802 51238
68902 18005
69002 36807
69102 41629
69202 26631
69302 38135
69402 3422
69502 22143
69602 30495
69702 6699
69802 10901
69902 59500
70002 12752
70102 62657
70202 62263
70302 46431
70402 25759
70502 56731
70602 38651
70702 34049
70802 3433
70902 26805
71002 26257
71102 813
71202 23736
71302 63406
71402 20660
71502 23882
71602 36266
71702 61074
71802 39839
71902 38757
72002 43409
72102 9552
72202 49720
72302 10651
72402 16657
72502 19860
72602 36361
72702 61540
72802 15382
72902 15713
73002 794
73102 50688
73202 12766
73302 19481
73402 27831
73502 16991
73602 19710
73702 35006
73802 17663
73902 18114
74002 36604
74102 702
74202 65418
74302 42712
74402 52878
74502 50518
74602 16602
74702 20216
74802 49551
74902 25608
75002 32300
75102 59100
75202 62827
75302 55512
75402 21254
75502 48481
75602 20101
75702 61369
75802 50462
75902 16669
76002 56525
76102 30973
76202 54240
76302 3892
76402 4569
76502 7792
76602 13496
76702 19063
76802 59323
76902 22784
77002 51654
77102 24470
77202 47200
77302 29748
77402 29258
77502 35074
77602 16160
77702 23
77802 42014
77902 51720
78002 10653
78102 42773
78202 52230
78302 17999
78402 42640
78502 41193
78602 5688
78702 61775
78802 31401
78902 38046
79002 8871
79102 342
79202 61414
79302 36523
79402 42490
79502 19801
79602 34752
79702 63661
79802 25206
79902 19371
80002 10412
80102 3805
80202 39386
80302 56297
80402 58673
80502 348
80602 3141
80702 32647
80802 56603
80902 56439
81002 20891
81102 45873
81202 28576
81302 32886
81402 13478
81502 60238
81602 34984
81702 10344
81802 17646
81902 7094
82002 23527
82102 42042
82202 302
82302 24372
82402 23590
82502 6243
82602 28143
82702 64816
82802 38764
82902 60941
83002 59584
83102 33954
83202 46540
83302 7771
83402 25264
83502 48529
83602 55798
83702 45332
83802 46624
83902 60879
84002 50009
84102 64459
84202 58027
84302 61246
84402 18782
84502 45437
84602 56678
84702 17685
84802 2653
84902 2073
85002 41181
85102 20915
85202 43893
85302 1305
85402 196
85502 16584
85602 37590
85702 8801
85802 12439
85902 36572
86002 41858
86102 6035
86202 32788
86302 8268
86402 22900
86502 47683
86602 4168
86702 4718
86802 7116
86902 24125
87002 10646
87102 4503
87202 18305
87302 19023
87402 59472
87502 57724
87602 50549
87702 60168
87802 14610
87902 32674
88002 22927
88102 33407
88202 19827
88302 30237
88402 57214
88502 14776
88602 50268
88702 59855
88802 29261
88902 20603
89002 53972
89102 40308
89202 46007
89302 27692
89402 33000
89502 27694
89602 3026
89702 64009
89802 64186
89902 23890
90002 51206
90102 51768
