102 22614
202 50680
302 24565
402 27689
502 32467
602 50765
702 58858
802 29751
902 23823
1002 19715
1102 57446
1202 21807
1302 62515
1402 18859
1502 47875
1602 10889
1702 42359
1802 22575
1902 5399
2002 17917
2102 22097
2202 34365
2302 18843
2402 40159
2502 59856
2602 61999
2702 29362
2802 27887
2902 40508
3002 2441
3102 2190
3202 34844
3302 42322
3402 19455
3502 13665
3602 24121
3702 24341
3802 31107
3902 26479
4002 55204
4102 9019
4202 17112
4302 13355
4402 18784
4502 53814
4602 31862
4702 63988
4802 20221
4902 57245
5002 39095
5102 6074
5202 5126
5302 63377
5402 65201
5502 38957
5602 39042
5702 55826
5802 4675
5902 12942
6002 39362
6102 8732
6202 58469
6302 18383
6402 50489
6502 8377
6602 6481
6702 55247
6802 27775
6902 34036
7002 14499
7102 40399
7202 36326
7302 46774
7402 24705
7502 39638
7602 33895
7702 61399
7802 41879
7902 30062
8002 13781
8102 4509
8202 46847
8302 61043
8402 13997
8502 61153
8602 62619
8702 38083
8802 43026
8902 49630
9002 9744
9102 41845
9202 61560
9302 20020
9402 17215
9502 3555
9602 20582
9702 46413
9802 24915
9902 21511
10002 11707
10102 54835
10202 12936
10302 64911
10402 55547
10502 4148
10602 44616
10702 12269
10802 53485
10902 14481
11002 14224
11102 37646
11202 54665
11302 12782
11402 64254
11502 5940
11602 38393
11702 2068
11802 29965
11902 24946
12002 11204
12102 44230
12202 36037
12302 20615
12402 23927
12502 24540
12602 24420
12702 55724
12802 43055
12902 50502
13002 1821
13102 61842
13202 12478
13302 51887
13402 20848
13502 7998
13602 11188
13702 62966
13802 34089
13902 51703
14002 21386
14102 5101
14202 48620
14302 56539
14402 40354
14502 42262
14602 1856
14702 30115
14802 52325
14902 44319
15002 9511
15102 40301
15202 15825
15302 29080
15402 22862
15502 58475
15602 1837
15702 23592
15802 64429
15902 52615
16002 11681
16102 53259
16202 10828
16302 3934
16402 7025
16502 13190
16602 36506
16702 53371
16802 53372
16902 15024
17002 578
17102 42847
17202 45397
17302 21097
17402 26473
17502 3972
17602 63797
17702 36888
17802 33355
17902 33054
18002 34244
18102 37038
18202 12517
18302 45412
18402 42920
18502 16373
18602 10039
18702 5845
18802 28803
18902 55785
19002 43317
19102 24418
19202 13323
19302 43185
19402 2400
19502 30863
19602 22603
19702 51576
19802 38257
19902 19247
20002 44497
20102 58356
20202 28904
20302 29377
20402 15538
20502 15186
20602 8976
20702 48024
20802 32302
20902 59310
21002 16814
21102 13154
21202 47613
21302 25074
21402 64551
21502 10493
21602 26723
21702 7537
21802 16517
21902 951
22002 3967
22102 12774
22202 38034
22302 20318
22402 64798
22502 21863
22602 46234
22702 11026
22802 223
22902 16660
23002 61040
23102 50980
23202 23866
23302 56202
23402 37909
23502 58614
23602 64244
23702 29788
23802 5749
23902 13145
24002 29853
24102 50731
24202 29759
24302 61877
24402 25669
24502 41762
24602 53093
24702 5593
24802 35048
24902 22196
25002 64765
25102 56272
25202 36368
25302 53791
25402 59790
25502 28981
25602 40839
25702 28695
25802 10876
25902 3013
26002 627
26102 17744
26202 61998
26302 17815
26402 25091
26502 24198
26602 47478
26702 15381
26802 2462
26902 36097
27002 36922
27102 44603
27202 45994
27302 57869
27402 18082
27502 57339
27602 65323
27702 38533
27802 46502
27902 47830
28002 6277
28102 15670
28202 58348
28302 48514
28402 58103
28502 25460
28602 20723
28702 5612
28802 45750
28902 12580
29002 41969
29102 4257
29202 22462
29302 4028
29402 35031
29502 32009
29602 26497
29702 50040
29802 27011
29902 35053
30002 33211
30102 7087
30202 27346
30302 23002
30402 34989
30502 46568
30602 34649
30702 1556
30802 58658
30902 10992
31002 27619
31102 4339
31202 33461
31302 21973
31402 59675
31502 25251
31602 39037
31702 49232
31802 20270
31902 50645
32002 45174
32102 13918
32202 40661
32302 15166
32402 18698
32502 53044
32602 32247
32702 33517
32802 27058
32902 3470
33002 45026
33102 22121
33202 34536
33302 26480
33402 39457
33502 61913
33602 13765
33702 9344
33802 28075
33902 33510
34002 4455
34102 14055
34202 18231
34302 9273
34402 7197
34502 59022
34602 64110
34702 53503
34802 34019
34902 43427
35002 23953
35102 34756
35202 53199
35302 56945
35402 6067
35502 12607
35602 6039
35702 55600
35802 33803
35902 34215
36002 32859
36102 51662
36202 41202
36302 42074
36402 51425
36502 7187
36602 3130
36702 50435
36802 26747
36902 38824
37002 42786
37102 45895
37202 55401
37302 21524
37402 14475
37502 54980
37602 58967
37702 56720
37802 13308
37902 25714
38002 18646
38102 35378
38202 9980
38302 59123
38402 32414
38502 33368
38602 38902
38702 30232
38802 11523
38902 29187
39002 54612
39102 59209
39202 63220
39302 49864
39402 44155
39502 51433
39602 48230
39702 3356
39802 55696
39902 44192
40002 9566
40102 21095
40202 36757
40302 14209
40402 5285
40502 33149
40602 54179
40702 17453
40802 54832
40902 60963
41002 43695
41102 59130
41202 37410
41302 12072
41402 54368
41502 58273
41602 15184
41702 26890
41802 21643
41902 48239
42002 60547
42102 21907
42202 29190
42302 28922
42402 63076
42502 20034
42602 29033
42702 65517
42802 8077
42902 34587
43002 57845
43102 8237
43202 64054
43302 1171
43402 42403
43502 61510
43602 5741
43702 26200
43802 41206
43902 7837
44002 50939
44102 43383
44202 37119
44302 2011
44402 41363
44502 31
44602 4755
44702 959
44802 37276
44902 8539
45002 13407
45102 61259
45202 15742
45302 21696
45402 57938
45502 40312
45602 45841
45702 3930
45802 14493
45902 27453
46002 17655
46102 12778
46202 38667
46302 56600
46402 13439
46502 52448
46602 29505
46702 23610
46802 32227
46902 15885
47002 4834
47102 7159
47202 53262
47302 34866
47402 43174
47502 50712
47602 57958
47702 45911
47802 29607
47902 63059
48002 42221
48102 46849
48202 56266
48302 41717
48402 22683
48502 35620
48602 53030
48702 44481
48802 61
48902 54817
49002 50128
49102 28983
49202 25945
49302 49533
49402 7743
49502 51458
49602 36839
49702 39051
49802 63610
49902 58404
50002 56605
50102 45612
50202 40715
50302 22343
50402 34043
50502 46208
50602 15694
50702 25412
50802 64191
50902 10596
51002 21891
51102 32577
51202 15257
51302 4322
51402 922
51502 41619
51602 37676
51702 39203
51802 63851
51902 4518
52002 35
52102 64316
52202 53747
52302 6496
52402 5124
52502 32035
52602 7148
52702 29398
52802 6210
52902 45171
53002 31530
53102 21379
53202 2029
53302 60286
53402 5322
53502 38861
53602 61439
53702 5643
53802 65160
53902 11342
54002 22086
54102 36967
54202 39550
54302 41784
54402 20186
54502 4780
54602 36887
54702 22040
54802 25108
54902 5348
55002 25156
55102 41193
55202 5324
55302 41188
55402 11457
55502 57418
55602 62955
55702 11646
55802 59629
55902 62280
56002 31362
56102 32118
56202 60134
56302 23166
56402 35904
56502 35362
56602 51058
56702 6727
56802 44394
56902 58255
57002 10361
57102 20955
57202 15652
57302 32376
57402 26382
57502 40433
57602 24955
57702 3922
57802 4208
57902 26208
58002 46437
58102 43286
58202 56567
58302 46104
58402 48167
58502 29107
58602 42747
58702 28011
58802 38484
58902 45925
59002 38885
59102 1113
59202 45316
59302 30753
59402 22530
59502 27834
59602 45345
59702 53100
59802 4011
59902 38590
60002 33355
60102 56584
60202 31146
60302 24593
60402 54967
60502 55437
60602 42361
60702 30726
60802 64223
60902 29135
61002 47830
61102 16509
61202 21095
61302 42449
61402 21314
61502 29068
61602 32075
61702 10732
61802 23337
61902 13613
62002 24546
62102 46483
62202 16726
62302 8436
62402 35478
62502 44111
62602 14859
62702 46289
62802 7701
62902 53206
63002 12043
63102 64586
63202 30888
63302 18369
63402 39126
63502 10569
63602 25175
63702 38644
63802 39033
63902 61509
64002 3352
64102 5049
64202 53003
64302 29817
64402 53495
64502 52120
64602 49648
64702 58934
64802 21584
64902 37913
65002 10681
65102 16463
65202 7886
65302 184
65402 36012
65502 38686
65602 44653
65702 37418
65802 61578
65902 12221
66002 51034
66102 33001
66202 27068
66302 14934
66402 38278
66502 5380
66602 43627
66702 9068
66802 13481
66902 18970
67002 53294
67102 19519
67202 17290
67302 55303
67402 64539
67502 55967
67602 32354
67702 8956
67802 15257
67902 33751
68002 40098
68102 8374
68202 42062
68302 30006
68402 10949
68502 33816
68602 47423
68702 24890
68802 64816
68902 38095
69002 7897
69102 20802
69202 39694
69302 50424
69402 43390
69502 26732
69602 29801
69702 23668
69802 7477
69902 62679
70002 34249
70102 50227
70202 387
70302 61478
70402 65312
70502 10155
70602 55991
70702 14448
70802 25480
70902 34478
71002 54624
71102 53532
71202 13966
71302 14282
71402 28747
71502 30491
71602 61840
71702 35652
71802 46709
71902 294
72002 39931
72102 51642
72202 46017
72302 24665
72402 14485
72502 14707
72602 62100
72702 13729
72802 60822
72902 1924
73002 14728
73102 59914
73202 20635
73302 44022
73402 35860
73502 65366
73602 27711
73702 36493
73802 62301
73902 19418
74002 23018
74102 13935
74202 42654
74302 50502
74402 32686
74502 13342
74602 34614
74702 40303
74802 22225
74902 14141
75002 6586
75102 47058
75202 12002
75302 17699
75402 19617
75502 2409
75602 55181
75702 35179
75802 48303
75902 48817
76002 9093
76102 36143
76202 28001
76302 50673
76402 21509
76502 25505
76602 35068
76702 44779
76802 4343
76902 23649
77002 52498
77102 2368
77202 18120
77302 30953
77402 37230
77502 20756
77602 61416
77702 32216
77802 30659
77902 32308
78002 16206
78102 63286
78202 53532
78302 32113
78402 43908
78502 47423
78602 1600
78702 31817
78802 35197
78902 29212
79002 42288
79102 15914
79202 10552
79302 53379
79402 350
79502 65290
79602 30154
79702 28483
79802 33136
79902 31746
80002 18472
80102 58353
80202 40426
80302 38418
80402 5059
80502 6803
80602 26053
80702 38313
80802 51097
80902 28635
81002 24825
81102 28229
81202 45766
81302 30141
81402 10098
81502 33514
81602 53700
81702 35475
81802 56255
81902 62155
82002 736
82102 10511
82202 26015
82302 23167
82402 57505
82502 45924
82602 2547
82702 56417
82802 64856
82902 62602
83002 47414
83102 40831
83202 11138
83302 44212
83402 33147
83502 53363
83602 51015
83702 27283
83802 21761
83902 48437
84002 64299
84102 31324
84202 56633
84302 55822
84402 25175
84502 20350
84602 40960
84702 8756
84802 36524
84902 35314
85002 8333
85102 49677
85202 6936
85302 59623
85402 44300
85502 4896
85602 57941
85702 39901
85802 31814
85902 65098
86002 15756
86102 60256
86202 42004
86302 10596
86402 39643
86502 10014
86602 48254
86702 52515
86802 38361
86902 60532
87002 17055
87102 52935
87202 34020
87302 59345
87402 53280
87502 23558
87602 19267
87702 20464
87802 19804
87902 43886
88002 30668
88102 55066
88202 31069
88302 40899
88402 8427
88502 24821
88602 54125
88702 45166
88802 10777
88902 20453
89002 22193
89102 3890
89202 63141
89302 42872
89402 34419
89502 22767
89602 6316
89702 16771
89802 3995
89902 21553
90002 55718
90102 697
