102 3199
202 62012
302 31338
402 911
502 8592
602 37211
702 53056
802 7960
902 29388
1002 43588
1102 30939
1202 20846
1302 22504
1402 33765
1502 35184
1602 17543
1702 48851
1802 31080
1902 63638
2002 54150
2102 10983
2202 26059
2302 12452
2402 48874
2502 11722
2602 59116
2702 46695
2802 2414
2902 3949
3002 4157
3102 19201
3202 18087
3302 6380
3402 11480
3502 32111
3602 12877
3702 26465
3802 64189
3902 34718
4002 264
4102 49986
4202 790
4302 31163
4402 6528
4502 48669
4602 59308
4702 7882
4802 56569
4902 48327
5002 28256
5102 45001
5202 28242
5302 34097
5402 15076
5502 57361
5602 36802
5702 27711
5802 59294
5902 8922
6002 11712
6102 34017
6202 22676
6302 14261
6402 49612
6502 17106
6602 57726
6702 20630
6802 11400
6902 56408
7002 11584
7102 61045
7202 2647
7302 58594
7402 1779
7502 11460
7602 54343
7702 49625
7802 29919
7902 64819
8002 20144
8102 30628
8202 53983
8302 63417
8402 4834
8502 62975
8602 18589
8702 31363
8802 35817
8902 22635
9002 22781
9102 9808
9202 17861
9302 59033
9402 34862
9502 24640
9602 61921
9702 57478
9802 57508
9902 56892
10002 3678
10102 16502
10202 54653
10302 6274
10402 51723
10502 17262
10602 39342
10702 58014
10802 61067
10902 39281
11002 24445
11102 16604
11202 4668
11302 11882
11402 29144
11502 61768
11602 43623
11702 52600
11802 37429
11902 56090
12002 30765
12102 37377
12202 1202
12302 2116
12402 5073
12502 28651
12602 17864
12702 47133
12802 7891
12902 61720
13002 47246
13102 18620
13202 44640
13302 39205
13402 10509
13502 61029
13602 18339
13702 9983
13802 51796
13902 51271
14002 57883
14102 30381
14202 30201
14302 45931
14402 47283
14502 58426
14602 59770
14702 9172
14802 62893
14902 64165
15002 63553
15102 50801
15202 64975
15302 7865
15402 47664
15502 32244
15602 14142
15702 4445
15802 39159
15902 1257
16002 37123
16102 32997
16202 53471
16302 61327
16402 42206
16502 34787
16602 4233
16702 8321
16802 18984
16902 50852
17002 39939
17102 21195
17202 40920
17302 3304
17402 49825
17502 54920
17602 64530
17702 15757
17802 42937
17902 36086
18002 28243
18102 36408
18202 7579
18302 64364
18402 29371
18502 33293
18602 53379
18702 36468
18802 33955
18902 6350
19002 60970
19102 17206
19202 3165
19302 7906
19402 6457
19502 33441
19602 53368
19702 33972
19802 57894
19902 65164
20002 23272
20102 43682
20202 61624
20302 20333
20402 42794
20502 53796
20602 58194
20702 11051
20802 18126
20902 32348
21002 9582
21102 29121
21202 14333
21302 59611
21402 43253
21502 16518
21602 641
21702 40108
21802 51197
21902 55961
22002 6128
22102 49943
22202 33103
22302 62727
22402 8238
22502 20343
22602 37910
22702 61413
22802 36638
22902 50509
23002 22469
23102 22541
23202 37167
23302 39100
23402 27904
23502 36800
23602 6819
23702 41006
23802 24987
23902 38204
24002 49434
24102 58669
24202 3549
24302 46971
24402 7917
24502 997
24602 3247
24702 10251
24802 23564
24902 50761
25002 34045
25102 10658
25202 51411
25302 23013
25402 42352
25502 33108
25602 16254
25702 7074
25802 36020
25902 22592
26002 38433
26102 18866
26202 45429
26302 62099
26402 22590
26502 45265
26602 42365
26702 9390
26802 38124
26902 21209
27002 41908
27102 63768
27202 27071
27302 23440
27402 64346
27502 4214
27602 46690
27702 61908
27802 33265
27902 53019
28002 17753
28102 3891
28202 31056
28302 46785
28402 18824
28502 60112
28602 482
28702 45607
28802 34737
28902 31757
29002 19948
29102 33982
29202 55852
29302 63861
29402 64857
29502 21400
29602 60388
29702 15423
29802 34343
29902 25849
30002 41354
30102 20968
30202 15188
30302 16229
30402 50267
30502 47600
30602 27414
30702 62658
30802 19001
30902 9190
31002 62386
31102 7359
31202 6645
31302 14225
31402 33698
31502 64779
31602 10808
31702 11394
31802 26271
31902 18993
32002 40207
32102 37509
32202 50269
32302 31861
32402 26150
32502 21265
32602 14367
32702 20928
32802 48847
32902 61326
33002 31266
33102 61004
33202 52589
33302 62865
33402 31493
33502 17260
33602 65374
33702 1800
33802 44358
33902 48882
34002 48387
34102 26038
34202 12793
34302 8421
34402 32166
34502 39787
34602 12044
34702 32959
34802 27929
34902 26734
35002 6374
35102 64209
35202 39797
35302 59730
35402 28995
35502 505
35602 2426
35702 30569
35802 62158
35902 10652
36002 9163
36102 52860
36202 40990
36302 3212
36402 7158
36502 61697
36602 10775
36702 42337
36802 59739
36902 31693
37002 15619
37102 20353
37202 32681
37302 3946
37402 45525
37502 61725
37602 32789
37702 19542
37802 45493
37902 4529
38002 18624
38102 63225
38202 40731
38302 62266
38402 17816
38502 58250
38602 59279
38702 4253
38802 11901
38902 50412
39002 18180
39102 61067
39202 9520
39302 20415
39402 58336
39502 65288
39602 40889
39702 25732
39802 24702
39902 22954
40002 40263
40102 6319
40202 43915
40302 20013
40402 43429
40502 27729
40602 46898
40702 45549
40802 31820
40902 57286
41002 42074
41102 8937
41202 1308
41302 54525
41402 6314
41502 11060
41602 12300
41702 10125
41802 15677
41902 35595
42002 6556
42102 24885
42202 16299
42302 57858
42402 38431
42502 57424
42602 41547
42702 43083
42802 2423
42902 25013
43002 34442
43102 22872
43202 46261
43302 53568
43402 65331
43502 4918
43602 22613
43702 27807
43802 34842
43902 46742
44002 17734
44102 8066
44202 25622
44302 6204
44402 15610
44502 39465
44602 31824
44702 9282
44802 21646
44902 24133
45002 35327
45102 62439
45202 36607
45302 46730
45402 29730
45502 59
45602 57235
45702 51458
45802 22846
45902 52564
46002 6030
46102 26577
46202 44451
46302 46163
46402 49834
46502 3052
46602 63638
46702 44204
46802 18840
46902 51292
47002 21503
47102 17263
47202 1033
47302 33557
47402 19678
47502 31940
47602 27689
47702 59394
47802 41616
47902 58095
48002 42169
48102 756
48202 20708
48302 30153
48402 31373
48502 19428
48602 47793
48702 33476
48802 8026
48902 44737
49002 64256
49102 52989
49202 5368
49302 26574
49402 20480
49502 3632
49602 3096
49702 14512
49802 23440
49902 3769
50002 5006
50102 15296
50202 50263
50302 41952
50402 40509
50502 3371
50602 24875
50702 21849
50802 8829
50902 42968
51002 26728
51102 22118
51202 27695
51302 23379
51402 21294
51502 22013
51602 10843
51702 26432
51802 48008
51902 13118
52002 20634
52102 19361
52202 42443
52302 50069
52402 61842
52502 39117
52602 43923
52702 32922
52802 2437
52902 59354
53002 17343
53102 35867
53202 2683
53302 24117
53402 10913
53502 60149
53602 56451
53702 50122
53802 14674
53902 29970
54002 42760
54102 55540
54202 42067
54302 10744
54402 54400
54502 3243
54602 8418
54702 15068
54802 23228
54902 63909
55002 14916
55102 23712
55202 51310
55302 4170
55402 59178
55502 13257
55602 26726
55702 45082
55802 36431
55902 10764
56002 30375
56102 49608
56202 36281
56302 50602
56402 5396
56502 52434
56602 16168
56702 39683
56802 36832
56902 1607
57002 8569
57102 4655
57202 11744
57302 50186
57402 12565
57502 11236
57602 40465
57702 44880
57802 19110
57902 25623
58002 44989
58102 19621
58202 30918
58302 22514
58402 5850
58502 33197
58602 37895
58702 21629
58802 24827
58902 14080
59002 47418
59102 29168
59202 12190
59302 4119
59402 3111
59502 31569
59602 32101
59702 31289
59802 54972
59902 53868
60002 11077
60102 18703
60202 2062
60302 22920
60402 1929
60502 44183
60602 62744
60702 4913
60802 19175
60902 2912
61002 30716
61102 46184
61202 50074
61302 12752
61402 48124
61502 21152
61602 41867
61702 33880
61802 7922
61902 22910
62002 32941
62102 22398
62202 50038
62302 37656
62402 40150
62502 24090
62602 23584
62702 53070
62802 44352
62902 14031
63002 32317
63102 21154
63202 41055
63302 30944
63402 6784
63502 37344
63602 56032
63702 4181
63802 9975
63902 49794
64002 33057
64102 7610
64202 5019
64302 29905
64402 36881
64502 4608
64602 30032
64702 12770
64802 39161
64902 22684
65002 8193
65102 42794
65202 44356
65302 16939
65402 39548
65502 45800
65602 56123
65702 5673
65802 40631
65902 4577
66002 58562
66102 8780
66202 49154
66302 7102
66402 5959
66502 58642
66602 60859
66702 53693
66802 59949
66902 44480
67002 12636
67102 56896
67202 10444
67302 34914
67402 44423
67502 30266
67602 17077
67702 31757
67802 6943
67902 18793
68002 35749
68102 61443
68202 55308
68302 42756
68402 54564
68502 8922
68602 52742
68702 16968
68802 27761
68902 6410
69002 9097
69102 35525
69202 51945
69302 52372
69402 42424
69502 32090
69602 2625
69702 62461
69802 47017
69902 59416
70002 5055
70102 17751
70202 30313
70302 10210
70402 8486
70502 23901
70602 40078
70702 40115
70802 54127
70902 32625
71002 55850
71102 57418
71202 33618
71302 26493
71402 8714
71502 21343
71602 34670
71702 32925
71802 57827
71902 39786
72002 25099
72102 47238
72202 56347
72302 61130
72402 60650
72502 12565
72602 23622
72702 770
72802 51256
72902 49144
73002 15271
73102 12213
73202 34602
73302 2608
73402 10118
73502 47115
73602 63431
73702 11667
73802 43603
73902 25572
74002 17618
74102 29735
74202 52342
74302 8932
74402 51220
74502 42190
74602 40220
74702 42419
74802 29500
74902 37183
75002 44517
75102 50568
75202 61339
75302 28449
75402 18054
75502 38328
75602 64837
75702 47356
75802 57486
75902 40081
76002 59416
76102 6744
76202 28802
76302 56896
76402 47898
76502 15864
76602 1879
76702 15062
76802 47943
76902 15515
77002 8378
77102 1203
77202 35641
77302 11378
77402 15596
77502 13659
77602 25434
77702 26286
77802 38145
77902 25239
78002 46223
78102 48115
78202 21196
78302 44975
78402 12393
78502 819
78602 61477
78702 62190
78802 22816
78902 49240
79002 4661
79102 47591
79202 31863
79302 9568
79402 51576
79502 37530
79602 7171
79702 56107
79802 30053
79902 65207
80002 6606
80102 10557
80202 56804
80302 31707
80402 1664
80502 33326
80602 38807
80702 26112
80802 39889
80902 41927
81002 50981
81102 63317
81202 54167
81302 1209
81402 56971
81502 16383
81602 16467
81702 8924
81802 33315
81902 15313
82002 34800
82102 47671
82202 6287
82302 2720
82402 29376
82502 27324
82602 1671
82702 16501
82802 41657
82902 32055
83002 46373
83102 55958
83202 26352
83302 37986
83402 52852
83502 8631
83602 15629
83702 43835
83802 55158
83902 51953
84002 6608
84102 24820
84202 11385
84302 57623
84402 11716
84502 9181
84602 23927
84702 32875
84802 48865
84902 52882
85002 6195
85102 54900
85202 11851
85302 24074
85402 11830
85502 16727
85602 14228
85702 24705
85802 49691
85902 39143
86002 48028
86102 55129
86202 30782
86302 5979
86402 56908
86502 136
86602 19048
86702 13040
86802 23246
86902 13922
87002 39116
87102 31136
87202 19248
87302 21296
87402 65136
87502 37838
87602 62228
87702 60309
87802 24032
87902 31620
88002 45179
88102 36349
88202 63579
88302 15725
88402 23219
88502 20985
88602 28510
88702 7654
88802 35302
88902 21366
89002 33709
89102 20016
89202 6456
89302 39724
89402 40888
89502 29260
89602 2197
89702 43042
89802 25816
89902 23149
90002 56602
90102 13789
90202 55284
90302 35122
90402 20515
90502 20613
