102 42653
202 53572
302 23053
402 54719
502 47206
602 55157
702 19486
802 10825
902 21935
1002 42453
1102 29867
1202 46680
1302 15318
1402 32159
1502 1607
1602 30819
1702 57636
1802 61750
1902 28125
2002 29666
2102 47286
2202 46233
2302 54171
2402 29945
2502 36866
2602 28075
2702 31854
2802 41054
2902 225
3002 15578
3102 39226
3202 27606
3302 16628
3402 9497
3502 42321
3602 59567
3702 1956
3802 1641
3902 41414
4002 38867
4102 38436
4202 60029
4302 2588
4402 15861
4502 7666
4602 53775
4702 37586
4802 31099
4902 61015
5002 35707
5102 53436
5202 56500
5302 832
5402 48541
5502 14164
5602 19260
5702 10932
5802 22525
5902 26333
6002 38323
6102 52282
6202 29751
6302 8158
6402 37532
6502 16361
6602 39547
6702 44444
6802 60552
6902 6941
7002 25583
7102 35293
7202 15001
7302 62731
7402 3851
7502 20518
7602 31658
7702 42710
7802 28360
7902 1517
8002 15624
8102 62528
8202 10035
8302 30759
8402 21446
8502 25034
8602 50523
8702 15112
8802 2539
8902 15376
9002 54967
9102 53771
9202 32128
9302 53271
9402 23971
9502 23322
9602 46437
9702 9141
9802 41686
9902 5500
10002 41728
10102 63712
10202 9089
10302 62708
10402 7729
10502 36517
10602 8420
10702 59150
10802 25456
10902 27585
11002 28820
11102 59032
11202 6955
11302 29795
11402 61833
11502 1816
11602 29678
11702 28531
11802 62318
11902 2819
12002 45408
12102 1741
12202 10471
12302 18792
12402 64642
12502 42705
12602 42366
12702 340
12802 34144
12902 7207
13002 28658
13102 52087
13202 31459
13302 46736
13402 52456
13502 34084
13602 37747
13702 36959
13802 8245
13902 24508
14002 56818
14102 53631
14202 60900
14302 26018
14402 48022
14502 16899
14602 19574
14702 33067
14802 36984
14902 11211
15002 39839
15102 36452
15202 31176
15302 44012
15402 55552
15502 5627
15602 24781
15702 2069
15802 23894
15902 53653
16002 23966
16102 15500
16202 725
16302 61507
16402 48658
16502 56041
16602 28066
16702 33174
16802 61675
16902 44832
17002 339
17102 15385
17202 45610
17302 34436
17402 60236
17502 58026
17602 33395
17702 50964
17802 22107
17902 31512
18002 38677
18102 57168
18202 60491
18302 40435
18402 47206
18502 6216
18602 53942
18702 24484
18802 57772
18902 45431
19002 13428
19102 23183
19202 7696
19302 34412
19402 21165
19502 61027
19602 3239
19702 44252
19802 11397
19902 14662
20002 31260
20102 34763
20202 12077
20302 43333
20402 48222
20502 50251
20602 8080
20702 35128
20802 52182
20902 44440
21002 38519
21102 55938
21202 30994
21302 33584
21402 57840
21502 32325
21602 16993
21702 53810
21802 13274
21902 64896
22002 64033
22102 38956
22202 36305
22302 64605
22402 61912
22502 21109
22602 36430
22702 57883
22802 5638
22902 46437
23002 9699
23102 22259
23202 23774
23302 7296
23402 1062
23502 11415
23602 27943
23702 17485
23802 43266
23902 51962
24002 36134
24102 2199
24202 20502
24302 51023
24402 2455
24502 53839
24602 3047
24702 32758
24802 35337
24902 18673
25002 18556
25102 32750
25202 33922
25302 2265
25402 16501
25502 63967
25602 11623
25702 64056
25802 61173
25902 48339
26002 32325
26102 19541
26202 61548
26302 19549
26402 35494
26502 34160
26602 22491
26702 50865
26802 16439
26902 12105
27002 24182
27102 46413
27202 53327
27302 30535
27402 58000
27502 31615
27602 19146
27702 34845
27802 63229
27902 25302
28002 65463
28102 15849
28202 42456
28302 57001
28402 4031
28502 17379
28602 30150
28702 50304
28802 58604
28902 36401
29002 16593
29102 39568
29202 44146
29302 21828
29402 30741
29502 22713
29602 40502
29702 42501
29802 50708
29902 37668
30002 37562
30102 21104
30202 27144
30302 17275
30402 57111
30502 61344
30602 24344
30702 18962
30802 53610
30902 28852
31002 33917
31102 18514
31202 48241
31302 10960
31402 53551
31502 45272
31602 34227
31702 30410
31802 54735
31902 43661
32002 39948
32102 23853
32202 49959
32302 45614
32402 42684
32502 20097
32602 48480
32702 19754
32802 55072
32902 62711
33002 56335
33102 41965
33202 15047
33302 34082
33402 48035
33502 50265
33602 61206
33702 38437
33802 18229
33902 16604
34002 43280
34102 38440
34202 19056
34302 30839
34402 62931
34502 464
34602 53566
34702 56012
34802 31473
34902 8292
35002 35624
35102 35918
35202 32580
35302 2885
35402 50544
35502 17657
35602 8908
35702 52441
35802 64217
35902 59668
36002 30129
36102 22247
36202 12522
36302 46539
36402 12950
36502 9909
36602 28263
36702 45522
36802 14492
36902 44763
37002 63436
37102 17343
37202 46259
37302 51546
37402 23185
37502 21492
37602 23635
37702 12905
37802 15734
37902 5155
38002 47101
38102 65448
38202 17657
38302 12536
38402 56495
38502 59751
38602 23567
38702 58950
38802 32573
38902 38267
39002 28307
39102 7662
39202 24289
39302 41589
39402 17870
39502 42219
39602 22788
39702 32084
39802 31378
39902 18038
40002 12627
40102 25740
40202 38444
40302 44515
40402 7226
40502 52598
40602 38356
40702 37809
40802 56200
40902 32772
41002 46705
41102 8652
41202 4276
41302 8460
41402 18884
41502 32354
41602 23008
41702 31878
41802 33229
41902 15023
42002 7385
42102 10839
42202 29454
42302 16815
42402 27246
42502 24701
42602 47412
42702 58415
42802 14109
42902 54203
43002 43642
43102 48424
43202 18229
43302 24841
43402 40082
43502 54334
43602 2583
43702 27320
43802 37151
43902 25892
44002 51595
44102 36464
44202 27177
44302 36851
44402 4196
44502 50786
44602 25659
44702 3824
44802 40648
44902 46850
45002 46445
45102 61951
45202 10604
45302 31062
45402 30713
45502 65084
45602 28768
45702 50676
45802 1586
45902 33543
46002 62882
46102 29353
46202 8935
46302 44460
46402 45024
46502 35265
46602 51802
46702 53054
46802 44847
46902 9746
47002 50380
47102 55654
47202 41215
47302 62739
47402 4531
47502 30863
47602 46208
47702 16044
47802 63213
47902 48323
48002 36614
48102 49484
48202 40724
48302 1294
48402 35836
48502 18321
48602 55363
48702 28976
48802 48394
48902 13555
49002 55202
49102 13851
49202 25492
49302 22001
49402 37405
49502 57924
49602 27864
49702 17422
49802 55587
49902 31254
50002 16300
50102 63709
50202 583
50302 65161
50402 35460
50502 54997
50602 18542
50702 9577
50802 13078
50902 20057
51002 23812
51102 10392
51202 1279
51302 57311
51402 38680
51502 50740
51602 21975
51702 4823
51802 23652
51902 55555
52002 38704
52102 52105
52202 40794
52302 17427
52402 38415
52502 50439
52602 62117
52702 37381
52802 47944
52902 40657
53002 8586
53102 60646
53202 11846
53302 6522
53402 60159
53502 56936
53602 16960
53702 36343
53802 29403
53902 8140
54002 21605
54102 63252
54202 19141
54302 28418
54402 28614
54502 22168
54602 9170
54702 22939
54802 47903
54902 37519
55002 11029
55102 15986
55202 10740
55302 62961
55402 15428
55502 32715
55602 8981
55702 10123
55802 4049
55902 16010
56002 36610
56102 53542
56202 912
56302 16562
56402 39438
56502 23795
56602 21585
56702 54748
56802 3799
56902 17469
57002 35186
57102 2805
57202 25485
57302 37300
57402 31908
57502 56238
57602 14460
57702 45950
57802 14411
57902 7848
58002 3195
58102 41867
58202 57819
58302 46743
58402 48751
58502 57394
58602 33528
58702 12831
58802 44404
58902 41411
59002 29722
59102 20211
59202 65457
59302 10919
59402 65282
59502 44805
59602 31147
59702 59913
59802 2948
59902 44504
60002 12414
60102 30921
60202 34207
60302 22564
60402 61114
60502 51529
60602 48035
60702 56798
60802 42349
60902 2232
61002 14638
61102 55017
61202 19323
61302 49432
61402 9485
61502 9330
61602 47605
61702 54365
61802 26553
61902 42593
62002 53934
62102 47236
62202 57990
62302 15884
62402 26768
62502 26131
62602 244
62702 31231
62802 14805
62902 35700
63002 61655
63102 10920
63202 45100
63302 9809
63402 38662
63502 48940
63602 36629
63702 19195
63802 23737
63902 9306
64002 6823
64102 56307
64202 54836
64302 65399
64402 45786
64502 53823
64602 8049
64702 36066
64802 11043
64902 15329
65002 15368
65102 31551
65202 57574
65302 15940
65402 4228
65502 2612
65602 8362
65702 31048
65802 13987
65902 8854
66002 58275
66102 3018
66202 25172
66302 38813
66402 25080
66502 26662
66602 48535
66702 28474
66802 11148
66902 21458
67002 45081
67102 16005
67202 55985
67302 42311
67402 33890
67502 13422
67602 24984
67702 55
67802 8593
67902 6564
68002 31506
68102 31451
68202 35150
68302 42271
68402 36652
68502 5798
68602 21259
68702 21959
68802 36961
68902 50524
69002 60274
69102 6631
69202 54903
69302 4535
69402 45924
69502 35609
69602 2004
69702 28491
69802 41034
69902 24285
70002 51602
70102 19740
70202 51720
70302 32721
70402 52095
70502 30430
70602 55527
70702 11053
70802 7641
70902 42377
71002 55159
71102 59777
71202 15465
71302 59997
71402 2455
71502 47941
71602 16164
71702 17638
71802 15334
71902 57533
72002 27267
72102 20536
72202 53611
72302 4816
72402 7888
72502 58973
72602 65019
72702 32177
72802 38809
72902 64232
73002 14085
73102 12128
73202 38936
73302 47489
73402 47116
73502 57851
73602 32504
73702 52481
73802 7257
73902 24849
74002 61770
74102 37432
74202 22714
74302 40352
74402 41275
74502 57728
74602 13733
74702 12809
74802 22928
74902 47565
75002 39308
75102 63425
75202 38135
75302 39665
75402 4656
75502 14218
75602 39318
75702 35389
75802 38458
75902 12575
76002 51903
76102 49205
76202 1286
76302 14237
76402 1604
76502 25110
76602 42990
76702 114
76802 47853
76902 335
77002 61653
77102 11504
77202 18420
77302 43220
77402 5701
77502 39872
77602 44297
77702 26759
77802 4643
77902 13920
78002 46968
78102 57542
78202 42861
78302 47320
78402 45237
78502 48994
78602 22897
78702 30505
78802 9885
78902 36418
79002 23414
79102 50433
79202 65071
79302 52735
79402 28569
79502 9384
79602 29224
79702 53314
79802 3473
79902 65058
80002 12189
80102 44910
80202 15886
80302 49607
80402 37239
80502 1794
80602 16518
80702 3667
80802 10174
80902 12106
81002 24856
81102 36401
81202 63657
81302 28907
81402 53985
81502 49468
81602 20317
81702 24743
81802 53135
81902 13200
82002 56318
82102 49439
82202 13254
82302 6323
82402 19417
82502 16979
82602 22002
82702 4664
82802 36461
82902 12714
83002 5562
83102 59912
83202 36036
83302 43872
83402 22284
83502 17779
83602 14962
83702 18361
83802 45169
83902 39259
84002 19129
84102 30850
84202 31009
84302 60653
84402 25766
84502 43505
84602 15949
84702 52352
84802 12936
84902 15196
85002 22961
85102 35569
85202 55582
85302 25284
85402 39643
85502 28565
85602 54299
85702 63144
85802 11850
85902 49097
86002 39256
86102 33411
86202 9779
86302 18474
86402 43265
86502 27513
86602 48173
86702 30923
86802 20735
86902 24642
87002 4825
87102 38799
87202 48061
87302 62467
87402 31836
87502 38197
87602 58085
87702 7665
87802 22952
87902 8692
88002 60519
88102 23853
88202 61806
88302 6509
88402 58872
88502 49813
88602 29144
88702 37258
88802 52167
88902 48259
89002 10538
89102 48461
89202 52597
89302 56941
89402 8315
89502 32356
89602 42398
89702 40146
89802 52056
89902 2483
90002 54773
90102 58077
90202 41947
