102 41605
202 64627
302 58214
402 17087
502 31358
602 14443
702 64737
802 49929
902 31102
1002 12449
1102 28617
1202 15111
1302 59665
1402 9819
1502 12143
1602 43404
1702 46542
1802 63702
1902 11777
2002 16112
2102 43667
2202 11580
2302 45501
2402 21688
2502 1930
2602 18393
2702 60762
2802 23553
2902 61218
3002 29167
3102 48304
3202 63227
3302 3088
3402 44395
3502 45598
3602 3018
3702 50281
3802 20229
3902 56296
4002 35044
4102 33602
4202 53459
4302 10404
4402 15177
4502 15244
4602 18514
4702 939
4802 45128
4902 51070
5002 8082
5102 248
5202 40870
5302 23603
5402 53806
5502 54714
5602 2612
5702 33887
5802 21468
5902 25653
6002 30812
6102 57274
6202 13579
6302 5011
6402 25381
6502 31161
6602 56757
6702 21159
6802 25734
6902 26434
7002 57199
7102 7762
7202 15282
7302 61215
7402 41938
7502 12256
7602 59893
7702 51038
7802 16556
7902 27740
8002 23611
8102 54881
8202 14200
8302 7325
8402 60788
8502 26848
8602 26371
8702 45782
8802 56866
8902 56332
9002 46920
9102 13220
9202 51343
9302 23188
9402 8514
9502 2261
9602 11198
9702 57675
9802 50482
9902 52510
10002 1431
10102 58972
10202 11601
10302 12951
10402 28682
10502 33178
10602 27065
10702 18492
10802 38336
10902 43990
11002 43813
11102 13943
11202 29837
11302 60417
11402 25005
11502 10590
11602 61967
11702 1969
11802 4468
11902 65326
12002 26177
12102 32252
12202 22861
12302 46824
12402 14110
12502 12754
12602 15789
12702 48801
12802 45461
12902 65289
13002 33417
13102 44860
13202 62763
13302 20603
13402 55385
13502 57152
13602 28010
13702 55449
13802 57701
13902 24922
14002 58206
14102 20644
14202 9655
14302 6155
14402 35065
14502 39223
14602 44255
14702 27349
14802 4043
14902 54068
15002 49518
15102 58734
15202 435
15302 6331
15402 11016
15502 30357
15602 23745
15702 51534
15802 32725
15902 39020
16002 15160
16102 39651
16202 58284
16302 63696
16402 43850
16502 32550
16602 48898
16702 32016
16802 2207
16902 24285
17002 10029
17102 20288
17202 62911
17302 9899
17402 38472
17502 31301
17602 930
17702 45645
17802 36995
17902 1479
18002 21654
18102 54032
18202 4447
18302 33243
18402 19491
18502 35412
18602 13874
18702 50085
18802 24359
18902 40239
19002 5412
19102 37285
19202 24511
19302 31385
19402 63119
19502 44944
19602 25997
19702 4677
19802 53389
19902 6750
20002 12292
20102 53701
20202 38666
20302 21290
20402 52003
20502 18520
20602 56732
20702 26810
20802 171
20902 57125
21002 6049
21102 3972
21202 28225
21302 28678
21402 48396
21502 32483
21602 23767
21702 51196
21802 53583
21902 12962
22002 39302
22102 65331
22202 21706
22302 20452
22402 23155
22502 21830
22602 58571
22702 64366
22802 28483
22902 830
23002 18907
23102 57264
23202 24933
23302 59228
23402 23898
23502 65396
23602 16159
23702 49132
23802 33472
23902 23219
24002 10539
24102 55740
24202 37795
24302 13252
24402 35959
24502 49780
24602 31582
24702 50602
24802 22902
24902 13457
25002 8619
25102 55504
25202 19276
25302 1018
25402 31897
25502 6660
25602 10423
25702 55948
25802 9874
25902 16425
26002 63447
26102 30326
26202 2512
26302 40927
26402 37243
26502 18584
26602 52798
26702 4951
26802 55070
26902 12974
27002 32696
27102 16531
27202 43216
27302 29976
27402 12847
27502 16714
27602 18155
27702 58316
27802 20417
27902 55400
28002 1294
28102 51964
28202 2725
28302 10870
28402 33677
28502 32920
28602 4175
28702 25399
28802 4782
28902 61943
29002 51927
29102 59874
29202 15281
29302 17472
29402 18853
29502 44787
29602 34634
29702 59093
29802 60621
29902 50738
30002 35917
30102 9468
30202 18407
30302 38227
30402 20336
30502 54022
30602 23397
30702 21437
30802 37413
30902 31945
31002 49513
31102 35347
31202 55840
31302 32405
31402 52292
31502 14569
31602 50822
31702 20121
31802 42715
31902 22742
32002 369
32102 9289
32202 15150
32302 2532
32402 5865
32502 60220
32602 21138
32702 15695
32802 61223
32902 50662
33002 44511
33102 57970
33202 18703
33302 11045
33402 16117
33502 55172
33602 18127
33702 50682
33802 25955
33902 9039
34002 6968
34102 54049
34202 63499
34302 35574
34402 41906
34502 1766
34602 14168
34702 63861
34802 15947
34902 47744
35002 37837
35102 4064
35202 34667
35302 32839
35402 15559
35502 34528
35602 8817
35702 57644
35802 62372
35902 42416
36002 17405
36102 31150
36202 45921
36302 53285
36402 27411
36502 56534
36602 9227
36702 22079
36802 50117
36902 55420
37002 14900
37102 64488
37202 58784
37302 39938
37402 64905
37502 56003
37602 55048
37702 18205
37802 51227
37902 32232
38002 45759
38102 28645
38202 20636
38302 15053
38402 49979
38502 1300
38602 28513
38702 10511
38802 25437
38902 55029
39002 60751
39102 25262
39202 14983
39302 16126
39402 20355
39502 23721
39602 54932
39702 64512
39802 37409
39902 23348
40002 34537
40102 6514
40202 1137
40302 25937
40402 17924
40502 2824
40602 54008
40702 2216
40802 14001
40902 27504
41002 6469
41102 26059
41202 21729
41302 20131
41402 41684
41502 62737
41602 47178
41702 45356
41802 60256
41902 3517
42002 17330
42102 22058
42202 33294
42302 43822
42402 45824
42502 21316
42602 2705
42702 3515
42802 13063
42902 33056
43002 8914
43102 37259
43202 40960
43302 37129
43402 57552
43502 3149
43602 7453
43702 26190
43802 12383
43902 19373
44002 62010
44102 60139
44202 5985
44302 58121
44402 20554
44502 13181
44602 33000
44702 44948
44802 17012
44902 39003
45002 18780
45102 39332
45202 53303
45302 52470
45402 47934
45502 21432
45602 58822
45702 52757
45802 4551
45902 13482
46002 46326
46102 51500
46202 50427
46302 45728
46402 16020
46502 52596
46602 45710
46702 7973
46802 63637
46902 22680
47002 36176
47102 3145
47202 44182
47302 22924
47402 16873
47502 36471
47602 9823
47702 55213
47802 40205
47902 36816
48002 15047
48102 18419
48202 26188
48302 19090
48402 4820
48502 21479
48602 6292
48702 41941
48802 56510
48902 1736
49002 61990
49102 23790
49202 41255
49302 55133
49402 61599
49502 13764
49602 43321
49702 43619
49802 58006
49902 31861
50002 28985
50102 9699
50202 55717
50302 11367
50402 62423
50502 41164
50602 34052
50702 48000
50802 15001
50902 22143
51002 50816
51102 48029
51202 55072
51302 10978
51402 39683
51502 50782
51602 27070
51702 3628
51802 50839
51902 60814
52002 27482
52102 36514
52202 9561
52302 53246
52402 13198
52502 43749
52602 12519
52702 32080
52802 56188
52902 24898
53002 56767
53102 2422
53202 31946
53302 16271
53402 4145
53502 60456
53602 61015
53702 17678
53802 45041
53902 41131
54002 2308
54102 55418
54202 59121
54302 55434
54402 64388
54502 57749
54602 44262
54702 54761
54802 64502
54902 46923
55002 601
55102 64679
55202 40397
55302 17680
55402 11485
55502 43230
55602 4586
55702 54453
55802 51379
55902 27359
56002 11527
56102 62435
56202 24131
56302 4080
56402 51863
56502 41346
56602 57642
56702 45899
56802 11141
56902 601
57002 63895
57102 33609
57202 57740
57302 13896
57402 14868
57502 62412
57602 47566
57702 30295
57802 52183
57902 44674
58002 5100
58102 47614
58202 17352
58302 21410
58402 36139
58502 60850
58602 20920
58702 12389
58802 8820
58902 31901
59002 64474
59102 12170
59202 41737
59302 47618
59402 38893
59502 61308
59602 48846
59702 5673
59802 461
59902 47835
60002 29126
60102 53710
60202 28683
60302 48481
60402 50841
60502 32114
60602 37095
60702 52619
60802 10931
60902 44247
61002 15548
61102 40728
61202 5989
61302 48444
61402 52955
61502 54936
61602 56075
61702 19795
61802 1957
61902 17395
62002 22533
62102 51809
62202 41486
62302 36183
62402 26869
62502 22745
62602 7070
62702 4975
62802 30516
62902 33271
63002 6662
63102 4991
63202 39017
63302 9750
63402 16068
63502 57724
63602 21863
63702 19581
63802 9019
63902 9787
64002 3968
64102 18311
64202 39701
64302 23155
64402 37393
64502 53500
64602 27272
64702 61191
64802 63462
64902 59075
65002 40925
65102 58642
65202 35461
65302 25869
65402 44650
65502 34551
65602 4837
65702 40216
65802 9945
65902 10000
66002 25854
66102 42105
66202 28464
66302 30460
66402 40997
66502 18654
66602 48883
66702 4507
66802 33002
66902 12589
67002 38593
67102 49513
67202 29333
67302 58336
67402 26866
67502 44280
67602 47169
67702 56144
67802 3914
67902 23451
68002 38025
68102 34572
68202 53450
68302 40140
68402 28246
68502 38368
68602 6631
68702 54966
68802 1312
68902 33186
69002 5326
69102 21047
69202 46839
69302 31441
69402 13903
69502 47394
69602 9655
69702 61269
69802 31385
69902 31814
70002 5403
70102 55625
70202 46478
70302 64744
70402 36263
70502 56752
70602 28542
70702 54622
70802 52389
70902 15229
71002 14405
71102 13805
71202 43589
71302 53767
71402 50908
71502 58693
71602 43236
71702 15471
71802 45806
71902 34174
72002 10833
72102 62639
72202 41141
72302 24664
72402 54528
72502 12975
72602 49730
72702 41522
72802 14415
72902 27685
73002 37897
73102 59618
73202 30209
73302 8309
73402 15840
73502 47478
73602 19356
73702 5010
73802 12566
73902 12392
74002 57296
74102 19356
74202 23042
74302 50986
74402 2766
74502 15368
74602 30065
74702 51264
74802 50445
74902 40707
75002 13303
75102 39841
75202 24708
75302 63288
75402 56640
75502 50825
75602 2679
75702 11932
75802 23888
75902 34819
76002 53154
76102 51244
76202 61210
76302 25747
76402 29000
76502 9305
76602 26764
76702 58319
76802 43440
76902 43798
77002 58652
77102 44168
77202 29442
77302 60543
77402 2328
77502 8023
77602 23383
77702 14144
77802 11138
77902 15750
78002 591
78102 61595
78202 56766
78302 19107
78402 46350
78502 14684
78602 39668
78702 34970
78802 47278
78902 58764
79002 22096
79102 64491
79202 64823
79302 4877
79402 18321
79502 10149
79602 12254
79702 30660
79802 27903
79902 3227
80002 48751
80102 42499
80202 29709
80302 18510
80402 5671
80502 53959
80602 3947
80702 14112
80802 34276
80902 34321
81002 11887
81102 62321
81202 35603
81302 13252
81402 4648
81502 59168
81602 37655
81702 36311
81802 49786
81902 17638
82002 2897
82102 48446
82202 9934
82302 36031
82402 63165
82502 18556
82602 52560
82702 36332
82802 42111
82902 28569
83002 58649
83102 5533
83202 28535
83302 46949
83402 43597
83502 28488
83602 2042
83702 59667
83802 24689
83902 52740
84002 61702
84102 2589
84202 43518
84302 60660
84402 60943
84502 41598
84602 18414
84702 43287
84802 7936
84902 59174
85002 63992
85102 15206
85202 37135
85302 38108
85402 44933
85502 49663
85602 1371
85702 40650
85802 11290
85902 41312
86002 17707
86102 44948
86202 53895
86302 55042
86402 62787
86502 64290
86602 22156
86702 4530
86802 59694
86902 26196
87002 60351
87102 5271
87202 39448
87302 3296
87402 44077
87502 36697
87602 40270
87702 48636
87802 6148
87902 1259
88002 39768
88102 41554
88202 14397
88302 48262
88402 47913
88502 9642
88602 58294
88702 62515
88802 10285
88902 10188
89002 38799
89102 43705
89202 47520
89302 4670
89402 62542
89502 14826
89602 41334
89702 3664
89802 21287
89902 7100
90002 19401
90102 49300
