102 40562
202 8785
302 63614
402 29691
502 44510
602 61289
702 47401
802 62844
902 45384
1002 56982
1102 57338
1202 31488
1302 11735
1402 7589
1502 8728
1602 46585
1702 55759
1802 35942
1902 56432
2002 22746
2102 39882
2202 7236
2302 36594
2402 58101
2502 58223
2602 58502
2702 50063
2802 40214
2902 21510
3002 39849
3102 8952
3202 57840
3302 55179
3402 61598
3502 6400
3602 29754
3702 42818
3802 48843
3902 29933
4002 48049
4102 42454
4202 22381
4302 2473
4402 62920
4502 7347
4602 897
4702 52691
4802 56556
4902 2349
5002 56885
5102 14045
5202 18970
5302 15596
5402 33359
5502 2660
5602 10910
5702 37685
5802 53785
5902 10260
6002 44207
6102 36308
6202 13868
6302 60278
6402 55404
6502 20538
6602 61380
6702 5372
6802 59598
6902 37281
7002 25752
7102 12647
7202 57969
7302 13624
7402 6331
7502 58190
7602 24514
7702 62650
7802 37606
7902 58389
8002 41515
8102 45296
8202 34388
8302 2838
8402 10570
8502 22970
8602 24890
8702 11834
8802 41680
8902 49593
9002 51313
9102 47939
9202 44976
9302 44901
9402 18689
9502 5700
9602 40362
9702 28495
9802 11000
9902 1704
10002 4250
10102 24356
10202 22595
10302 40263
10402 10106
10502 52466
10602 35809
10702 63555
10802 26369
10902 25259
11002 61131
11102 10427
11202 27064
11302 35894
11402 58296
11502 29257
11602 21191
11702 36811
11802 56513
11902 58491
12002 54886
12102 3378
12202 33698
12302 16249
12402 18127
12502 50643
12602 49928
12702 50728
12802 50207
12902 39781
13002 59004
13102 48833
13202 29317
13302 31741
13402 36206
13502 55488
13602 60812
13702 10490
13802 30859
13902 6662
14002 1419
14102 24176
14202 49676
14302 4039
14402 63830
14502 26302
14602 36668
14702 40151
14802 4642
14902 44958
15002 64117
15102 29713
15202 18667
15302 63567
15402 4835
15502 15477
15602 5083
15702 29321
15802 17741
15902 7835
16002 27582
16102 13211
16202 40504
16302 12823
16402 65395
16502 21707
16602 48971
16702 28439
16802 4126
16902 35416
17002 5829
17102 29440
17202 29476
17302 6340
17402 14243
17502 28834
17602 14004
17702 35603
17802 48859
17902 58453
18002 57647
18102 39896
18202 19571
18302 15868
18402 4706
18502 8048
18602 39354
18702 38095
18802 64731
18902 4233
19002 21448
19102 24534
19202 64281
19302 18510
19402 24953
19502 41218
19602 45948
19702 852
19802 28368
19902 34012
20002 53738
20102 34327
20202 22375
20302 44340
20402 25067
20502 17643
20602 16832
20702 6271
20802 10890
20902 55364
21002 28231
21102 35360
21202 56197
21302 27191
21402 23384
21502 51444
21602 37288
21702 43731
21802 26566
21902 50839
22002 7795
22102 58742
22202 61433
22302 30628
22402 48692
22502 16143
22602 64109
22702 25075
22802 59002
22902 10141
23002 45832
23102 33532
23202 2222
23302 58270
23402 39927
23502 30060
23602 27927
23702 30582
23802 49236
23902 59989
24002 58373
24102 35819
24202 60817
24302 38215
24402 26020
24502 37893
24602 47256
24702 15807
24802 38448
24902 50610
25002 55088
25102 63582
25202 47121
25302 52020
25402 54277
25502 730
25602 1609
25702 11487
25802 21084
25902 31744
26002 41011
26102 42149
26202 40078
26302 33972
26402 4812
26502 17214
26602 9687
26702 8810
26802 25753
26902 43070
27002 57933
27102 80
27202 3317
27302 55088
27402 22812
27502 12391
27602 48778
27702 10033
27802 12329
27902 42663
28002 2369
28102 42229
28202 52277
28302 14778
28402 22373
28502 25214
28602 10033
28702 16516
28802 62628
28902 22166
29002 38653
29102 7613
29202 14980
29302 11318
29402 57820
29502 51629
29602 21716
29702 21013
29802 36538
29902 29400
30002 12233
30102 45740
30202 39313
30302 30860
30402 56612
30502 8155
30602 39524
30702 35531
30802 4153
30902 49863
31002 18141
31102 38968
31202 32262
31302 50567
31402 54414
31502 58656
31602 1653
31702 7051
31802 9217
31902 45317
32002 8707
32102 48299
32202 18785
32302 45198
32402 4608
32502 44069
32602 8281
32702 1120
32802 34014
32902 10065
33002 33414
33102 40190
33202 53904
33302 25663
33402 32467
33502 64062
33602 23664
33702 10389
33802 43154
33902 11294
34002 14429
34102 2973
34202 31477
34302 11289
34402 6449
34502 1229
34602 30640
34702 17514
34802 4609
34902 43528
35002 54691
35102 65337
35202 46302
35302 58356
35402 6168
35502 29826
35602 10806
35702 7307
35802 15617
35902 58222
36002 2669
36102 48846
36202 10425
36302 13519
36402 49149
36502 32321
36602 47215
36702 3181
36802 30919
36902 18539
37002 1971
37102 4673
37202 33179
37302 1329
37402 16665
37502 3668
37602 7277
37702 4832
37802 27615
37902 43830
38002 9654
38102 54529
38202 54048
38302 50405
38402 12875
38502 36774
38602 53592
38702 12132
38802 36316
38902 40987
39002 35567
39102 235
39202 10340
39302 61284
39402 58440
39502 56719
39602 18252
39702 23286
39802 16822
39902 61699
40002 26548
40102 61239
40202 16634
40302 3027
40402 61876
40502 1862
40602 4032
40702 39825
40802 64762
40902 25471
41002 37206
41102 3809
41202 36231
41302 42098
41402 21599
41502 34845
41602 14411
41702 21249
41802 23548
41902 6179
42002 43364
42102 46204
42202 10755
42302 37905
42402 37930
42502 23363
42602 2291
42702 37803
42802 825
42902 10614
43002 32100
43102 2625
43202 57347
43302 29365
43402 14003
43502 30884
43602 28170
43702 820
43802 22310
43902 56704
44002 62538
44102 799
44202 20375
44302 35928
44402 283
44502 46894
44602 59140
44702 57416
44802 63498
44902 45795
45002 2364
45102 45170
45202 23243
45302 34621
45402 64222
45502 32607
45602 57299
45702 10758
45802 48956
45902 22087
46002 25114
46102 38878
46202 30906
46302 15146
46402 1038
46502 60516
46602 22151
46702 47275
46802 51841
46902 31924
47002 39631
47102 28392
47202 35264
47302 2366
47402 31910
47502 45298
47602 40200
47702 39950
47802 34311
47902 31323
48002 63245
48102 52452
48202 22010
48302 23703
48402 25634
48502 7632
48602 4361
48702 10036
48802 59652
48902 32348
49002 49143
49102 26158
49202 38650
49302 30692
49402 12796
49502 64878
49602 31205
49702 42688
49802 43283
49902 42738
50002 6245
50102 18947
50202 33607
50302 28626
50402 36235
50502 10641
50602 43809
50702 32821
50802 15307
50902 22738
51002 57587
51102 28030
51202 55112
51302 14760
51402 45786
51502 3445
51602 20617
51702 4635
51802 636
51902 5677
52002 33164
52102 42678
52202 16882
52302 29843
52402 60069
52502 1556
52602 45199
52702 51113
52802 35919
52902 64751
53002 36236
53102 45220
53202 6335
53302 2890
53402 24534
53502 61231
53602 39307
53702 20656
53802 31224
53902 354
54002 37550
54102 55228
54202 2018
54302 4144
54402 40312
54502 12645
54602 28295
54702 64872
54802 8510
54902 57067
55002 23885
55102 48136
55202 28766
55302 64916
55402 31536
55502 17309
55602 38070
55702 2028
55802 21275
55902 46391
56002 49061
56102 27072
56202 6004
56302 52394
56402 25751
56502 59546
56602 43656
56702 22392
56802 54328
56902 65172
57002 62754
57102 64300
57202 55920
57302 26380
57402 6013
57502 55732
57602 28834
57702 61421
57802 14778
57902 61996
58002 17085
58102 21150
58202 64129
58302 22671
58402 32974
58502 34435
58602 3371
58702 55932
58802 34202
58902 34603
59002 42404
59102 17293
59202 33521
59302 43649
59402 6875
59502 14388
59602 54394
59702 43861
59802 14478
59902 64257
60002 5157
60102 15695
60202 28211
60302 27999
60402 35228
60502 18462
60602 44291
60702 56131
60802 43072
60902 48366
61002 60865
61102 12061
61202 33247
61302 21244
61402 44186
61502 60012
61602 6460
61702 8404
61802 40256
61902 10464
62002 11792
62102 5658
62202 31512
62302 20201
62402 50163
62502 62609
62602 43869
62702 1886
62802 31008
62902 1239
63002 8804
63102 31373
63202 54834
63302 3224
63402 57054
63502 53499
63602 36333
63702 31940
63802 49976
63902 32707
64002 29770
64102 52611
64202 42259
64302 31427
64402 29129
64502 25905
64602 64565
64702 2447
64802 53103
64902 30646
65002 22795
65102 58802
65202 5915
65302 2585
65402 34187
65502 25226
65602 38117
65702 59356
65802 58194
65902 61850
66002 34783
66102 33712
66202 39688
66302 21521
66402 43570
66502 42395
66602 262
66702 51020
66802 33762
66902 14737
67002 51170
67102 51054
67202 52353
67302 26571
67402 3339
67502 25368
67602 36186
67702 16914
67802 34615
67902 46724
68002 12643
68102 62424
68202 16429
68302 64440
68402 19589
68502 35258
68602 13389
68702 27464
68802 27638
68902 8895
69002 21879
69102 56666
69202 63678
69302 47512
69402 25648
69502 13484
69602 26179
69702 59053
69802 26322
69902 33534
70002 61615
70102 3971
70202 16209
70302 35899
70402 45774
70502 42497
70602 40938
70702 44343
70802 35099
70902 3519
71002 15006
71102 45810
71202 28818
71302 33755
71402 19900
71502 32611
71602 23198
71702 57384
71802 14070
71902 63907
72002 62763
72102 34162
72202 59377
72302 23585
72402 59120
72502 8793
72602 37127
72702 44197
72802 15865
72902 55968
73002 11036
73102 2510
73202 14024
73302 45096
73402 48794
73502 23589
73602 59364
73702 28630
73802 37028
73902 47713
74002 13203
74102 39565
74202 51542
74302 28701
74402 47409
74502 38826
74602 11928
74702 3167
74802 54390
74902 10164
75002 48534
75102 62802
75202 48450
75302 26205
75402 63607
75502 27504
75602 13513
75702 6915
75802 56481
75902 23389
76002 64177
76102 13363
76202 15323
76302 14142
76402 43952
76502 14304
76602 15259
76702 27508
76802 5412
76902 23814
77002 25352
77102 10122
77202 37591
77302 26679
77402 50571
77502 2956
77602 31488
77702 12097
77802 46920
77902 18424
78002 53714
78102 39386
78202 49816
78302 24732
78402 23234
78502 20385
78602 16048
78702 7777
78802 22385
78902 14420
79002 12027
79102 16807
79202 39767
79302 16011
79402 54556
79502 33213
79602 41909
79702 55924
79802 12965
79902 690
80002 31501
80102 17597
80202 38691
80302 29536
80402 2725
80502 27599
80602 44003
80702 46793
80802 2088
80902 26861
81002 48855
81102 63263
81202 51015
81302 2878
81402 15536
81502 7622
81602 50513
81702 42501
81802 20196
81902 38057
82002 23996
82102 37179
82202 57987
82302 64144
82402 21286
82502 25006
82602 4592
82702 44706
82802 9438
82902 64979
83002 35946
83102 11794
83202 3712
83302 4584
83402 38798
83502 56773
83602 3092
83702 32647
83802 22066
83902 894
84002 37414
84102 20082
84202 11697
84302 59816
84402 3164
84502 50218
84602 34080
84702 48292
84802 50443
84902 44427
85002 41183
85102 50554
85202 52020
85302 50263
85402 64249
85502 63530
85602 10336
85702 31645
85802 28644
85902 54027
86002 8698
86102 536
86202 10495
86302 28005
86402 10974
86502 48755
86602 32896
86702 53461
86802 39366
86902 10378
87002 15350
87102 4264
87202 7430
87302 20695
87402 54142
87502 41683
87602 37069
87702 10723
87802 48498
87902 43787
88002 52324
88102 13288
88202 52730
88302 36885
88402 37433
88502 15935
88602 20094
88702 45210
88802 59714
88902 39218
89002 51530
89102 62902
89202 58875
89302 17285
89402 28265
89502 42185
89602 4357
89702 7662
89802 46870
89902 62961
90002 20118
90102 49639
