102 22614
202 9257
302 17362
402 40240
502 3788
602 3347
702 60512
802 28922
902 6839
1002 33184
1102 55009
1202 32660
1302 32796
1402 58220
1502 33186
1602 42347
1702 36703
1802 48163
1902 26355
2002 1352
2102 60251
2202 50491
2302 49099
2402 32797
2502 4970
2602 27706
2702 59655
2802 5919
2902 34332
3002 45931
3102 39127
3202 758
3302 15978
3402 60226
3502 49745
3602 6568
3702 31018
3802 5282
3902 21976
4002 38137
4102 12064
4202 17022
4302 4528
4402 41761
4502 55045
4602 2797
4702 4945
4802 26086
4902 43160
5002 44263
5102 12321
5202 24647
5302 50883
5402 1617
5502 45929
5602 48418
5702 24620
5802 54340
5902 17665
6002 27851
6102 42804
6202 14286
6302 57273
6402 48307
6502 11799
6602 64570
6702 56907
6802 62102
6902 23537
7002 63552
7102 19440
7202 35930
7302 36324
7402 34964
7502 4917
7602 7056
7702 18106
7802 44393
7902 37333
8002 63686
8102 45056
8202 40905
8302 3146
8402 41127
8502 11317
8602 46815
8702 18174
8802 53083
8902 14809
9002 15095
9102 48980
9202 15602
9302 26660
9402 5668
9502 64240
9602 43449
9702 37130
9802 37295
9902 18701
10002 24364
10102 3959
10202 41280
10302 61847
10402 26917
10502 61823
10602 61519
10702 30951
10802 28362
10902 768
11002 7706
11102 32945
11202 104
11302 37974
11402 50621
11502 29840
11602 39847
11702 5347
11802 62351
11902 12524
12002 37157
12102 51116
12202 20789
12302 13535
12402 35548
12502 22021
12602 41952
12702 13107
12802 52430
12902 60360
13002 24129
13102 54378
13202 25764
13302 41495
13402 24146
13502 30
13602 45053
13702 59997
13802 43952
13902 13396
14002 33285
14102 16449
14202 46966
14302 53943
14402 39849
14502 12226
14602 63765
14702 16685
14802 38132
14902 40717
15002 23495
15102 8781
15202 17086
15302 63
15402 5229
15502 17326
15602 56491
15702 61207
15802 64629
15902 28919
16002 26930
16102 62860
16202 28709
16302 58809
16402 28760
16502 49209
16602 50771
16702 32398
16802 31076
16902 55950
17002 53577
17102 55089
17202 56521
17302 10649
17402 57518
17502 43362
17602 14375
17702 33292
17802 31998
17902 57417
18002 13619
18102 39162
18202 54293
18302 64616
18402 19773
18502 23840
18602 25924
18702 4209
18802 45508
18902 39977
19002 33259
19102 9615
19202 56208
19302 6182
19402 11929
19502 50248
19602 19699
19702 27766
19802 57545
19902 64678
20002 47078
20102 16036
20202 33784
20302 22501
20402 41768
20502 9
20602 37941
20702 37660
20802 24828
20902 47202
21002 63140
21102 19703
21202 12722
21302 3919
21402 28294
21502 5428
21602 23958
21702 51957
21802 8440
21902 9586
22002 42977
22102 47090
22202 17987
22302 41855
22402 58461
22502 30588
22602 12148
22702 26320
22802 15272
22902 38775
23002 41365
23102 23044
23202 35495
23302 25301
23402 55859
23502 18821
23602 60365
23702 61633
23802 32250
23902 52934
24002 43369
24102 58772
24202 50770
24302 48398
24402 62634
24502 19197
24602 21196
24702 65167
24802 11041
24902 11656
25002 60510
25102 45538
25202 24507
25302 62629
25402 55771
25502 40284
25602 64464
25702 50393
25802 21149
25902 23295
26002 33966
26102 43255
26202 62805
26302 2785
26402 52761
26502 22700
26602 63084
26702 39629
26802 59551
26902 18933
27002 3492
27102 7560
27202 59103
27302 6784
27402 44773
27502 10656
27602 59349
27702 56764
27802 26617
27902 63468
28002 12748
28102 1979
28202 56507
28302 64911
28402 64604
28502 6344
28602 12962
28702 39353
28802 52956
28902 26560
29002 44510
29102 58021
29202 6039
29302 62352
29402 24934
29502 23979
29602 8655
29702 49144
29802 47071
29902 1291
30002 14211
30102 7627
30202 55329
30302 46422
30402 28057
30502 57916
30602 4085
30702 27083
30802 59226
30902 38081
31002 23494
31102 60575
31202 31771
31302 18402
31402 19190
31502 49384
31602 28697
31702 20454
31802 10060
31902 7369
32002 24202
32102 31441
32202 10691
32302 17686
32402 46158
32502 46480
32602 39398
32702 19802
32802 47016
32902 64344
33002 61746
33102 25441
33202 32264
33302 7042
33402 14679
33502 14818
33602 49283
33702 1702
33802 1568
33902 54394
34002 18762
34102 60416
34202 42724
34302 47259
34402 61122
34502 38383
34602 65193
34702 7591
34802 60514
34902 41520
35002 56296
35102 43136
35202 25244
35302 47120
35402 57305
35502 15117
35602 54060
35702 49203
35802 1586
35902 2847
36002 23154
36102 11748
36202 61550
36302 42236
36402 64787
36502 398
36602 59471
36702 58348
36802 13263
36902 19042
37002 48084
37102 61054
37202 7927
37302 34068
37402 4556
37502 37119
37602 15169
37702 43088
37802 44668
37902 45771
38002 37833
38102 6644
38202 31896
38302 11944
38402 23616
38502 5569
38602 64176
38702 36329
38802 61636
38902 37797
39002 45117
39102 3591
39202 62060
39302 47357
39402 61758
39502 29009
39602 39881
39702 52265
39802 33475
39902 42437
40002 7469
40102 44936
40202 49640
40302 59372
40402 20513
40502 29746
40602 20402
40702 40955
40802 52064
40902 60409
41002 62048
41102 52967
41202 62038
41302 18740
41402 2983
41502 29945
41602 51520
41702 16756
41802 3038
41902 61187
42002 635
42102 2266
42202 20775
42302 60312
42402 4694
42502 50944
42602 17396
42702 29589
42802 27270
42902 48008
43002 31183
43102 38254
43202 27107
43302 45812
43402 9503
43502 24440
43602 28630
43702 63319
43802 57410
43902 57780
44002 64496
44102 15836
44202 25989
44302 58646
44402 62955
44502 16385
44602 37860
44702 6585
44802 45057
44902 7167
45002 42867
45102 16674
45202 20653
45302 5144
45402 21630
45502 8230
45602 52624
45702 28878
45802 18065
45902 7566
46002 41685
46102 56680
46202 52259
46302 1125
46402 64660
46502 45161
46602 18091
46702 39713
46802 57689
46902 35972
47002 2849
47102 64483
47202 9231
47302 18468
47402 44357
47502 63080
47602 53395
47702 22388
47802 53955
47902 9993
48002 33867
48102 59755
48202 17351
48302 33390
48402 6548
48502 8808
48602 1130
48702 52749
48802 21792
48902 9581
49002 12152
49102 37737
49202 35377
49302 38065
49402 51932
49502 52696
49602 8641
49702 61942
49802 10449
49902 21143
50002 50891
50102 18983
50202 621
50302 25894
50402 56650
50502 7924
50602 5308
50702 60838
50802 46830
50902 9094
51002 46280
51102 38917
51202 2334
51302 12062
51402 65110
51502 37431
51602 28157
51702 20689
51802 44118
51902 7966
52002 58197
52102 17402
52202 35014
52302 27701
52402 60513
52502 10153
52602 52152
52702 13751
52802 38400
52902 12153
53002 18633
53102 34842
53202 24154
53302 5621
53402 51406
53502 56674
53602 27369
53702 4075
53802 51081
53902 26469
54002 63406
54102 21050
54202 60762
54302 60016
54402 24914
54502 42150
54602 13224
54702 29542
54802 50838
54902 42271
55002 58519
55102 4237
55202 5159
55302 10083
55402 38305
55502 29573
55602 45035
55702 8284
55802 55452
55902 36084
56002 27541
56102 43418
56202 44083
56302 51463
56402 60415
56502 23117
56602 52619
56702 61777
56802 16686
56902 58953
57002 61916
57102 33354
57202 10887
57302 56917
57402 51064
57502 20357
57602 29152
57702 40732
57802 13334
57902 4523
58002 6886
58102 14423
58202 31745
58302 38403
58402 48477
58502 46116
58602 13541
58702 39598
58802 33764
58902 50707
59002 2310
59102 12979
59202 36156
59302 13198
59402 4000
59502 36489
59602 5653
59702 58522
59802 16489
59902 13188
60002 36691
60102 45801
60202 14062
60302 16410
60402 54867
60502 55379
60602 31071
60702 5681
60802 28245
60902 47354
61002 56096
61102 63219
61202 34673
61302 17377
61402 36879
61502 51536
61602 43950
61702 10956
61802 35618
61902 44810
62002 44027
62102 13507
62202 30936
62302 13606
62402 18618
62502 59080
62602 49831
62702 43310
62802 52087
62902 11218
63002 32077
63102 59519
63202 409
63302 60367
63402 22652
63502 11416
63602 36231
63702 60717
63802 39061
63902 12726
64002 12233
64102 61758
64202 34255
64302 46381
64402 15757
64502 24272
64602 41556
64702 51102
64802 64917
64902 14706
65002 44208
65102 12243
65202 21644
65302 10667
65402 44174
65502 22706
65602 6857
65702 25921
65802 26746
65902 53536
66002 42648
66102 15967
66202 16854
66302 43416
66402 51509
66502 37711
66602 21596
66702 20393
66802 52623
66902 52776
67002 15171
67102 58990
67202 38661
67302 40913
67402 39460
67502 14544
67602 19031
67702 28687
67802 30801
67902 37833
68002 4269
68102 1011
68202 23917
68302 32077
68402 27432
68502 44480
68602 62995
68702 59844
68802 31320
68902 26561
69002 10476
69102 20872
69202 61177
69302 46949
69402 20102
69502 34218
69602 16422
69702 45841
69802 23930
69902 27226
70002 50011
70102 13333
70202 53113
70302 48255
70402 39684
70502 52054
70602 2587
70702 3206
70802 21450
70902 30056
71002 4921
71102 15767
71202 36734
71302 10800
71402 38733
71502 21298
71602 49008
71702 16260
71802 23241
71902 19789
72002 54237
72102 41117
72202 59395
72302 16963
72402 11065
72502 51155
72602 61506
72702 10382
72802 7154
72902 29237
73002 25825
73102 34734
73202 28112
73302 59799
73402 45360
73502 55942
73602 42522
73702 56398
73802 15256
73902 10942
74002 61295
74102 40183
74202 36426
74302 39405
74402 32678
74502 15072
74602 45803
74702 62325
74802 36514
74902 60943
75002 2437
75102 43823
75202 19705
75302 24777
75402 11644
75502 52149
75602 21677
75702 18874
75802 61077
75902 54197
76002 30859
76102 33345
76202 9137
76302 28556
76402 39854
76502 39126
76602 14147
76702 62428
76802 17857
76902 8237
77002 21767
77102 41281
77202 38693
77302 51707
77402 4996
77502 32899
77602 7857
77702 42560
77802 12515
77902 7764
78002 43679
78102 50389
78202 46926
78302 12343
78402 8161
78502 4159
78602 47820
78702 6700
78802 29092
78902 31382
79002 26269
79102 61324
79202 35907
79302 59117
79402 32208
79502 39641
79602 61454
79702 19175
79802 36965
79902 26035
80002 64287
80102 15418
80202 45809
80302 12380
80402 819
80502 37906
80602 2836
80702 37412
80802 44910
80902 52208
81002 7077
81102 5580
81202 35855
81302 22079
81402 55682
81502 17502
81602 56562
81702 5716
81802 22238
81902 45005
82002 16224
82102 63986
82202 59645
82302 57092
82402 65426
82502 21619
82602 18632
82702 50174
82802 42998
82902 21125
83002 2953
83102 14232
83202 30537
83302 38655
83402 3875
83502 759
83602 38784
83702 62175
83802 57092
83902 54774
84002 27915
84102 17815
84202 30205
84302 50105
84402 12439
84502 59567
84602 58330
84702 39263
84802 5460
84902 48676
85002 18433
85102 807
85202 56437
85302 56029
85402 57534
85502 26922
85602 4934
85702 51964
85802 17609
85902 21108
86002 12556
86102 26874
86202 58522
86302 25295
86402 42939
86502 27584
86602 22238
86702 25838
86802 26434
86902 61900
87002 46669
87102 14874
87202 61236
87302 60991
87402 40334
87502 3469
87602 19819
87702 51907
87802 21742
87902 1387
88002 5089
88102 5533
88202 7219
88302 52054
88402 50107
88502 16052
88602 3660
88702 33283
88802 17363
88902 31158
89002 11226
89102 14425
89202 15652
89302 57764
89402 54864
89502 46537
89602 25322
89702 21021
89802 57319
89902 34171
90002 38886
90102 30846
90202 28097
90302 64470
