102 12755
202 4860
302 43668
402 50225
502 25307
602 36711
702 57298
802 47379
902 11546
1002 19880
1102 54506
1202 32610
1302 2002
1402 14093
1502 20522
1602 51049
1702 50374
1802 29468
1902 28485
2002 32526
2102 37621
2202 62620
2302 19234
2402 19234
2502 53334
2602 42964
2702 41568
2802 16093
2902 33638
3002 29640
3102 48636
3202 17674
3302 4677
3402 20113
3502 17836
3602 33463
3702 27065
3802 25712
3902 6715
4002 61495
4102 29717
4202 65299
4302 2626
4402 58435
4502 2892
4602 21622
4702 65483
4802 17973
4902 37704
5002 31755
5102 62236
5202 10303
5302 7253
5402 20682
5502 64537
5602 48398
5702 64055
5802 37251
5902 27898
6002 40323
6102 63479
6202 8697
6302 6226
6402 62118
6502 35659
6602 22347
6702 4247
6802 19267
6902 38807
7002 35772
7102 50383
7202 37532
7302 15686
7402 45192
7502 15549
7602 1374
7702 57233
7802 33876
7902 11455
8002 18904
8102 20946
8202 38131
8302 20868
8402 28318
8502 15580
8602 30760
8702 3239
8802 61384
8902 16420
9002 30795
9102 49699
9202 24643
9302 24406
9402 41952
9502 27794
9602 43221
9702 3953
9802 27026
9902 41416
10002 38306
10102 38158
10202 14527
10302 54485
10402 45593
10502 1674
10602 28133
10702 20966
10802 51663
10902 29279
11002 50476
11102 54207
11202 52459
11302 58464
11402 31083
11502 4295
11602 50989
11702 45834
11802 20746
11902 51362
12002 15779
12102 46948
12202 12001
12302 29449
12402 60563
12502 17721
12602 7060
12702 54672
12802 52792
12902 54407
13002 31868
13102 18171
13202 52633
13302 57859
13402 15238
13502 20907
13602 2770
13702 42556
13802 38764
13902 59603
14002 10468
14102 47253
14202 24515
14302 52856
14402 59266
14502 64927
14602 56361
14702 15177
14802 50645
14902 43619
15002 40676
15102 52081
15202 52250
15302 24066
15402 1097
15502 7859
15602 48556
15702 723
15802 55882
15902 54456
16002 30145
16102 19173
16202 39555
16302 44230
16402 49340
16502 24451
16602 4110
16702 57084
16802 22717
16902 43863
17002 13612
17102 24217
17202 13263
17302 2372
17402 6721
17502 38843
17602 41760
17702 61173
17802 37520
17902 26556
18002 38010
18102 8276
18202 24766
18302 34428
18402 40892
18502 27502
18602 50846
18702 43161
18802 49621
18902 4735
19002 54804
19102 46628
19202 61804
19302 37814
19402 30638
19502 54701
19602 14719
19702 61587
19802 20239
19902 12415
20002 42585
20102 41714
20202 29082
20302 64024
20402 40033
20502 38594
20602 18864
20702 57788
20802 50214
20902 17179
21002 38076
21102 26944
21202 9250
21302 64522
21402 508
21502 2552
21602 61245
21702 49399
21802 38770
21902 37042
22002 27908
22102 63911
22202 59438
22302 44136
22402 26205
22502 14602
22602 8905
22702 56114
22802 28649
22902 13331
23002 37021
23102 25218
23202 21288
23302 32626
23402 55622
23502 8864
23602 16003
23702 24043
23802 61426
23902 17962
24002 50117
24102 58383
24202 30299
24302 3746
24402 48774
24502 61324
24602 805
24702 16799
24802 63611
24902 63201
25002 42514
25102 58873
25202 25403
25302 7676
25402 44492
25502 1933
25602 64109
25702 27416
25802 45435
25902 64566
26002 37572
26102 23693
26202 12686
26302 36574
26402 4497
26502 41566
26602 33187
26702 28271
26802 47128
26902 40018
27002 26397
27102 4929
27202 31121
27302 9215
27402 23684
27502 49979
27602 12610
27702 44127
27802 60913
27902 47463
28002 35876
28102 58200
28202 56585
28302 61324
28402 53187
28502 7249
28602 6803
28702 45400
28802 8941
28902 50667
29002 51528
29102 64417
29202 4637
29302 23557
29402 33060
29502 31076
29602 27616
29702 1255
29802 9343
29902 14581
30002 18764
30102 6004
30202 19876
30302 53209
30402 19465
30502 38550
30602 34960
30702 3844
30802 20817
30902 33697
31002 58655
31102 26400
31202 27845
31302 53369
31402 27118
31502 7430
31602 55287
31702 31826
31802 55368
31902 55270
32002 25363
32102 22461
32202 59589
32302 44964
32402 11282
32502 33961
32602 56080
32702 34768
32802 2415
32902 24165
33002 24506
33102 9264
33202 4900
33302 8430
33402 61034
33502 45418
33602 9377
33702 64781
33802 48000
33902 3344
34002 62440
34102 29274
34202 28826
34302 60275
34402 59927
34502 38660
34602 29498
34702 26284
34802 21446
34902 41878
35002 20563
35102 45142
35202 39395
35302 22313
35402 47022
35502 28070
35602 42058
35702 10162
35802 12535
35902 35791
36002 10236
