102 21125
202 61391
302 28491
402 48593
502 28275
602 35324
702 45166
802 44627
902 164
1002 51851
1102 24276
1202 48477
1302 24435
1402 48968
1502 26890
1602 11389
1702 53161
1802 44479
1902 29258
2002 12552
2102 29374
2202 5151
2302 26130
2402 22948
2502 2006
2602 27600
2702 31943
2802 39331
2902 60183
3002 6272
3102 31397
3202 11042
3302 22719
3402 29628
3502 47198
3602 48845
3702 44811
3802 56447
3902 53327
4002 54547
4102 3112
4202 14876
4302 52174
4402 3635
4502 20706
4602 34462
4702 54153
4802 60027
4902 18536
5002 65188
5102 24399
5202 2780
5302 30656
5402 40540
5502 13318
5602 37787
5702 16280
5802 32460
5902 3133
6002 50670
6102 25195
6202 61236
6302 56108
6402 538
6502 52089
6602 20215
6702 47142
6802 38381
6902 60878
7002 46368
7102 46194
7202 52978
7302 9912
7402 42162
7502 17640
7602 27557
7702 61392
7802 24082
7902 48598
8002 65214
8102 62882
8202 47905
8302 44067
8402 37539
8502 32209
8602 59924
8702 42997
8802 10662
8902 12090
9002 51877
9102 61737
9202 3406
9302 59505
9402 37449
9502 36724
9602 38016
9702 34863
9802 20802
9902 48378
10002 53720
10102 1360
10202 30809
10302 56160
10402 3260
10502 24136
10602 21907
10702 57204
10802 62213
10902 6559
11002 19783
11102 14635
11202 8230
11302 17595
11402 43406
11502 60080
11602 13301
11702 54497
11802 58914
11902 62678
12002 42866
12102 1690
12202 53214
12302 7424
12402 54360
12502 57747
12602 45616
12702 17640
12802 41102
12902 21617
13002 22510
13102 19972
13202 23583
13302 59080
13402 64289
13502 48420
13602 40830
13702 20085
13802 47305
13902 25333
14002 22194
14102 38501
14202 38893
14302 33390
14402 7766
14502 3100
14602 21894
14702 55880
14802 53286
14902 11189
15002 36612
15102 30976
15202 42512
15302 57330
15402 29257
15502 26191
15602 25025
15702 60928
15802 14529
15902 38756
16002 32066
16102 40417
16202 16194
16302 19887
16402 47753
16502 28811
16602 36698
16702 64434
16802 48758
16902 18060
17002 40546
17102 7942
17202 51254
17302 38744
17402 41039
17502 31872
17602 51861
17702 65357
17802 65011
17902 362
18002 48380
18102 17751
18202 48239
18302 41308
18402 29397
18502 26638
18602 50957
18702 47187
18802 57102
18902 30329
19002 4501
19102 6480
19202 37882
19302 19994
19402 19796
19502 25222
19602 54497
19702 1772
19802 60460
19902 42432
20002 44597
20102 37284
20202 60735
20302 7523
20402 36559
20502 30223
20602 31690
20702 51083
20802 21372
20902 31322
21002 3264
21102 45538
21202 43608
21302 5450
21402 62564
21502 33877
21602 17029
21702 46896
21802 35247
21902 40265
22002 6649
22102 61741
22202 1909
22302 47875
22402 31103
22502 32095
22602 57961
22702 2704
22802 27115
22902 50892
23002 6230
23102 6575
23202 57091
23302 25241
23402 20948
23502 648
23602 8687
23702 19653
23802 8078
23902 41778
24002 3664
24102 47737
24202 15807
24302 28481
24402 45270
24502 42317
24602 11326
24702 36330
24802 4302
24902 65527
25002 44104
25102 10580
25202 60453
25302 28281
25402 8390
25502 40864
25602 49707
25702 26508
25802 25490
25902 42337
26002 57583
26102 23877
26202 49366
26302 27425
26402 16940
26502 2135
26602 65289
26702 58226
26802 57901
26902 23618
27002 24165
27102 3444
27202 18692
27302 4628
27402 49151
27502 44646
27602 40807
27702 54887
27802 16783
27902 13582
28002 61729
28102 22152
28202 47394
28302 15908
28402 39287
28502 20019
28602 46203
28702 52811
28802 12745
28902 23377
29002 50943
29102 25376
29202 4568
29302 5136
29402 59805
29502 53378
29602 46279
29702 34930
29802 49275
29902 7626
30002 44621
30102 65520
30202 42895
30302 2911
30402 37563
30502 52843
30602 13203
30702 4119
30802 16166
30902 20496
31002 16506
31102 53445
31202 59516
31302 33261
31402 1200
31502 12347
31602 47293
31702 60017
31802 30043
31902 6466
32002 16601
32102 60145
32202 1033
32302 47909
32402 26255
32502 61798
32602 58059
32702 54526
32802 56944
32902 32138
33002 61981
33102 62571
33202 42291
33302 46311
33402 65519
33502 15747
33602 64627
33702 8958
33802 46173
33902 3409
34002 60410
34102 2170
34202 17390
34302 2333
34402 20620
34502 22778
34602 23696
34702 18895
34802 7060
34902 58841
35002 23277
35102 59752
35202 32436
35302 36075
35402 61482
35502 43261
35602 4362
35702 17621
35802 15351
35902 16434
36002 5803
36102 37214
36202 32434
36302 53552
36402 24823
36502 33831
36602 52678
36702 38391
36802 56435
36902 33659
37002 23649
37102 155
37202 18905
37302 22574
37402 6313
37502 62868
37602 52366
37702 52120
37802 27938
37902 39741
38002 44365
38102 24681
38202 48765
38302 29016
38402 7718
38502 32287
38602 51183
38702 26989
38802 32082
38902 50309
39002 51216
39102 55825
39202 28569
39302 18378
39402 51527
39502 6881
39602 19533
39702 59799
39802 40204
39902 24575
40002 34659
40102 40175
40202 38065
40302 14040
40402 1388
40502 1562
40602 31896
40702 55260
40802 830
40902 5468
41002 60391
41102 3753
41202 21074
41302 27270
41402 48407
41502 1552
41602 1577
41702 49698
41802 2417
41902 12460
42002 1228
42102 49016
42202 39166
42302 21204
42402 35039
42502 19099
42602 30367
42702 59473
42802 45134
42902 14124
43002 1915
43102 51154
43202 50211
43302 56365
43402 55895
43502 36893
43602 52113
43702 42518
43802 15152
43902 22578
44002 54226
44102 58067
44202 40567
44302 35314
44402 56099
44502 1853
44602 34017
44702 45954
44802 28846
44902 44335
45002 25596
45102 59555
45202 12179
45302 11339
45402 18003
45502 54869
45602 8394
45702 2395
45802 54601
45902 62376
46002 28563
46102 17323
46202 38682
46302 3468
46402 65499
46502 40788
46602 16348
46702 35216
46802 12052
46902 38540
47002 18633
47102 22526
47202 65455
47302 1278
47402 12607
47502 49455
47602 47193
47702 12176
47802 3906
47902 20054
48002 18151
48102 632
48202 61097
48302 28381
48402 25754
48502 28646
48602 21885
48702 17728
48802 53706
48902 52938
49002 45516
49102 6893
49202 31595
49302 9252
49402 52660
49502 4762
49602 39678
49702 61651
49802 3481
49902 25891
50002 37598
50102 48998
50202 10792
50302 5936
50402 43999
50502 1231
50602 5685
50702 14705
50802 55424
50902 16327
51002 46429
51102 39989
51202 58105
51302 34245
51402 64720
51502 10400
51602 26988
51702 2793
51802 14745
51902 7507
52002 3271
52102 49736
52202 42101
52302 2892
52402 44189
52502 44765
52602 23087
52702 45693
52802 38877
52902 57641
53002 5356
53102 41457
53202 54889
53302 5010
53402 49112
53502 35535
53602 34868
53702 28811
53802 867
53902 22015
54002 5112
54102 39856
54202 21393
54302 30003
54402 47616
54502 59104
54602 50324
54702 52621
54802 25175
54902 50886
55002 45242
55102 25547
55202 39756
55302 12684
55402 33402
55502 39267
55602 62287
55702 2321
55802 42329
55902 64040
56002 57456
56102 23471
56202 5708
56302 48242
56402 60522
56502 7188
56602 12277
56702 62510
56802 27012
56902 60996
57002 27126
57102 539
57202 41037
57302 13686
57402 46801
57502 18112
57602 52628
57702 64316
57802 282
57902 47434
58002 26491
58102 1500
58202 54655
58302 47141
58402 42109
58502 7400
58602 1050
58702 59359
58802 31633
58902 52409
59002 28117
59102 54526
59202 26685
59302 7596
59402 47212
59502 12893
59602 60921
59702 55245
59802 28196
59902 19417
60002 14613
60102 31279
60202 17513
60302 38196
60402 64014
60502 4630
60602 8148
60702 37706
60802 26294
60902 46110
61002 6421
61102 13228
61202 14517
61302 39432
61402 27365
61502 1587
61602 28910
61702 29514
61802 18830
61902 52394
62002 29774
62102 28291
62202 62401
62302 13360
62402 42548
62502 47553
62602 2875
62702 53094
62802 57571
62902 408
63002 6595
63102 36816
63202 64191
63302 57127
63402 8722
63502 31923
63602 49072
63702 41239
63802 20307
63902 58244
64002 26348
64102 16559
64202 29590
64302 3428
64402 30261
64502 56919
64602 17429
64702 16070
64802 56547
64902 9049
65002 43281
65102 58134
65202 16246
65302 26585
65402 58140
65502 35220
65602 57504
65702 13317
65802 36992
65902 64510
66002 32174
66102 10501
66202 22267
66302 63959
66402 49067
66502 48256
66602 20997
66702 48770
66802 313
66902 27374
67002 48556
67102 34767
67202 24391
67302 60540
67402 61736
67502 59911
67602 7977
67702 58218
67802 9155
67902 58757
68002 37214
68102 38096
68202 33633
68302 62483
68402 7828
68502 141
68602 45501
68702 6837
68802 61909
68902 58503
69002 44598
69102 58122
69202 65255
69302 13639
69402 63606
69502 4178
69602 46275
69702 892
69802 29151
69902 39912
70002 34341
70102 21171
70202 8667
70302 1926
70402 12716
70502 46787
70602 2768
70702 9945
70802 21079
70902 43530
71002 20403
71102 6319
71202 54191
71302 33483
71402 2934
71502 10116
71602 13078
71702 10959
71802 6672
71902 59348
72002 60732
72102 38979
72202 17385
72302 58879
72402 60041
72502 20874
72602 18358
72702 6654
72802 55932
72902 57399
73002 1978
73102 44368
73202 33250
73302 25396
73402 40212
73502 124
73602 4503
73702 42007
73802 15091
73902 46970
74002 47303
74102 50784
74202 55758
74302 45689
74402 51370
74502 39802
74602 22410
74702 42084
74802 37900
74902 25308
75002 56734
75102 42360
75202 54902
75302 18742
75402 6783
75502 52690
75602 26703
75702 16774
75802 56790
75902 44917
76002 9941
76102 22067
76202 3927
76302 31642
76402 58287
76502 16438
76602 20091
76702 37605
76802 51542
76902 28178
77002 44418
77102 58587
77202 31067
77302 2764
77402 51942
77502 10825
77602 41494
77702 169
77802 62812
77902 41027
78002 49085
78102 8322
78202 57550
78302 53182
78402 53547
78502 38766
78602 36188
78702 7485
78802 15894
78902 15979
79002 32903
79102 20015
79202 59074
79302 35653
79402 1886
79502 54267
79602 59075
79702 34471
79802 38830
79902 25786
80002 5478
80102 33650
80202 65188
80302 60343
80402 44777
80502 3443
80602 19941
80702 2839
80802 49221
80902 40292
81002 63900
81102 59280
81202 4926
81302 12361
81402 16472
81502 19271
81602 32937
81702 39083
81802 51686
81902 59125
82002 41920
82102 60885
82202 20891
82302 12964
82402 48681
82502 22677
82602 1493
82702 9782
82802 24540
82902 63942
83002 15764
83102 21391
83202 12536
83302 15565
83402 8697
83502 62259
83602 13229
83702 49338
83802 17660
83902 47367
84002 41708
84102 44386
84202 13999
84302 16760
84402 41249
84502 35565
84602 48868
84702 12255
84802 51687
84902 6992
85002 18129
85102 23398
85202 5550
85302 45682
85402 44116
85502 43803
85602 1819
85702 29388
85802 18967
85902 29586
86002 62801
86102 31221
86202 31608
86302 61607
86402 241
86502 38350
86602 3853
86702 32263
86802 17992
86902 36761
87002 51885
87102 11305
87202 15544
87302 3935
87402 18404
87502 12426
87602 5874
87702 39075
87802 35656
87902 27739
88002 3568
88102 50643
88202 36777
88302 60614
88402 20684
88502 5187
88602 4702
88702 14073
88802 28555
88902 40942
89002 22258
89102 32638
89202 47732
89302 61062
89402 26218
89502 35874
89602 17262
89702 15679
89802 29688
89902 63938
90002 32795
90102 7913
