102 15817
202 55012
302 42420
402 49426
502 65300
602 63893
702 16185
802 45425
902 65369
1002 32194
1102 60921
1202 20425
1302 152
1402 35612
1502 56454
1602 38065
1702 25515
1802 53603
1902 6512
2002 33388
2102 13108
2202 44326
2302 10034
2402 7401
2502 45357
2602 972
2702 25803
2802 49349
2902 2718
3002 6702
3102 13699
3202 34856
3302 32317
3402 17004
3502 35432
3602 34778
3702 45786
3802 58473
3902 14564
4002 9648
4102 63506
4202 45724
4302 19393
4402 21598
4502 39026
4602 55348
4702 58460
4802 58070
4902 42502
5002 44818
5102 37697
5202 39046
5302 8570
5402 47934
5502 13509
5602 48227
5702 35513
5802 44101
5902 24365
6002 44344
6102 59620
6202 58356
6302 19294
6402 55996
6502 2136
6602 12173
6702 32104
6802 13281
6902 2286
7002 41186
7102 59333
7202 45952
7302 45745
7402 40662
7502 7895
7602 25637
7702 48458
7802 34352
7902 11303
8002 64298
8102 41401
8202 21233
8302 65180
8402 41985
8502 24222
8602 28204
8702 27561
8802 27052
8902 14503
9002 28617
9102 57706
9202 18679
9302 26438
9402 35100
9502 52118
9602 63670
9702 12230
9802 21126
9902 11396
10002 29885
10102 9575
10202 56374
10302 51188
10402 48087
10502 57492
10602 53511
10702 25208
10802 8118
10902 20389
11002 28766
11102 11546
11202 39069
11302 3974
11402 16816
11502 13137
11602 58978
11702 38944
11802 45404
11902 13390
12002 36317
12102 33752
12202 55172
12302 40072
12402 54675
12502 38205
12602 29120
12702 54048
12802 42971
12902 6219
13002 24404
13102 17602
13202 32162
13302 6002
13402 11524
13502 34354
13602 163
13702 12252
13802 39810
13902 65474
14002 17428
14102 17732
14202 19519
14302 49300
14402 9102
14502 57974
14602 39582
14702 58559
14802 54083
14902 7854
15002 22395
15102 63040
15202 62881
15302 28520
15402 41208
15502 2558
15602 53200
15702 17388
15802 25822
15902 60298
16002 43380
16102 23595
16202 41789
16302 65213
16402 43481
16502 65457
16602 38789
16702 52659
16802 34971
16902 18383
17002 16503
17102 47342
17202 38337
17302 24446
17402 54202
17502 48525
17602 22954
17702 29049
17802 26525
17902 17235
18002 29014
18102 32567
18202 42992
18302 8668
18402 32120
18502 55296
18602 41483
18702 45431
18802 10712
18902 37543
19002 52982
19102 637
19202 23020
19302 33452
19402 43480
19502 7055
19602 24907
19702 15949
19802 51648
19902 54448
20002 13130
20102 55530
20202 43615
20302 7414
20402 12059
20502 61247
20602 40762
20702 8492
20802 5493
20902 43279
21002 34256
21102 2684
21202 38766
21302 4450
21402 59552
21502 57009
21602 52085
21702 19630
21802 65402
21902 37748
22002 32946
22102 6932
22202 49222
22302 21209
22402 27533
22502 39454
22602 55551
22702 15072
22802 28927
22902 36386
23002 35917
23102 30163
23202 7714
23302 18697
23402 60835
23502 59529
23602 45418
23702 6319
23802 38425
23902 27252
24002 53572
24102 25266
24202 18902
24302 33414
24402 11706
24502 2937
24602 7195
24702 35284
24802 12057
24902 38504
25002 18616
25102 41192
25202 7488
25302 53539
25402 14523
25502 44892
25602 717
25702 36223
25802 2364
25902 21563
26002 36533
26102 33446
26202 16222
26302 40059
26402 3415
26502 45967
26602 56992
26702 8428
26802 14887
26902 35294
27002 45634
27102 21297
27202 15202
27302 11847
27402 38646
27502 55757
27602 5408
27702 34088
27802 37007
27902 50448
28002 38980
28102 54957
28202 41383
28302 48814
28402 52431
28502 49714
28602 32202
28702 2761
28802 32576
28902 6920
29002 9730
29102 39341
29202 52882
29302 3751
29402 22550
29502 273
29602 23561
29702 2854
29802 10226
29902 54406
30002 65108
30102 25797
30202 31066
30302 45733
30402 16425
30502 49404
30602 57892
30702 8262
30802 32429
30902 58628
31002 60543
31102 27095
31202 34629
31302 25288
31402 11314
31502 27234
31602 59995
31702 61687
31802 42135
31902 64791
32002 34000
32102 39865
32202 39387
32302 42895
32402 8
32502 22999
32602 54047
32702 22830
32802 16790
32902 12150
33002 7823
33102 7519
33202 13620
33302 27631
33402 48326
33502 40474
33602 21966
33702 53943
33802 52022
33902 55718
34002 49668
34102 42268
34202 47335
34302 4646
34402 10215
34502 23819
34602 38403
34702 21507
34802 25959
34902 42219
35002 32121
35102 24885
35202 35471
35302 57598
35402 9439
35502 18089
35602 42771
35702 3066
35802 28149
35902 50023
36002 21938
36102 17442
36202 22239
36302 13663
36402 60553
36502 44262
36602 43669
36702 34873
36802 10727
36902 11452
37002 15902
37102 65493
37202 29790
37302 5731
37402 1447
37502 65206
37602 65042
37702 15795
37802 48730
37902 2577
38002 40031
38102 31778
38202 4661
38302 39277
38402 40469
38502 42502
38602 3587
38702 39948
38802 30239
38902 13031
39002 5688
39102 18645
39202 54205
39302 60842
39402 42236
39502 41919
39602 8741
39702 37752
39802 50337
39902 33230
40002 58419
40102 50550
40202 44180
40302 47251
40402 35491
40502 33155
40602 51419
40702 11029
40802 6769
40902 24473
41002 27362
41102 63146
41202 752
41302 44
41402 24322
41502 27870
41602 60794
41702 43276
41802 56930
41902 27962
42002 41973
42102 63862
42202 54829
42302 26426
42402 39719
42502 20843
42602 47524
42702 23381
42802 56233
42902 31626
43002 9090
43102 15983
43202 5667
43302 43745
43402 15892
43502 34863
43602 60798
43702 43550
43802 33713
43902 31129
44002 49618
44102 29339
44202 63987
44302 61544
44402 2728
44502 36038
44602 22868
44702 40245
44802 24350
44902 37511
45002 52640
45102 24382
45202 2660
45302 2215
45402 19118
45502 5354
45602 50075
45702 14260
45802 9778
45902 40892
46002 33313
46102 5299
46202 4645
46302 16276
46402 53590
46502 18100
46602 9115
46702 49099
46802 47422
46902 54194
47002 31743
47102 21533
47202 37890
47302 37608
47402 56827
47502 51799
47602 54511
47702 61611
47802 29164
47902 30756
48002 22981
48102 64518
48202 6777
48302 59362
48402 63901
48502 33866
48602 18884
48702 58965
48802 26874
48902 53317
49002 28936
49102 55304
49202 27926
49302 54316
49402 12925
49502 7120
49602 3172
49702 28666
49802 27920
49902 7796
50002 63732
50102 63079
50202 158
50302 52716
50402 16653
50502 57105
50602 2521
50702 42797
50802 7722
50902 6910
51002 7618
51102 46837
51202 3864
51302 25654
51402 48676
51502 22008
51602 21389
51702 64296
51802 54468
51902 746
52002 56349
52102 44611
52202 25498
52302 50321
52402 12700
52502 31737
52602 51621
52702 27750
52802 36766
52902 16240
53002 813
53102 45569
53202 11258
53302 53305
53402 9789
53502 30767
53602 17079
53702 20999
53802 40636
53902 57079
54002 54339
54102 5511
54202 14464
54302 45894
54402 31917
54502 63508
54602 17627
54702 60734
54802 57379
54902 56434
55002 46468
55102 53130
55202 57730
55302 56889
55402 52746
55502 36920
55602 64264
55702 50050
55802 11134
55902 20602
56002 60861
56102 39653
56202 3535
56302 64268
56402 20960
56502 9425
56602 7840
56702 47199
56802 47658
56902 24730
57002 6189
57102 13136
57202 28089
57302 60184
57402 10616
57502 31087
57602 50922
57702 53125
57802 47525
57902 56835
58002 14697
58102 12334
58202 23503
58302 63302
58402 46971
58502 8988
58602 50521
58702 6827
58802 12323
58902 59038
59002 44014
59102 58476
59202 64062
59302 27465
59402 974
59502 27187
59602 60258
59702 23214
59802 12059
59902 30953
60002 8493
60102 64424
60202 64769
60302 8786
60402 50430
60502 14703
60602 33175
60702 12472
60802 18689
60902 46792
61002 24282
61102 38532
61202 33763
61302 64750
61402 2360
61502 62066
61602 18955
61702 11756
61802 20332
61902 28491
62002 16991
62102 5474
62202 55626
62302 65016
62402 30180
62502 50017
62602 52604
62702 1193
62802 48869
62902 19275
63002 40567
63102 38015
63202 14146
63302 35946
63402 38622
63502 21839
63602 42001
63702 42706
63802 31258
63902 25950
64002 35254
64102 58414
64202 12119
64302 31246
64402 16507
64502 22048
64602 10637
64702 34521
64802 43956
64902 64837
65002 64320
65102 18762
65202 53515
65302 59456
65402 37482
65502 58909
65602 55099
65702 20695
65802 1475
65902 11036
66002 58486
66102 20402
66202 51543
66302 57092
66402 6079
66502 20449
66602 37088
66702 56469
66802 13437
66902 16026
67002 50026
67102 45804
67202 21764
67302 59986
67402 57001
67502 45872
67602 17348
67702 19541
67802 62756
67902 18188
68002 57139
68102 16842
68202 10627
68302 7866
68402 39819
68502 33745
68602 8725
68702 23262
68802 58365
68902 43803
69002 11997
69102 52649
69202 24414
69302 2329
69402 205
69502 35586
69602 42915
69702 62802
69802 39247
69902 62138
70002 36238
70102 14132
70202 13852
70302 44682
70402 53095
70502 14688
70602 43765
70702 54491
70802 48671
70902 13903
71002 42746
71102 48144
71202 61139
71302 6047
71402 6839
71502 24924
71602 2534
71702 34623
71802 40700
71902 30046
72002 2827
72102 64186
72202 25931
72302 46309
72402 30972
72502 54330
72602 24942
72702 61815
72802 40517
72902 3289
73002 1968
73102 22517
73202 24270
73302 31134
73402 54156
73502 9051
73602 62059
73702 39144
73802 63566
73902 54443
74002 40282
74102 13414
74202 39029
74302 18633
74402 21594
74502 7003
74602 2241
74702 31945
74802 21740
74902 28322
75002 10004
75102 24743
75202 47816
75302 6583
75402 58469
75502 56194
75602 38166
75702 5663
75802 22007
75902 626
76002 59919
76102 15198
76202 10319
76302 49471
76402 3827
76502 33451
76602 59091
76702 60765
76802 24486
76902 64240
77002 6888
77102 5257
77202 41078
77302 31438
77402 5858
77502 29095
77602 28606
77702 54110
77802 27811
77902 27095
78002 58176
78102 39884
78202 37181
78302 42573
78402 27448
78502 10193
78602 43737
78702 19965
78802 61454
78902 2808
79002 12575
79102 25127
79202 53284
79302 1966
79402 53239
79502 13817
79602 28907
79702 6524
79802 7947
79902 61322
80002 46003
80102 45109
80202 23641
80302 11504
80402 13004
80502 60533
80602 56364
80702 62294
80802 59256
80902 62409
81002 45531
81102 26611
81202 36798
81302 17573
81402 15603
81502 28879
81602 15130
81702 44686
81802 12748
81902 46884
82002 21791
82102 12594
82202 7081
82302 45766
82402 9070
82502 19402
82602 58269
82702 56284
82802 52503
82902 64461
83002 22042
83102 38745
83202 14267
83302 34776
83402 32677
83502 62913
83602 32659
83702 26480
83802 50287
83902 11347
84002 12632
84102 62192
84202 56509
84302 34061
84402 39541
84502 44617
84602 20848
84702 57991
84802 11128
84902 14273
85002 20218
85102 19942
85202 48689
85302 19080
85402 48803
85502 16776
85602 19697
85702 13522
85802 17848
85902 59533
86002 18228
86102 46173
86202 48911
86302 47802
86402 53569
86502 64482
86602 10347
86702 45031
86802 17937
86902 36344
87002 42740
87102 18644
87202 35933
87302 42235
87402 24612
87502 32900
87602 61089
87702 31744
87802 53754
87902 20995
88002 24901
88102 48425
88202 35491
88302 15724
88402 20509
88502 15402
88602 46173
88702 21150
88802 49133
88902 1605
89002 11755
89102 56385
89202 27591
89302 47283
89402 20967
89502 11360
89602 53447
89702 14875
89802 5441
89902 21661
90002 38464
90102 26797
