102 17777
202 58734
302 54773
402 56100
502 52811
602 39906
702 64402
802 57404
902 12332
1002 31083
1102 57509
1202 28029
1302 38333
1402 29038
1502 19520
1602 42896
1702 60888
1802 56681
1902 47978
2002 59336
2102 26534
2202 21147
2302 5529
2402 15311
2502 18366
2602 63809
2702 42472
2802 63505
2902 18479
3002 45906
3102 14935
3202 58296
3302 48511
3402 16932
3502 64971
3602 46465
3702 28155
3802 54345
3902 38883
4002 8353
4102 7457
4202 30788
4302 40953
4402 43538
4502 18710
4602 40543
4702 53362
4802 36453
4902 25710
5002 65027
5102 4754
5202 19279
5302 2355
5402 50883
5502 31321
5602 6939
5702 13054
5802 42140
5902 63922
6002 21309
6102 5848
6202 5702
6302 18123
6402 33132
6502 29893
6602 52334
6702 13147
6802 61405
6902 33150
7002 993
7102 51955
7202 6289
7302 29649
7402 15062
7502 22246
7602 54930
7702 61763
7802 11601
7902 29447
8002 8037
8102 3195
8202 48828
8302 52694
8402 40131
8502 16391
8602 58291
8702 63193
8802 42531
8902 36808
9002 21309
9102 64107
9202 57349
9302 56091
9402 30197
9502 20124
9602 4203
9702 20165
9802 28487
9902 34416
10002 44548
10102 36450
10202 46306
10302 35615
10402 38477
10502 389
10602 45734
10702 62096
10802 33168
10902 37923
11002 18342
11102 50559
11202 49929
11302 15691
11402 31752
11502 14641
11602 12431
11702 13847
11802 13285
11902 12966
12002 3261
12102 10349
12202 62958
12302 25021
12402 33958
12502 29100
12602 49600
12702 23870
12802 627
12902 53047
13002 1276
13102 52554
13202 28456
13302 1475
13402 56161
13502 59752
13602 63228
13702 61852
13802 1226
13902 1854
14002 52587
14102 8110
14202 26475
14302 45157
14402 40900
14502 34849
14602 34119
14702 53758
14802 37603
14902 44834
15002 53908
15102 33420
15202 8988
15302 2740
15402 2549
15502 36191
15602 7426
15702 5776
15802 27302
15902 10614
16002 57717
16102 54975
16202 22302
16302 44492
16402 46986
16502 63876
16602 13946
16702 62501
16802 4627
16902 38111
17002 32621
17102 7967
17202 37816
17302 38618
17402 25810
17502 49194
17602 41646
17702 23613
17802 57986
17902 64847
18002 33151
18102 8444
18202 42923
18302 43760
18402 43072
18502 56895
18602 7329
18702 29598
18802 432
18902 57674
19002 56667
19102 56654
19202 17910
19302 21748
19402 19278
19502 43987
19602 7446
19702 34904
19802 8262
19902 44441
20002 55797
20102 30775
20202 46324
20302 49071
20402 17562
20502 28009
20602 35834
20702 14223
20802 5347
20902 6934
21002 57180
21102 28254
21202 57733
21302 49129
21402 28267
21502 37619
21602 6591
21702 59300
21802 22778
21902 16804
22002 14754
22102 58394
22202 3832
22302 54040
22402 15301
22502 62960
22602 42438
22702 275
22802 15579
22902 7544
23002 40403
23102 4544
23202 24276
23302 12641
23402 56721
23502 48908
23602 47251
23702 56140
23802 40595
23902 2130
24002 25564
24102 60147
24202 18396
24302 23388
24402 13177
24502 54183
24602 23911
24702 44341
24802 28682
24902 44504
25002 18493
25102 32888
25202 11455
25302 61826
25402 64479
25502 52707
25602 29412
25702 32121
25802 9986
25902 4446
26002 22162
26102 8614
26202 5333
26302 34180
26402 12790
26502 29376
26602 37786
26702 30189
26802 46349
26902 19816
27002 64568
27102 57125
27202 30652
27302 934
27402 29886
27502 29862
27602 59937
27702 54691
27802 15247
27902 17377
28002 27121
28102 43280
28202 9863
28302 47282
28402 62174
28502 28363
28602 4431
28702 62755
28802 37980
28902 37027
29002 2452
29102 30710
29202 52780
29302 1579
29402 61462
29502 42942
29602 49841
29702 64380
29802 53652
29902 16040
30002 16196
30102 39560
30202 2231
30302 43681
30402 17045
30502 194
30602 51167
30702 38227
30802 53634
30902 41244
31002 27545
31102 40411
31202 54479
31302 51728
31402 2254
31502 20396
31602 41685
31702 29307
31802 12850
31902 23706
32002 2401
32102 14029
32202 57237
32302 24916
32402 46477
32502 55948
32602 17017
32702 35165
32802 64400
32902 46533
33002 13162
33102 37975
33202 21800
33302 54403
33402 4938
33502 45231
33602 61789
33702 45618
33802 40560
33902 57753
34002 36786
34102 5565
34202 46660
34302 38837
34402 61940
34502 10688
34602 34463
34702 28909
34802 14539
34902 41960
35002 49152
35102 45166
35202 38353
35302 26226
35402 1079
35502 5562
35602 13216
35702 3514
35802 1880
35902 2034
36002 38412
36102 42020
36202 53456
36302 39530
36402 57816
36502 2534
36602 38386
36702 60460
36802 36178
36902 16485
37002 22311
37102 63405
37202 8776
37302 65304
37402 56675
37502 43688
37602 21512
37702 56660
37802 12215
37902 10272
38002 59080
38102 65265
38202 24567
38302 54931
38402 29650
38502 57094
38602 58940
38702 17372
38802 38278
38902 35011
39002 53232
39102 39630
39202 16799
39302 13140
39402 3898
39502 32873
39602 10145
39702 6752
39802 4563
39902 422
40002 56241
40102 43830
40202 46697
40302 8233
40402 48062
40502 57981
40602 23073
40702 53039
40802 34765
40902 1385
41002 41553
41102 21983
41202 37738
41302 5770
41402 18319
41502 19034
41602 1420
41702 43314
41802 57981
41902 62591
42002 3606
42102 3588
42202 49686
42302 47730
42402 11974
42502 47620
42602 55724
42702 55282
42802 49227
42902 30754
43002 55448
43102 46062
43202 47755
43302 41406
43402 51424
43502 52249
43602 52331
43702 54012
43802 60613
43902 16636
44002 41036
44102 35798
44202 46896
44302 33091
44402 50984
44502 56205
44602 54258
44702 24351
44802 46397
44902 1269
45002 39289
45102 42151
45202 57072
45302 11323
45402 56183
45502 62730
45602 53256
45702 14066
45802 27217
45902 19431
46002 16605
46102 7316
46202 59262
46302 61343
46402 42935
46502 53203
46602 33452
46702 41048
46802 26221
46902 2115
47002 20474
47102 7226
47202 15907
47302 58282
47402 20949
47502 49085
47602 14905
47702 11239
47802 37542
47902 4739
48002 51284
48102 39852
48202 14292
48302 36346
48402 2231
48502 37753
48602 16198
48702 17459
48802 35961
48902 9857
49002 19464
49102 31422
49202 60259
49302 51515
49402 60153
49502 31814
49602 22263
49702 9778
49802 6794
49902 15864
50002 33915
50102 34965
50202 17389
50302 27951
50402 9652
50502 33557
50602 20603
50702 37747
50802 60904
50902 36099
51002 39483
51102 11915
51202 15697
51302 49366
51402 12218
51502 54047
51602 38956
51702 6182
51802 49137
51902 18289
52002 11035
52102 2131
52202 7212
52302 22888
52402 52791
52502 52771
52602 49604
52702 64571
52802 46384
52902 28881
53002 64849
53102 9385
53202 43124
53302 38883
53402 33748
53502 19136
53602 6237
53702 56120
53802 11148
53902 62165
54002 42669
54102 8769
54202 63962
54302 6009
54402 39664
54502 27854
54602 54227
54702 43473
54802 4740
54902 55189
55002 8237
55102 2358
55202 57590
55302 51350
55402 12638
55502 492
55602 7378
55702 34812
55802 53240
55902 9973
56002 63049
56102 15563
56202 31863
56302 8606
56402 23541
56502 62410
56602 27660
56702 20842
56802 38616
56902 39002
57002 22543
57102 46958
57202 61455
57302 37543
57402 42029
57502 28406
57602 39929
57702 31313
57802 1850
57902 30110
58002 37357
58102 41756
58202 9895
58302 31764
58402 58866
58502 30648
58602 23425
58702 40607
58802 7185
58902 62404
59002 26278
59102 64629
59202 26289
59302 5560
59402 20921
59502 60624
59602 36088
59702 17899
59802 23570
59902 64092
60002 57979
60102 38774
60202 36914
60302 8635
60402 4874
60502 42738
60602 11623
60702 20465
60802 12942
60902 41547
61002 59535
61102 64287
61202 6961
61302 43598
61402 9062
61502 19249
61602 1690
61702 55689
61802 3887
61902 9394
62002 41515
62102 45377
62202 32632
62302 59552
62402 63292
62502 11834
62602 46213
62702 19875
62802 35829
62902 5229
63002 52263
63102 34718
63202 1521
63302 8661
63402 62145
63502 56095
63602 11474
63702 54555
63802 50124
63902 41066
64002 6032
64102 13134
64202 50450
64302 45215
64402 37919
64502 59125
64602 26733
64702 61540
64802 26178
64902 4788
65002 3451
65102 45845
65202 21117
65302 7951
65402 34460
65502 26239
65602 37463
65702 41231
65802 36580
65902 2259
66002 3947
66102 15430
66202 31297
66302 37862
66402 14013
66502 27103
66602 49462
66702 22833
66802 4865
66902 38902
67002 16921
67102 50800
67202 16212
67302 60020
67402 11317
67502 44865
67602 50652
67702 38963
67802 7564
67902 18170
68002 34114
68102 17010
68202 3328
68302 61409
68402 44397
68502 45782
68602 37320
68702 51560
68802 6613
68902 1904
69002 59799
69102 6411
69202 45880
69302 14770
69402 16618
69502 10822
69602 26491
69702 24649
69802 32965
69902 10837
70002 20762
70102 46092
70202 45764
70302 38061
70402 25868
70502 2721
70602 32227
70702 41815
70802 9591
70902 39475
71002 27515
71102 46813
71202 15049
71302 19797
71402 34144
71502 53160
71602 16906
71702 14963
71802 30298
71902 38514
72002 64880
72102 38408
72202 53405
72302 38593
72402 31095
72502 30720
72602 26239
72702 8660
72802 11143
72902 58155
73002 10500
73102 5073
73202 38557
73302 5312
73402 26302
73502 32473
73602 32681
73702 2564
73802 44777
73902 60024
74002 4997
74102 41707
74202 57585
74302 1920
74402 31849
74502 38813
74602 46545
74702 30342
74802 58308
74902 59962
75002 31366
75102 7803
75202 9790
75302 46240
75402 11004
75502 6450
75602 57600
75702 11212
75802 45166
75902 40694
76002 24626
76102 48738
76202 29827
76302 18211
76402 35799
76502 1690
76602 63124
76702 28058
76802 49928
76902 17278
77002 36733
77102 11961
77202 52608
77302 21188
77402 31535
77502 52157
77602 38542
77702 225
77802 1099
77902 35481
78002 20472
78102 39831
78202 9713
78302 50441
78402 47565
78502 37899
78602 38535
78702 12769
78802 43161
78902 5412
79002 16030
79102 25275
79202 63657
79302 48819
79402 25488
79502 40546
79602 45901
79702 35111
79802 25437
79902 58782
80002 23100
80102 61345
80202 37637
80302 20710
80402 41465
80502 39453
80602 52562
80702 21514
80802 17244
80902 38990
81002 62988
81102 42359
81202 14497
81302 49605
81402 34850
81502 45851
81602 61348
81702 31596
81802 52192
81902 8912
82002 32887
82102 10091
82202 18286
82302 49498
82402 54249
82502 45423
82602 64413
82702 59282
82802 4432
82902 4559
83002 21434
83102 32214
83202 3601
83302 35260
83402 8190
83502 19323
83602 6773
83702 38395
83802 36724
83902 56710
84002 52818
84102 6187
84202 62031
84302 25568
84402 48071
84502 44875
84602 58359
84702 14464
84802 7004
84902 52724
85002 5915
85102 55889
85202 35523
85302 28729
85402 769
85502 12267
85602 39948
85702 4333
85802 39158
85902 57542
86002 415
86102 14479
86202 44623
86302 10979
86402 43127
86502 61844
86602 6005
86702 33858
86802 10326
86902 35790
87002 2389
87102 44010
87202 50431
87302 59723
87402 11511
87502 37496
87602 17251
87702 52453
87802 29712
87902 27897
88002 59379
88102 32750
88202 41298
88302 56739
88402 2775
88502 62638
88602 49646
88702 31220
88802 58024
88902 28624
89002 50321
89102 45333
89202 417
89302 21478
89402 976
89502 23672
89602 46331
89702 34902
89802 60040
89902 25915
90002 28738
90102 33201
