102 33734
202 25315
302 57053
402 7238
502 27319
602 50715
702 60332
802 63969
902 30474
1002 56561
1102 58111
1202 38842
1302 58860
1402 259
1502 49697
1602 44323
1702 54583
1802 28033
1902 24751
2002 16267
2102 55101
2202 59536
2302 17825
2402 4822
2502 23323
2602 33134
2702 36144
2802 27752
2902 9389
3002 6223
3102 2600
3202 34944
3302 27282
3402 45327
3502 57826
3602 13816
3702 24952
3802 10168
3902 11806
4002 45848
4102 1759
4202 6128
4302 41464
4402 24128
4502 40646
4602 58416
4702 56131
4802 2913
4902 43456
5002 53913
5102 37230
5202 34775
5302 43344
5402 37083
5502 64709
5602 51032
5702 2008
5802 14493
5902 54576
6002 8876
6102 27446
6202 5461
6302 6914
6402 23692
6502 54996
6602 52039
6702 4593
6802 18191
6902 49342
7002 13774
7102 7110
7202 41090
7302 34608
7402 12500
7502 31488
7602 62184
7702 5651
7802 2819
7902 22051
8002 61623
8102 32334
8202 51972
8302 20059
8402 944
8502 38891
8602 26823
8702 54508
8802 40631
8902 249
9002 36812
9102 51087
9202 3887
9302 472
9402 5537
9502 30941
9602 16161
9702 30968
9802 51867
9902 47306
10002 23767
10102 22701
10202 55157
10302 24352
10402 53907
10502 25755
10602 14787
10702 53831
10802 51933
10902 59057
11002 46911
11102 55065
11202 42903
11302 26832
11402 57449
11502 40633
11602 56471
11702 22510
11802 11489
11902 19608
12002 53945
12102 41986
12202 32654
12302 53646
12402 49712
12502 4356
12602 33569
12702 1992
12802 50887
12902 3923
13002 39527
13102 12918
13202 43136
13302 35940
13402 47404
13502 39429
13602 3680
13702 18921
13802 7258
13902 28585
14002 3443
14102 9457
14202 26755
14302 15534
14402 48918
14502 23990
14602 61078
14702 3881
14802 42380
14902 31795
15002 11981
15102 59338
15202 29852
15302 64521
15402 29203
15502 62040
15602 51705
15702 27721
15802 30988
15902 1085
16002 49461
16102 26488
16202 64512
16302 2903
16402 32486
16502 11912
16602 33185
16702 10248
16802 22888
16902 23750
17002 27195
17102 50677
17202 12992
17302 370
17402 30242
17502 4190
17602 254
17702 43216
17802 23914
17902 55765
18002 4212
18102 47474
18202 20482
18302 36989
18402 50494
18502 12122
18602 11397
18702 42349
18802 25292
18902 22180
19002 19514
19102 33196
19202 17232
19302 6558
19402 47446
19502 8142
19602 28973
19702 19356
19802 12263
19902 56186
20002 63183
20102 56182
20202 51738
20302 27379
20402 42658
20502 17478
20602 33874
20702 41345
20802 11414
20902 51585
21002 47479
21102 56021
21202 4751
21302 33328
21402 42166
21502 17595
21602 49542
21702 54050
21802 52121
21902 43663
22002 49462
22102 45362
22202 19507
22302 24957
22402 42563
22502 63390
22602 48511
22702 27726
22802 3372
22902 1561
23002 53
23102 53226
23202 34904
23302 31664
23402 21552
23502 34832
23602 59542
23702 63758
23802 15609
23902 39278
24002 41539
24102 46996
24202 7218
24302 35340
24402 1838
24502 37420
24602 17617
24702 10267
24802 7902
24902 8330
25002 22017
25102 54712
25202 57843
25302 8547
25402 52488
25502 15945
25602 35086
25702 14898
25802 7203
25902 53327
26002 16036
26102 28232
26202 31294
26302 14814
26402 4850
26502 15337
26602 54148
26702 39274
26802 38129
26902 59869
27002 49923
27102 29972
27202 8041
27302 6604
27402 35114
27502 53835
27602 4731
27702 30653
27802 34162
27902 59358
28002 36893
28102 1202
28202 7090
28302 40579
28402 52337
28502 57650
28602 47754
28702 17843
28802 6021
28902 62478
29002 55071
29102 39863
29202 8891
29302 64478
29402 40400
29502 28534
29602 52531
29702 14221
29802 21593
29902 7716
30002 2269
30102 6076
30202 60431
30302 41808
30402 28787
30502 50915
30602 62222
30702 57794
30802 9258
30902 59173
31002 7888
31102 16073
31202 31652
31302 5091
31402 35713
31502 59280
31602 59815
31702 33043
31802 29205
31902 20311
32002 52180
32102 154
32202 11851
32302 21262
32402 35183
32502 49716
