102 17075
202 25191
302 4163
402 27192
502 3306
602 58290
702 16035
802 1251
902 65086
1002 26137
1102 2832
1202 1410
1302 8165
1402 6394
1502 2264
1602 14104
1702 42428
1802 20504
1902 42413
2002 20692
2102 55964
2202 26240
2302 17150
2402 9943
2502 30423
2602 19149
2702 60391
2802 18374
2902 44397
3002 26000
3102 4481
3202 31202
3302 5771
3402 59517
3502 14181
3602 41712
3702 23317
3802 59208
3902 32562
4002 15362
4102 49993
4202 4544
4302 19282
4402 10702
4502 3598
4602 9583
4702 47085
4802 26199
4902 10880
5002 28568
5102 49163
5202 22576
5302 41272
5402 47295
5502 17695
5602 27124
5702 29930
5802 17918
5902 42273
6002 51045
6102 18546
6202 24547
6302 15239
6402 13662
6502 39606
6602 38539
6702 60848
6802 44841
6902 27006
7002 885
7102 43953
7202 25338
7302 5394
7402 5041
7502 47879
7602 57394
7702 47674
7802 49308
7902 33572
8002 7971
8102 13348
8202 52490
8302 8477
8402 1710
8502 9706
8602 56444
8702 64477
8802 52364
8902 45929
9002 35581
9102 32459
9202 2095
9302 31092
9402 35283
9502 62842
9602 53647
9702 32945
9802 31505
9902 19639
10002 19229
10102 34322
10202 41711
10302 63186
10402 31339
10502 15834
10602 863
10702 58663
10802 14124
10902 24216
11002 51512
11102 25435
11202 65484
11302 48156
11402 31327
11502 43129
11602 32922
11702 32557
11802 7291
11902 47527
12002 18297
12102 13161
12202 19154
12302 62967
12402 7279
12502 48638
12602 8831
12702 21240
12802 22465
12902 59737
13002 18006
13102 59818
13202 46397
13302 11771
13402 47397
13502 36914
13602 2080
13702 6090
13802 60623
13902 7765
14002 16194
14102 21073
14202 23237
14302 32920
14402 44788
14502 63629
14602 57666
14702 33736
14802 58358
14902 38097
15002 13088
15102 45477
15202 5825
15302 31289
15402 61209
15502 44734
15602 56373
15702 47834
15802 53535
15902 41663
16002 25672
16102 845
16202 6112
16302 47952
16402 25605
16502 34048
16602 14621
16702 44959
16802 60577
16902 21770
17002 54488
17102 33466
17202 24635
17302 27433
17402 46799
17502 48534
17602 8163
17702 47221
17802 55773
17902 52991
18002 22399
18102 38608
18202 23555
18302 4301
18402 28890
18502 27917
18602 23252
18702 54836
18802 56440
18902 4478
19002 6920
19102 58778
19202 47391
19302 52516
19402 59795
19502 9665
19602 42051
19702 17379
19802 57957
19902 41464
20002 16164
20102 38504
20202 46
20302 45256
20402 63936
20502 52482
20602 48315
20702 13085
20802 28438
20902 61417
21002 29795
21102 36680
21202 7629
21302 36677
21402 5701
21502 62145
21602 14847
21702 23700
21802 58717
21902 19095
22002 10618
22102 1165
22202 41674
22302 4169
22402 53511
22502 43941
22602 16332
22702 20327
22802 1155
22902 59755
23002 40137
23102 49784
23202 12739
23302 50983
23402 15391
23502 53738
23602 14249
23702 1243
23802 44546
23902 60767
24002 53000
24102 35139
24202 2557
24302 23770
24402 339
24502 43715
24602 4626
24702 49879
24802 35091
24902 46206
25002 60515
25102 52684
25202 27831
25302 6982
25402 53944
25502 35638
25602 32945
25702 46656
25802 49479
25902 52898
26002 33951
26102 39084
26202 48811
26302 65409
26402 4517
26502 49077
26602 48521
26702 22997
26802 29063
26902 49684
27002 40985
27102 12106
27202 1975
27302 37983
27402 1781
27502 46190
27602 53744
27702 12169
27802 12954
27902 63013
28002 47911
28102 50558
28202 29488
28302 7406
28402 47607
28502 27586
28602 17658
28702 45072
28802 47233
28902 33996
29002 2392
29102 29468
29202 34249
29302 2604
29402 12930
29502 36515
29602 27159
29702 65103
29802 7577
29902 15890
30002 3166
30102 64065
30202 9893
30302 56115
30402 4279
30502 1738
