102 21583
202 30002
302 16076
402 22807
502 36690
602 43903
702 1017
802 30146
902 21332
1002 42680
1102 61857
1202 58813
1302 16610
1402 20812
1502 1153
1602 19179
1702 29459
1802 18739
1902 61722
2002 31833
2102 4416
2202 50121
2302 29799
2402 54584
2502 11673
2602 63516
2702 35685
2802 54703
2902 39086
3002 27241
3102 52753
3202 57182
3302 35664
3402 25548
3502 22788
3602 2887
3702 18459
3802 26085
3902 30693
4002 61381
4102 26461
4202 53527
4302 35445
4402 56582
4502 47116
4602 11761
4702 16811
4802 932
4902 51117
5002 21686
5102 27119
5202 36844
5302 52320
5402 6759
5502 6398
5602 58361
5702 11333
5802 34502
5902 33126
6002 15643
6102 49942
6202 16815
6302 49675
6402 11772
6502 32858
6602 29453
6702 24699
6802 17393
6902 29421
7002 33367
7102 29561
7202 12003
7302 17954
7402 28173
7502 7389
7602 46220
7702 30168
7802 55422
7902 65458
8002 22980
8102 25668
8202 27500
8302 46734
8402 36415
8502 8645
8602 4882
8702 5346
8802 29074
8902 26742
9002 8379
9102 46399
9202 28807
9302 23985
9402 39756
9502 30893
9602 11393
9702 39237
9802 832
9902 40098
10002 48954
10102 13673
10202 4341
10302 24926
10402 27621
10502 62735
10602 35379
10702 8223
10802 60817
10902 38556
11002 614
11102 35338
11202 38108
11302 12795
11402 2366
11502 4180
11602 59566
11702 50559
11802 36449
11902 43188
12002 9172
12102 2112
12202 17220
12302 40028
12402 2856
12502 4927
12602 23593
12702 60631
12802 55278
12902 60343
13002 31572
13102 41309
13202 27342
13302 35608
13402 18799
13502 23571
13602 2254
13702 9026
13802 21621
13902 57956
14002 16811
14102 13563
14202 17407
14302 29319
14402 6746
14502 12154
14602 58153
14702 24955
14802 50605
14902 4713
15002 37690
15102 43852
15202 43225
15302 65276
15402 52447
15502 34383
15602 57496
15702 34672
15802 1309
15902 52720
16002 12959
16102 63142
16202 59977
16302 55862
16402 54713
16502 48499
16602 25633
16702 2846
16802 12323
16902 6893
17002 52362
17102 37975
17202 25474
17302 41326
17402 8706
17502 47204
17602 14832
17702 64338
17802 18792
17902 12483
18002 29288
18102 47942
18202 26588
18302 64927
18402 35567
18502 13378
18602 52224
18702 37605
18802 12743
18902 19694
19002 38688
19102 6841
19202 7177
19302 20909
19402 19578
19502 48943
19602 49948
19702 4886
19802 41967
19902 24948
20002 41268
20102 27466
20202 20110
20302 40110
20402 63899
20502 42105
20602 49602
20702 22908
20802 18611
20902 3921
21002 54113
21102 27815
21202 14175
21302 41537
21402 37450
21502 33345
21602 62699
21702 28861
21802 51060
21902 6370
22002 39139
22102 34455
22202 11607
22302 718
22402 46523
22502 14818
22602 21174
22702 5804
22802 6250
22902 63838
23002 41979
23102 65049
23202 32481
23302 39386
23402 37940
23502 32976
23602 23832
23702 34687
23802 53802
23902 48268
24002 64282
24102 6282
24202 45388
24302 16769
24402 14938
24502 8959
24602 23036
24702 19741
24802 19961
24902 34359
25002 41959
25102 47751
25202 22653
25302 56100
25402 59550
25502 55533
25602 54502
25702 4384
25802 2759
25902 53210
26002 33179
26102 2042
26202 55874
26302 46901
26402 11642
26502 61389
26602 31659
26702 34103
26802 10328
26902 17347
27002 32122
27102 11704
27202 40801
27302 50964
27402 14440
27502 46076
27602 50106
27702 11004
27802 14178
27902 7598
28002 35797
28102 27400
28202 21851
28302 3734
28402 9217
28502 52673
28602 61859
28702 4713
28802 54200
28902 56761
29002 53229
29102 54287
29202 42935
29302 54053
29402 54799
29502 6670
29602 58762
29702 26658
29802 44314
29902 12357
30002 3601
30102 4467
30202 35629
30302 47729
30402 53671
30502 43884
30602 16993
30702 34509
30802 13395
30902 58043
31002 41900
31102 26552
31202 60422
31302 56553
31402 31130
31502 34327
31602 36173
31702 31509
31802 22197
31902 2858
32002 57968
32102 42545
32202 40569
32302 13287
32402 22363
32502 11360
32602 63848
32702 17887
32802 19905
32902 14251
33002 61767
33102 53675
33202 27391
33302 52086
33402 11393
33502 11428
33602 21763
33702 60248
33802 35290
33902 39139
34002 4294
34102 5903
34202 62856
34302 3731
34402 27823
34502 50321
34602 42556
34702 37874
34802 29660
34902 31297
35002 18117
35102 59714
35202 27222
35302 2109
35402 54663
35502 56737
35602 18804
35702 56837
35802 27263
35902 29647
36002 14223
36102 50207
36202 1311
36302 57758
36402 24007
36502 50107
36602 48016
36702 56808
36802 28510
36902 18996
37002 60452
37102 31724
37202 51715
37302 10624
37402 45537
37502 12311
37602 61068
37702 20182
37802 51003
37902 8994
38002 20308
38102 62988
38202 2950
38302 24414
38402 33945
38502 27271
38602 17172
38702 49654
38802 40144
38902 32457
39002 17955
39102 3207
39202 62291
39302 61733
39402 525
39502 40470
39602 63116
39702 10355
39802 39737
39902 10491
40002 6911
40102 39716
40202 10032
40302 46667
40402 6400
40502 25990
40602 17590
40702 20402
40802 2075
40902 38618
41002 59767
41102 65323
41202 47670
41302 29610
41402 1569
41502 34172
41602 34105
41702 21585
41802 65163
41902 21945
42002 61859
42102 24312
42202 12035
42302 27828
42402 10127
42502 21977
42602 46412
42702 47526
42802 58631
42902 64627
43002 47730
43102 7687
43202 9687
43302 45208
43402 4199
43502 49513
43602 35896
43702 10578
43802 45390
43902 30830
44002 31348
44102 32847
44202 61196
44302 63220
44402 49430
44502 13581
44602 44166
44702 32986
44802 81
44902 49055
45002 13771
45102 24946
45202 21967
45302 48046
45402 63196
45502 30789
45602 34036
45702 52569
45802 32716
45902 52240
46002 7907
46102 29425
46202 31976
46302 8501
46402 18269
46502 55652
46602 14524
46702 49103
46802 18328
46902 54966
47002 25225
47102 8673
47202 22917
47302 5685
47402 39819
47502 39670
47602 33279
47702 36737
47802 39979
47902 40840
48002 32265
48102 13518
48202 30429
48302 2322
48402 26106
48502 61427
48602 40091
48702 5640
48802 62585
48902 42432
49002 7801
49102 2200
49202 29450
49302 1540
49402 13001
49502 9232
49602 28931
49702 39256
49802 25694
49902 52301
50002 46443
50102 16760
50202 25546
50302 42525
50402 22033
50502 40926
50602 17670
50702 16620
50802 47499
50902 19775
51002 28963
51102 30351
51202 42651
51302 53254
51402 58806
51502 29078
51602 26946
51702 40024
51802 62561
51902 36920
52002 44878
52102 50900
52202 49186
52302 59470
52402 42403
52502 23091
52602 16627
52702 21737
52802 61093
52902 14948
53002 43283
53102 64139
53202 9047
53302 12829
53402 64391
53502 12403
53602 52006
53702 27576
53802 9285
53902 58288
54002 4978
54102 34068
54202 952
54302 13013
54402 23067
54502 65317
54602 37398
54702 17775
54802 64088
54902 10626
55002 54558
55102 17090
55202 7037
55302 20582
55402 18090
55502 49339
55602 56316
55702 43035
55802 47854
55902 40090
56002 25138
56102 47690
56202 47866
56302 55088
56402 47808
56502 18483
56602 18757
56702 36204
56802 3875
56902 43121
57002 34867
57102 45859
57202 24528
57302 55192
57402 19916
57502 822
57602 39862
57702 17167
57802 15359
57902 5354
58002 48281
58102 33975
58202 57918
58302 6024
58402 2659
58502 7213
58602 64094
58702 48854
58802 42107
58902 44067
59002 60944
59102 43063
59202 8376
59302 29603
59402 34617
59502 38137
59602 60850
59702 5388
59802 20233
59902 61240
60002 54153
60102 34683
60202 12751
60302 59595
60402 25481
60502 27474
60602 116
60702 61448
60802 57893
60902 1707
61002 43488
61102 38559
61202 52354
61302 45881
61402 9866
61502 42433
61602 50070
61702 51090
61802 8755
61902 60229
62002 33033
62102 31173
62202 18806
62302 1262
62402 5168
62502 57932
62602 6863
62702 54728
62802 26354
62902 56927
63002 23443
63102 57025
63202 7260
63302 16158
63402 38764
63502 33043
63602 18375
63702 42888
63802 50137
63902 43390
64002 6228
64102 27929
64202 42013
64302 7681
64402 12332
64502 59748
64602 19448
64702 61749
64802 1645
64902 1515
65002 57074
65102 58006
65202 27414
65302 24527
65402 12415
65502 44286
65602 39644
65702 56564
65802 29378
65902 32971
66002 24876
66102 23661
66202 8799
66302 60948
66402 39088
66502 41539
66602 13795
66702 37329
66802 16510
66902 65224
67002 9701
67102 40133
67202 11553
67302 11464
67402 34858
67502 16729
67602 47313
67702 50842
67802 37998
67902 43944
68002 32035
68102 59968
68202 21372
68302 47663
68402 61100
68502 5850
68602 64059
68702 47384
68802 21672
68902 57695
69002 16176
69102 21060
69202 37739
69302 46696
69402 26178
69502 32643
69602 47952
69702 7877
69802 43909
69902 39257
70002 51219
70102 12163
70202 28066
70302 30133
70402 39579
70502 36622
70602 29042
70702 16531
70802 46611
70902 9381
71002 30771
71102 24308
71202 24912
71302 45244
71402 31068
71502 35396
71602 62241
71702 44580
71802 43113
71902 19375
72002 59660
72102 26010
72202 47463
72302 17877
72402 26427
72502 40600
72602 49997
72702 6446
72802 5935
72902 55830
73002 11007
73102 39878
73202 18487
73302 35337
73402 56671
73502 63452
73602 6523
73702 28373
73802 9729
73902 52667
74002 7017
74102 45873
74202 54907
74302 50606
74402 32183
74502 8038
74602 43944
74702 5774
74802 12896
74902 24325
75002 32788
75102 31703
75202 33032
75302 40666
75402 22312
75502 55153
75602 14038
75702 34893
75802 17345
75902 56088
76002 41824
76102 46220
76202 13479
76302 15228
76402 33191
76502 45847
76602 6323
76702 58926
76802 23825
76902 47859
77002 21540
77102 44857
77202 50372
77302 43444
77402 42558
77502 6216
77602 42040
77702 37887
77802 1075
77902 24313
78002 23125
78102 54071
78202 33334
78302 11747
78402 38066
78502 7738
78602 42608
78702 4566
78802 35530
78902 31408
79002 24834
79102 54492
79202 51042
79302 24339
79402 36627
79502 56851
79602 50404
79702 27982
79802 3307
79902 15171
80002 10133
80102 16078
80202 22243
80302 34354
80402 24297
80502 29878
80602 9854
80702 10913
80802 10808
80902 32733
81002 26749
81102 9992
81202 34698
81302 22861
81402 33425
81502 47737
81602 38403
81702 18520
81802 4045
81902 7594
82002 14537
82102 30550
82202 45118
82302 64535
82402 14192
82502 10506
82602 40960
82702 29785
82802 9804
82902 50606
83002 26705
83102 35680
83202 7860
83302 62824
83402 44174
83502 3137
83602 34074
83702 5752
83802 5346
83902 64608
84002 26492
84102 36284
84202 37528
84302 14629
84402 14259
84502 15214
84602 18300
84702 19896
84802 10638
84902 7900
85002 23503
85102 36007
85202 7087
85302 633
85402 8562
85502 56419
85602 35123
85702 55888
85802 54048
85902 39837
86002 12981
86102 14113
86202 47517
86302 7084
86402 13606
86502 10035
86602 35836
86702 39808
86802 47293
86902 39445
87002 25835
87102 4512
87202 6944
87302 39645
87402 8542
87502 57122
87602 25379
87702 48153
87802 38323
87902 55780
88002 25777
88102 62886
88202 8013
88302 17625
88402 17708
88502 21547
88602 55754
88702 47512
88802 56062
88902 32836
89002 39734
89102 45966
89202 63457
89302 49669
89402 6421
89502 3443
89602 33041
89702 59254
89802 45099
89902 23615
90002 17855
90102 54432
