102 18014
202 57695
302 44696
402 61125
502 19750
602 53563
702 64801
802 27017
902 39371
1002 3629
1102 4131
1202 59226
1302 25272
1402 28163
1502 28545
1602 58033
1702 12575
1802 4293
1902 4564
2002 64547
2102 54834
2202 5919
2302 38360
2402 41591
2502 34798
2602 56427
2702 46212
2802 54980
2902 52216
3002 53463
3102 43550
3202 56418
3302 49597
3402 13477
3502 51403
3602 4829
3702 17644
3802 34763
3902 27069
4002 42276
4102 64973
4202 27964
4302 49497
4402 20907
4502 44305
4602 31032
4702 8422
4802 47557
4902 34360
5002 30633
5102 38579
5202 41851
5302 12470
5402 60369
5502 52455
5602 55305
5702 60120
5802 30911
5902 27846
6002 5363
6102 25563
6202 36142
6302 48889
6402 14604
6502 60857
6602 1995
6702 42170
6802 51997
6902 60117
7002 50394
7102 43486
7202 1314
7302 24227
7402 51274
7502 9609
7602 21862
7702 45758
7802 56492
7902 58475
8002 1957
8102 47848
8202 14020
8302 64293
8402 57130
8502 52322
8602 58889
8702 39976
8802 59474
8902 1472
9002 22547
9102 46508
9202 51771
9302 34772
9402 15458
9502 23743
9602 54278
9702 30457
9802 1540
9902 23423
10002 62063
10102 498
10202 21620
10302 57982
10402 42615
10502 39935
10602 37038
10702 39009
10802 39438
10902 64537
11002 49784
11102 41304
11202 36487
11302 13147
11402 50832
11502 62982
11602 829
11702 44005
11802 17768
11902 27348
12002 11004
12102 39165
12202 41883
12302 6255
12402 46487
12502 44673
12602 2409
12702 38999
12802 44364
12902 34895
13002 31368
13102 64764
13202 37567
13302 30829
13402 35176
13502 51952
13602 41801
13702 46349
13802 26923
13902 30758
14002 10914
14102 49571
14202 12342
14302 44903
14402 30155
14502 40127
14602 56301
14702 39448
14802 4485
14902 8312
15002 13706
15102 10941
15202 25463
15302 15010
15402 35450
15502 11187
15602 22089
15702 51146
15802 26301
15902 63652
16002 3197
16102 35597
16202 13774
16302 28091
16402 24566
16502 19870
16602 19798
16702 43671
16802 10658
16902 57944
17002 37520
17102 50783
17202 53035
17302 31144
17402 43706
17502 40761
17602 4269
17702 42194
17802 54249
17902 49841
18002 40992
18102 22996
18202 29746
18302 61984
18402 2003
18502 61486
18602 29453
18702 44570
18802 63063
18902 23549
19002 38350
19102 29928
19202 28639
19302 26766
19402 12462
19502 21
19602 1947
19702 16022
19802 54421
19902 18801
20002 4142
20102 61872
20202 62436
20302 31874
20402 30548
20502 19709
20602 6545
20702 24313
20802 48693
20902 6518
21002 12685
21102 51223
21202 17313
21302 64711
21402 43908
21502 19768
21602 52972
21702 63427
21802 45772
21902 9668
22002 41488
22102 12978
22202 9082
22302 58170
22402 14941
22502 36045
22602 43586
22702 20355
22802 21892
22902 47686
23002 4184
23102 29298
23202 14068
23302 31733
23402 41615
23502 35319
23602 65227
23702 11066
23802 51433
23902 28418
24002 34456
24102 38813
24202 14763
24302 16729
24402 38421
24502 38745
24602 22524
24702 21728
24802 3750
24902 5088
25002 62590
25102 15555
25202 26679
25302 9291
25402 58216
25502 20989
25602 27741
25702 42673
25802 49330
25902 11648
26002 22302
26102 43452
26202 15764
26302 8280
26402 8911
26502 31040
26602 23896
26702 2892
26802 303
26902 38924
27002 22441
27102 33173
27202 44808
27302 60427
27402 32967
27502 42988
27602 7169
27702 10679
27802 40400
27902 38649
28002 551
28102 24415
28202 23668
28302 54810
28402 1653
28502 2546
28602 19321
28702 21264
28802 37431
28902 7138
29002 9456
29102 40095
29202 422
29302 36073
29402 33810
29502 21277
29602 60540
29702 18103
29802 27797
29902 51472
30002 32277
30102 30345
30202 64774
30302 54841
30402 52705
30502 45777
30602 54435
30702 2190
30802 54174
30902 20868
31002 12334
31102 44280
31202 33861
31302 48899
31402 53655
31502 16996
31602 13708
31702 23687
31802 44134
31902 62653
32002 32859
32102 31814
32202 52355
32302 11707
32402 58137
32502 8386
32602 32467
32702 17055
32802 54622
32902 31440
33002 64916
33102 572
33202 30988
33302 128
33402 29054
33502 40883
33602 28938
33702 10568
33802 36006
33902 19175
34002 46104
34102 11386
34202 58973
34302 37756
34402 39410
34502 27996
34602 9841
34702 56245
34802 21530
34902 27503
35002 58322
35102 23742
35202 29786
35302 61022
35402 60943
35502 20654
35602 23981
35702 13176
35802 42029
35902 55129
36002 63876
36102 8804
36202 24524
36302 58008
36402 45961
36502 53577
36602 26204
36702 4202
36802 24241
36902 563
37002 13922
37102 59987
37202 60905
37302 25022
37402 31536
37502 1066
37602 20348
37702 8943
37802 952
37902 9763
38002 8319
38102 31665
38202 51307
38302 56886
38402 62543
38502 10822
38602 43791
38702 61667
38802 1904
38902 26448
39002 9139
39102 27697
39202 1728
39302 54695
39402 20748
39502 55657
39602 23314
39702 31503
39802 25275
39902 27738
40002 30742
40102 1500
40202 38247
40302 15227
40402 15310
40502 11913
40602 55004
40702 10501
40802 6328
40902 8814
41002 25397
41102 49408
41202 33146
41302 52959
41402 8385
41502 40448
41602 37533
41702 55078
41802 54363
41902 59329
42002 26188
42102 64314
42202 48906
42302 7963
42402 26218
42502 49289
42602 43234
42702 39410
42802 32021
42902 57994
43002 20687
43102 40113
43202 60121
43302 23070
43402 31586
43502 32304
43602 52430
43702 11320
43802 62765
43902 45738
44002 29876
44102 21015
44202 11189
44302 32486
44402 13476
44502 35822
44602 5847
44702 45124
44802 8402
44902 3670
45002 39390
45102 39783
45202 62304
45302 42940
45402 346
45502 50941
45602 36038
45702 34369
45802 50448
45902 26277
46002 13589
46102 5811
46202 21723
46302 60095
46402 29502
46502 58390
46602 22084
46702 18064
46802 21679
46902 18066
47002 48034
47102 7871
47202 52432
47302 29969
47402 37611
47502 6072
47602 7773
47702 34191
47802 29175
47902 27648
48002 32696
48102 42670
48202 58257
48302 25263
48402 61282
48502 4932
48602 37284
48702 46163
48802 12150
48902 36506
49002 7272
49102 59486
49202 50905
49302 61341
49402 30866
49502 21707
49602 58951
49702 36474
49802 10988
49902 45550
50002 44368
50102 25242
50202 15358
50302 53358
50402 18916
50502 52730
50602 45254
50702 55930
50802 48740
50902 216
51002 47063
51102 34967
51202 53194
51302 15446
51402 31097
51502 53117
51602 54463
51702 2272
51802 36725
51902 45837
52002 23351
52102 6228
52202 17255
52302 38017
52402 9230
52502 12169
52602 15084
52702 40690
52802 57596
52902 50027
53002 62238
53102 45602
53202 45391
53302 58205
53402 15818
53502 4285
53602 44353
53702 8352
53802 55695
53902 22449
54002 25265
54102 39589
54202 12085
54302 20089
54402 10988
54502 30627
54602 1441
54702 42634
54802 46575
54902 51054
55002 28139
55102 58658
55202 46694
55302 14766
55402 6506
55502 29372
55602 51853
55702 25870
55802 20176
55902 36160
56002 33370
56102 24358
56202 32583
56302 18390
56402 34254
56502 64727
56602 1511
56702 859
56802 28681
56902 18239
57002 18679
57102 63315
57202 52705
57302 44981
57402 54713
57502 54839
57602 36548
57702 8615
57802 15959
57902 60901
58002 4584
58102 9858
58202 57965
58302 50904
58402 64301
58502 7092
58602 15075
58702 6124
58802 57863
58902 32585
59002 37781
59102 60841
59202 15668
59302 3017
59402 38671
59502 42639
59602 37796
59702 9991
59802 57086
59902 40033
60002 42473
60102 24573
60202 41591
60302 12475
60402 1040
60502 46874
60602 9667
60702 32124
60802 44387
60902 11405
61002 10075
61102 14789
61202 30591
61302 61188
61402 37775
61502 7299
61602 41320
61702 47133
61802 20550
61902 47731
62002 19179
62102 14851
62202 57477
62302 19264
62402 13786
62502 21843
62602 5319
62702 16155
62802 37390
62902 55661
63002 53196
63102 62308
63202 11216
63302 50733
63402 20530
63502 50141
63602 12460
63702 48297
63802 22354
63902 54393
64002 53718
64102 36434
64202 34544
64302 31692
64402 40834
64502 36328
64602 42817
64702 50367
64802 6599
64902 11141
65002 8768
65102 51728
65202 18754
65302 41980
65402 11602
65502 41405
65602 60329
65702 36788
65802 52536
65902 8789
66002 42608
66102 38336
66202 20094
66302 52266
66402 2808
66502 27603
66602 15482
66702 21190
66802 29095
66902 30380
67002 32661
67102 37506
67202 59483
67302 1805
67402 36849
67502 1743
67602 25356
67702 41345
67802 47881
67902 16769
68002 43158
68102 33328
68202 64530
68302 12054
68402 39453
68502 44041
68602 19913
68702 35395
68802 20647
68902 908
69002 27420
69102 46130
69202 19099
69302 12393
69402 545
69502 23690
69602 5181
69702 13599
69802 39526
69902 57875
70002 38278
70102 64135
70202 30900
70302 33020
70402 63030
70502 58202
70602 38695
70702 1734
70802 11535
70902 4027
71002 39488
71102 18650
71202 51910
71302 22805
71402 48373
71502 59290
71602 58861
71702 4674
71802 63359
71902 58812
72002 8238
72102 8520
72202 4939
72302 45850
72402 52462
72502 4316
72602 36809
72702 52143
72802 47058
72902 2018
73002 39979
73102 63737
73202 23717
73302 41793
73402 36537
73502 31626
73602 17195
73702 42984
73802 25895
73902 16620
74002 6008
74102 5414
74202 22032
74302 11607
74402 5339
74502 64939
74602 30426
74702 9201
74802 47612
74902 19766
75002 42778
75102 60690
75202 61708
75302 56229
75402 7781
75502 16238
75602 21822
75702 7800
75802 14028
75902 28021
76002 39273
76102 4065
76202 55004
76302 17962
76402 33314
76502 44760
76602 28877
76702 23027
76802 12527
76902 32526
77002 8258
77102 4139
77202 19269
77302 17310
77402 20087
77502 27087
77602 57458
77702 61647
77802 28241
77902 60073
78002 63100
78102 39440
78202 60618
78302 64095
78402 17493
78502 53816
78602 56675
78702 58534
78802 32626
78902 48113
79002 16793
79102 24570
79202 59820
79302 58000
79402 4408
79502 20139
79602 55915
79702 55813
79802 22942
79902 11199
80002 17723
80102 58859
80202 55038
80302 38272
80402 50110
80502 17198
80602 21423
80702 40875
80802 53034
80902 23201
81002 14023
81102 64615
81202 56654
81302 47269
81402 21345
81502 2320
81602 8162
81702 49756
81802 4597
81902 21864
82002 37992
82102 60420
82202 29397
82302 53710
82402 33994
82502 45064
82602 3011
82702 48051
82802 65457
82902 1177
83002 39127
83102 23021
83202 44482
83302 47558
83402 10292
83502 12702
83602 64240
83702 39514
83802 43435
83902 6694
84002 4706
84102 48465
84202 38810
84302 25908
84402 60991
84502 46173
84602 44915
84702 49928
84802 15353
84902 38097
85002 58782
85102 33113
85202 26833
85302 50961
85402 37009
85502 806
85602 38135
85702 25401
85802 41103
85902 3957
86002 25410
86102 6952
86202 13050
86302 56008
86402 56137
86502 4149
86602 31025
86702 6805
86802 30554
86902 15252
87002 10407
87102 14418
87202 40061
87302 12460
87402 39711
87502 17596
87602 63361
87702 10257
87802 61288
87902 31606
88002 12925
88102 57936
88202 15774
88302 49285
88402 15438
88502 63608
88602 45656
88702 41957
88802 8470
88902 45064
89002 29326
89102 33556
89202 15022
89302 48570
89402 26999
89502 37936
89602 17534
89702 7599
89802 43292
89902 32954
90002 43339
90102 21710
