102 1951
202 51728
302 39030
402 15212
502 28165
602 16063
702 29576
802 49606
902 2926
1002 17252
1102 26505
1202 36953
1302 38048
1402 63998
1502 19589
1602 36107
1702 3153
1802 3093
1902 21276
2002 64065
2102 30155
2202 55142
2302 60400
2402 62479
2502 56559
2602 14149
2702 30526
2802 31817
2902 15373
3002 28384
3102 35207
3202 27080
3302 36187
3402 42989
3502 20663
3602 2870
3702 16616
3802 53591
3902 5466
4002 1728
4102 32357
4202 5575
4302 43876
4402 54905
4502 56389
4602 22077
4702 45398
4802 55691
4902 13073
5002 46696
5102 16002
5202 30319
5302 35727
5402 63761
5502 20724
5602 56638
5702 20318
5802 27977
5902 25142
6002 58179
6102 40534
6202 8683
6302 59373
6402 55993
6502 31641
6602 28242
6702 62811
6802 36871
6902 27942
7002 11268
7102 58736
7202 10485
7302 56864
7402 47265
7502 12819
7602 47894
7702 37296
7802 30773
7902 12834
8002 46637
8102 50403
8202 43699
8302 43218
8402 38511
8502 20768
8602 57414
8702 52860
8802 8926
8902 5869
9002 37854
9102 64937
9202 21534
9302 57656
9402 50034
9502 48587
9602 51716
9702 28353
9802 31307
9902 45558
10002 61662
10102 43086
10202 35433
10302 34668
10402 16407
10502 59497
10602 23318
10702 13282
10802 4947
10902 58266
11002 34014
11102 41434
11202 55728
11302 7659
11402 5076
11502 49875
11602 6487
11702 12022
11802 15451
11902 17094
12002 50395
12102 46088
12202 57554
12302 24681
12402 2683
12502 19030
12602 37957
12702 18857
12802 50640
12902 28085
13002 50036
13102 22785
13202 64037
13302 8566
13402 49245
13502 49121
13602 12298
13702 47453
13802 17644
13902 59205
14002 7568
14102 64083
14202 15850
14302 26615
14402 37079
14502 52088
14602 43130
14702 43365
14802 14418
14902 62896
15002 31949
15102 6058
15202 7032
15302 32838
15402 24110
15502 63863
15602 8172
15702 24049
15802 25325
15902 49559
16002 60808
16102 17366
16202 4808
16302 27711
16402 41006
16502 36513
16602 55100
16702 60226
16802 60030
16902 7140
17002 50511
17102 49916
17202 1071
17302 1609
17402 59368
17502 3936
17602 43757
17702 94
17802 46060
17902 21845
18002 55144
18102 40620
18202 25159
18302 33586
18402 5250
18502 9620
18602 47137
18702 16463
18802 59930
18902 12616
19002 18170
19102 25641
19202 46239
19302 41993
19402 59130
19502 27039
19602 54993
19702 55685
19802 22801
19902 19037
20002 60925
20102 25890
20202 26983
20302 18792
20402 29697
20502 35108
20602 1098
20702 1801
20802 34070
20902 45381
21002 8744
21102 55745
21202 39048
21302 56523
21402 50865
21502 22683
21602 8801
21702 6129
21802 48373
21902 39307
22002 1832
22102 55857
22202 3184
22302 12141
22402 14884
22502 10076
22602 40078
22702 26301
22802 30588
22902 30845
23002 4745
23102 42131
23202 2972
23302 44283
23402 41253
23502 3399
23602 37169
23702 11020
23802 24724
23902 695
24002 50889
24102 7414
24202 18249
24302 20181
24402 32281
24502 6927
24602 37960
24702 4874
24802 8959
24902 49827
25002 34190
25102 55294
25202 26273
25302 8098
25402 14935
25502 16132
25602 50965
25702 53217
25802 60367
25902 62976
26002 28364
26102 10183
26202 7479
26302 15511
26402 15591
26502 21485
26602 10798
26702 19776
26802 60433
26902 14783
27002 12940
27102 61370
27202 51954
27302 21972
27402 46326
27502 53018
27602 59162
27702 45676
27802 22687
27902 1137
28002 15569
28102 55859
28202 42042
28302 382
28402 59294
28502 13855
28602 52260
28702 6215
28802 44051
28902 37831
29002 18657
29102 7987
29202 1095
29302 15461
29402 48002
29502 61937
29602 50938
29702 56851
29802 59950
29902 3521
30002 24588
30102 12826
30202 4395
30302 41742
30402 36398
30502 2351
30602 20471
30702 17699
30802 15582
30902 18255
31002 13400
31102 23297
31202 5124
31302 57820
31402 42832
31502 60708
31602 21024
31702 48987
31802 764
31902 31384
32002 31758
32102 56186
32202 58197
32302 42505
32402 31138
32502 13166
32602 33152
32702 58248
32802 43451
32902 58746
33002 10267
33102 39638
33202 48784
33302 23288
33402 40133
33502 50195
33602 63923
33702 47184
33802 54364
33902 2111
34002 17554
34102 14908
34202 5932
34302 22609
34402 21011
34502 45290
34602 5321
34702 34200
34802 34254
34902 63308
35002 31992
35102 61086
35202 27615
35302 40313
35402 4907
35502 10157
35602 2109
35702 34435
35802 6433
35902 11409
36002 8437
36102 28566
36202 411
36302 16670
36402 39937
36502 32939
36602 52153
36702 18086
36802 6621
36902 12166
37002 7687
37102 40341
37202 60509
37302 57587
37402 39665
37502 49550
37602 8316
37702 58096
37802 47342
37902 4339
38002 31285
38102 47948
38202 43586
38302 22000
38402 4368
38502 53356
38602 51777
38702 41638
38802 20524
38902 19006
39002 50793
39102 63591
39202 57340
39302 43877
39402 43522
39502 9560
39602 3997
39702 43706
39802 58950
39902 12962
40002 61469
40102 62544
40202 8262
40302 23199
40402 46748
40502 58924
40602 56702
40702 13254
40802 5738
40902 15890
41002 13311
41102 904
41202 202
41302 53564
41402 22542
41502 24010
41602 47342
41702 9806
41802 19369
41902 44572
42002 17860
42102 6298
42202 58183
42302 48997
42402 37197
42502 54877
42602 55602
42702 1701
42802 24212
42902 11577
43002 35211
43102 8225
43202 40074
43302 62971
43402 25017
43502 17548
43602 3549
43702 36239
43802 13380
43902 24602
44002 29374
44102 48334
44202 38656
44302 17865
44402 23217
44502 63548
44602 64626
44702 16305
44802 14916
44902 58368
45002 44476
45102 6284
45202 50118
45302 50730
45402 59754
45502 17760
45602 15241
45702 9278
45802 33830
45902 40705
46002 63433
46102 57080
46202 55232
46302 15759
46402 6337
46502 9815
46602 47733
46702 47553
46802 45538
46902 4891
47002 20270
47102 27932
47202 43513
47302 27431
47402 15972
47502 31136
47602 30852
47702 6023
47802 8517
47902 57498
48002 31411
48102 26273
48202 35623
48302 32343
48402 44576
48502 33167
48602 41025
48702 31451
48802 28381
48902 720
49002 41052
49102 20023
49202 31292
49302 4951
49402 37223
49502 6024
49602 57637
49702 2731
49802 48844
49902 33541
50002 64954
50102 64272
50202 4343
50302 54373
50402 23734
50502 33937
50602 1626
50702 59347
50802 50686
50902 17027
51002 8347
51102 28365
51202 45487
51302 12577
51402 26102
51502 31141
51602 3977
51702 25752
51802 33559
51902 45857
52002 25351
52102 40504
52202 9121
52302 49132
52402 27146
52502 60530
52602 1522
52702 13611
52802 2794
52902 9467
53002 30968
53102 32605
53202 46419
53302 4969
53402 12211
53502 3665
53602 33829
53702 21712
53802 40091
53902 33673
54002 55062
54102 27077
54202 8033
54302 30675
54402 10760
54502 44712
54602 39771
54702 65060
54802 29882
54902 37547
55002 42674
55102 44917
55202 10916
55302 12807
55402 11789
55502 51484
55602 33172
55702 63610
55802 11319
55902 65156
56002 27019
56102 35138
56202 60301
56302 161
56402 17707
56502 62890
56602 15295
56702 20174
56802 11867
56902 36832
57002 4165
57102 33672
57202 65522
57302 45128
57402 3543
57502 53354
57602 27468
57702 35146
57802 33076
57902 26281
58002 30639
58102 1572
58202 20432
58302 52651
58402 61122
58502 29233
58602 13292
58702 21808
58802 47288
58902 63112
59002 50176
59102 29401
59202 23641
59302 47889
59402 33485
59502 56492
59602 31130
59702 17433
59802 36801
59902 32903
60002 10358
60102 50002
60202 56964
60302 11222
60402 33207
60502 24784
60602 57855
60702 3259
60802 4558
60902 55230
61002 59562
61102 46638
61202 18328
61302 33718
61402 60927
61502 20561
61602 51833
61702 36784
61802 58532
61902 52134
62002 41189
62102 32539
62202 41116
62302 33680
62402 40183
62502 41928
62602 1535
62702 11385
62802 5814
62902 35966
63002 24278
63102 64732
63202 25607
63302 34398
63402 38027
63502 42311
63602 9720
63702 30272
63802 32674
63902 34090
64002 58132
64102 62051
64202 338
64302 350
64402 22901
64502 24115
64602 34335
64702 43868
64802 30669
64902 717
65002 2625
65102 9714
65202 57319
65302 20719
65402 46045
65502 30550
65602 56490
65702 19082
65802 42855
65902 14428
66002 9102
66102 20443
66202 40133
66302 123
66402 9134
66502 37380
66602 49645
66702 34704
66802 6153
66902 28636
67002 9740
67102 46184
67202 15880
67302 9900
67402 34198
67502 16755
67602 13855
67702 57776
67802 49258
67902 59168
68002 11382
68102 33330
68202 34981
68302 1147
68402 51735
68502 57934
68602 61524
68702 16354
68802 5050
68902 35067
69002 21127
69102 31892
69202 24764
69302 62272
69402 25690
69502 5016
69602 44268
69702 42562
69802 52556
69902 44251
70002 48199
70102 56690
70202 32772
70302 7001
70402 42013
70502 3491
70602 19244
70702 53786
70802 63024
70902 77
71002 12155
71102 32316
71202 44831
71302 1009
71402 45080
71502 43343
71602 62941
71702 41
71802 62639
71902 52898
72002 14874
72102 17830
72202 7978
72302 8354
72402 15275
72502 31848
72602 46101
72702 59742
72802 53857
72902 9620
73002 46522
73102 17850
73202 20413
73302 59141
73402 7314
73502 63887
73602 45784
73702 40406
73802 50529
73902 56805
74002 31193
74102 48474
74202 7616
74302 41595
74402 34531
74502 30080
74602 19172
74702 35763
74802 57552
74902 10260
75002 23264
75102 51223
75202 57318
75302 23197
75402 36931
75502 44337
75602 37860
75702 14115
75802 30991
75902 43263
76002 42896
76102 43303
76202 59611
76302 3473
76402 32644
76502 44393
76602 60787
76702 60583
76802 57339
76902 60712
77002 44197
77102 2217
77202 18526
77302 10732
77402 43104
77502 6276
77602 23793
77702 23449
77802 38427
77902 50886
78002 47971
78102 20057
78202 35451
78302 19644
78402 62842
78502 30407
78602 38800
78702 43816
78802 65412
78902 44615
79002 28943
79102 51024
79202 4861
79302 41926
79402 57296
79502 65417
79602 4222
79702 48482
79802 42216
79902 39000
80002 26183
80102 43884
80202 39148
80302 1310
80402 7565
80502 3462
80602 47110
80702 39735
80802 39395
80902 44015
81002 63303
81102 23809
81202 51653
81302 17879
81402 10228
81502 2090
81602 29882
81702 11815
81802 6779
81902 40939
82002 5256
82102 43106
82202 6328
82302 39346
82402 35083
82502 58437
82602 23303
82702 56919
82802 63017
82902 57119
83002 21443
83102 11079
83202 15376
83302 58757
83402 40945
83502 42944
83602 11408
83702 16587
83802 48859
83902 31405
84002 28711
84102 38134
84202 36645
84302 25127
84402 16276
84502 23398
84602 19302
84702 13545
84802 16249
84902 10084
85002 29841
85102 46973
85202 20247
85302 53901
85402 27593
85502 38866
85602 398
85702 40085
85802 62768
85902 25830
86002 63852
86102 38657
86202 58086
86302 27989
86402 22607
86502 44138
86602 51845
86702 32555
86802 5240
86902 41362
87002 20562
87102 4757
87202 51799
87302 47163
87402 58377
87502 19649
87602 1288
87702 36140
87802 22358
87902 3898
88002 2337
88102 54182
88202 54265
88302 50833
88402 27782
88502 25823
88602 21744
88702 4452
88802 18918
88902 1793
89002 58015
89102 24092
89202 62974
89302 34354
89402 7987
89502 27040
89602 39473
89702 21831
89802 21236
89902 38981
90002 12043
90102 51178
