102 10292
202 27485
302 42420
402 49426
502 64859
602 63893
702 16185
802 18601
902 65369
1002 32194
1102 25063
1202 20425
1302 152
1402 1989
1502 56454
1602 38065
1702 5335
1802 53603
1902 6512
2002 54269
2102 13108
2202 44326
2302 48370
2402 7401
2502 45357
2602 147
2702 25803
2802 49349
2902 27455
3002 6702
3102 13699
3202 48507
3302 32317
3402 17004
3502 2866
3602 34778
3702 45786
3802 9321
3902 14564
4002 9648
4102 17334
4202 45724
4302 19393
4402 2586
4502 39026
4602 55348
4702 54291
4802 58070
4902 42502
5002 55693
5102 37697
5202 39046
5302 4231
5402 47934
5502 13509
5602 18780
5702 35513
5802 44101
5902 9366
6002 44344
6102 59620
6202 47919
6302 19294
6402 55996
6502 41553
6602 12173
6702 32104
6802 21012
6902 2286
7002 41186
7102 21094
7202 45952
7302 45745
7402 61462
7502 7895
7602 25637
7702 48788
7802 34352
7902 11303
8002 2938
8102 41401
8202 21233
8302 15865
8402 41985
8502 24222
8602 63425
8702 27561
8802 27052
8902 23986
9002 28617
9102 57706
9202 42933
9302 26438
9402 35100
9502 53816
9602 63670
9702 12230
9802 11761
9902 11396
10002 29885
10102 39098
10202 56374
10302 51188
10402 46817
10502 57492
10602 53511
10702 36709
10802 8118
10902 20389
11002 16952
11102 11546
11202 39069
11302 28362
11402 16816
11502 13137
11602 48813
11702 38944
11802 45404
11902 46860
12002 36317
12102 33752
12202 61711
12302 40072
12402 54675
12502 29108
12602 29120
12702 54048
12802 48657
12902 6219
13002 24404
13102 24006
13202 32162
13302 6002
13402 12359
13502 34354
13602 163
13702 4201
13802 39810
13902 65474
14002 39976
14102 17732
14202 19519
14302 53904
14402 9102
14502 57974
14602 8378
14702 58559
14802 54083
14902 9694
15002 22395
15102 63040
15202 37700
15302 28520
15402 41208
15502 26914
15602 53200
15702 17388
15802 3455
15902 60298
16002 43380
16102 31780
16202 41789
16302 65213
16402 63964
16502 65457
16602 38789
16702 27903
16802 34971
16902 18383
17002 21243
17102 47342
17202 38337
17302 19890
17402 54202
17502 48525
17602 37432
17702 29049
17802 26525
17902 32245
18002 29014
18102 32567
18202 44848
18302 8668
18402 32120
18502 20835
18602 41483
18702 45431
18802 63491
18902 37543
19002 52982
19102 4143
19202 23020
19302 33452
19402 19743
19502 7055
19602 24907
19702 41945
19802 51648
19902 54448
20002 13986
20102 55530
20202 43615
20302 29059
20402 12059
20502 61247
20602 22403
20702 8492
20802 5493
20902 12641
21002 34256
21102 2684
21202 57533
21302 4450
21402 59552
21502 60056
21602 52085
21702 19630
21802 6290
21902 37748
22002 32946
22102 45270
22202 49222
22302 21209
22402 15097
22502 39454
22602 55551
22702 52613
22802 28927
22902 36386
23002 46808
23102 30163
23202 7714
23302 32389
23402 60835
23502 59529
23602 51224
23702 6319
23802 38425
23902 57747
24002 53572
24102 25266
24202 59009
24302 33414
24402 11706
24502 51006
24602 7195
24702 35284
24802 49202
24902 38504
25002 18616
25102 58521
25202 7488
25302 53539
25402 10385
25502 44892
25602 717
25702 60579
25802 2364
25902 21563
26002 57998
26102 33446
26202 16222
26302 3692
26402 3415
26502 45967
26602 21019
26702 8428
26802 14887
26902 51855
27002 45634
27102 21297
27202 29010
27302 11847
27402 38646
27502 1418
27602 5408
27702 34088
27802 55743
27902 50448
28002 38980
28102 3347
28202 41383
28302 48814
28402 42878
28502 49714
28602 32202
28702 22989
28802 32576
28902 6920
29002 63560
29102 39341
29202 52882
29302 23793
29402 22550
29502 273
29602 51002
29702 2854
29802 10226
29902 61038
30002 65108
30102 25797
30202 37349
30302 45733
30402 16425
30502 51074
30602 57892
30702 8262
30802 30943
30902 58628
31002 60543
31102 35013
31202 34629
31302 25288
31402 45336
31502 27234
31602 59995
31702 27279
31802 42135
31902 64791
32002 58205
32102 39865
32202 39387
32302 14025
32402 8
32502 22999
32602 1659
32702 22830
32802 16790
32902 40497
33002 7823
33102 7519
33202 36086
33302 27631
33402 48326
33502 16891
33602 21966
33702 53943
33802 59389
33902 55718
34002 49668
34102 2554
34202 47335
34302 4646
34402 13776
34502 23819
34602 38403
34702 24538
34802 25959
34902 42219
35002 18505
35102 24885
35202 35471
35302 40484
35402 9439
35502 18089
35602 56368
35702 3066
35802 28149
35902 2749
36002 21938
36102 17442
36202 37773
36302 13663
36402 60553
36502 17201
36602 43669
36702 34873
36802 37806
36902 11452
37002 15902
37102 20460
37202 29790
37302 5731
37402 35316
37502 65206
37602 65042
37702 56444
37802 48730
37902 2577
38002 9250
38102 31778
38202 4661
38302 19447
38402 40469
38502 42502
38602 19218
38702 39948
38802 30239
38902 47795
39002 5688
39102 18645
39202 36652
39302 60842
39402 42236
39502 60200
39602 8741
39702 37752
39802 12196
39902 33230
40002 58419
40102 59309
40202 44180
40302 47251
40402 4783
40502 33155
40602 51419
40702 29685
40802 6769
40902 24473
41002 47498
41102 63146
41202 752
41302 18528
41402 24322
41502 27870
41602 52022
41702 43276
41802 56930
41902 42894
42002 41973
42102 63862
42202 10286
42302 26426
42402 39719
42502 63482
42602 47524
42702 23381
42802 17768
42902 31626
43002 9090
43102 33470
43202 5667
43302 43745
43402 33059
43502 34863
43602 60798
43702 13278
43802 33713
43902 31129
44002 58780
44102 29339
44202 63987
44302 26086
44402 2728
44502 36038
44602 50171
44702 40245
44802 24350
44902 23013
45002 52640
45102 24382
45202 26117
45302 2215
45402 19118
45502 18595
45602 50075
45702 14260
45802 56951
45902 40892
46002 33313
46102 34449
46202 4645
46302 16276
46402 30238
46502 18100
46602 9115
46702 25206
46802 47422
46902 54194
47002 44986
47102 21533
47202 37890
47302 30424
47402 56827
47502 51799
47602 6534
47702 61611
47802 29164
47902 38914
48002 22981
48102 64518
48202 2203
48302 59362
48402 63901
48502 22035
48602 18884
48702 58965
48802 50350
48902 53317
49002 28936
49102 53555
49202 27926
49302 54316
49402 44943
49502 7120
49602 3172
49702 1715
49802 27920
49902 7796
50002 61733
50102 63079
50202 158
50302 39281
50402 16653
50502 57105
50602 24156
50702 42797
50802 7722
50902 54516
51002 7618
51102 46837
51202 44188
51302 25654
51402 48676
51502 65040
51602 21389
51702 64296
51802 32326
51902 746
52002 56349
52102 30299
52202 25498
52302 50321
52402 55430
52502 31737
52602 51621
52702 40685
52802 36766
52902 16240
53002 25990
53102 45569
53202 11258
53302 54839
53402 9789
53502 30767
53602 11846
53702 20999
53802 40636
53902 8666
54002 54339
54102 5511
54202 60370
54302 45894
54402 31917
54502 21256
54602 17627
54702 60734
54802 55155
54902 56434
55002 46468
55102 26002
55202 57730
55302 56889
55402 9587
55502 36920
55602 64264
55702 15191
55802 11134
55902 20602
56002 19696
56102 39653
56202 3535
56302 26536
56402 20960
56502 9425
56602 15016
56702 47199
56802 47658
56902 11142
57002 6189
57102 13136
57202 31034
57302 60184
57402 10616
57502 4375
57602 50922
57702 53125
57802 43592
57902 56835
58002 14697
58102 13503
58202 23503
58302 63302
58402 48940
58502 8988
58602 50521
58702 22135
58802 12323
58902 59038
59002 51568
59102 58476
59202 64062
59302 33846
59402 974
59502 27187
59602 2561
59702 23214
59802 12059
59902 18195
60002 8493
60102 64424
60202 61774
60302 8786
60402 50430
60502 31974
60602 33175
60702 12472
60802 50223
60902 46792
61002 24282
61102 9897
61202 33763
61302 64750
61402 55593
61502 62066
61602 18955
61702 32658
61802 20332
61902 28491
62002 40271
62102 5474
62202 55626
62302 51081
62402 30180
62502 50017
62602 54282
62702 1193
62802 48869
62902 671
63002 40567
63102 38015
63202 49788
63302 35946
63402 38622
63502 4376
63602 42001
63702 42706
63802 6178
63902 25950
64002 35254
64102 38216
64202 12119
64302 31246
64402 3010
64502 22048
64602 10637
64702 38572
64802 43956
64902 64837
65002 21620
65102 18762
65202 53515
65302 21513
65402 37482
65502 58909
65602 50908
65702 20695
65802 1475
65902 53524
66002 58486
66102 20402
66202 62956
66302 57092
66402 6079
66502 20659
66602 37088
66702 56469
66802 57970
66902 16026
67002 50026
67102 21255
67202 21764
67302 59986
67402 64392
67502 45872
67602 17348
67702 53535
67802 62756
67902 18188
68002 30416
68102 16842
68202 10627
68302 9038
68402 39819
68502 33745
68602 62854
68702 23262
68802 58365
68902 40517
69002 11997
69102 52649
69202 33414
69302 2329
69402 205
69502 20686
69602 42915
69702 62802
69802 19447
69902 62138
70002 36238
70102 46567
70202 13852
70302 44682
70402 14397
70502 14688
70602 43765
70702 65185
70802 48671
70902 13903
71002 9998
71102 48144
71202 61139
71302 8900
71402 6839
71502 24924
71602 32747
71702 34623
71802 40700
71902 1483
72002 2827
72102 64186
72202 51669
72302 46309
72402 30972
72502 14697
72602 24942
72702 61815
72802 49045
72902 3289
73002 1968
73102 11761
73202 24270
73302 31134
73402 53885
73502 9051
73602 62059
73702 40937
73802 63566
73902 54443
74002 50671
74102 13414
74202 39029
74302 40874
74402 21594
74502 7003
74602 61663
74702 31945
74802 21740
74902 29880
75002 10004
75102 24743
75202 51058
75302 6583
75402 58469
75502 7612
75602 38166
75702 5663
75802 52553
75902 626
76002 59919
76102 33757
76202 10319
76302 49471
76402 60881
76502 33451
76602 59091
76702 41147
76802 24486
76902 64240
77002 41726
77102 5257
77202 41078
77302 42812
77402 5858
77502 29095
77602 25108
77702 54110
77802 27811
77902 27741
78002 58176
78102 39884
78202 22009
78302 42573
78402 27448
78502 39495
78602 43737
78702 19965
78802 8976
78902 2808
79002 12575
79102 22955
79202 53284
79302 1966
79402 9692
79502 13817
79602 28907
79702 41976
79802 7947
79902 61322
80002 10978
80102 45109
80202 23641
80302 45100
80402 13004
80502 60533
80602 21916
80702 62294
80802 59256
80902 35876
81002 45531
81102 26611
81202 18318
81302 17573
81402 15603
81502 29838
81602 15130
81702 44686
81802 40709
81902 46884
82002 21791
82102 8478
82202 7081
82302 45766
82402 53265
82502 19402
82602 58269
82702 61262
82802 52503
82902 64461
83002 7479
83102 38745
83202 14267
83302 31438
83402 32677
83502 62913
83602 39949
83702 26480
83802 50287
83902 2650
84002 12632
84102 62192
84202 4538
84302 34061
84402 39541
84502 25697
84602 20848
84702 57991
84802 55432
84902 14273
85002 20218
85102 1894
85202 48689
85302 19080
85402 49536
85502 16776
85602 19697
85702 4097
85802 17848
85902 59533
86002 11474
86102 46173
86202 48911
86302 30197
86402 53569
86502 64482
86602 59334
86702 45031
86802 17937
86902 44629
87002 42740
87102 18644
87202 53994
87302 42235
87402 24612
87502 1531
87602 61089
87702 31744
87802 13888
87902 20995
88002 24901
88102 63529
88202 35491
88302 15724
88402 34479
88502 15402
88602 46173
88702 48101
88802 49133
88902 1605
89002 33496
89102 56385
89202 27591
89302 9102
89402 20967
89502 11360
89602 43986
89702 14875
89802 5441
89902 23679
90002 38464
90102 26797
