102 31230
202 644
302 25284
402 51213
502 15300
602 25481
702 52808
802 61151
902 27706
1002 23187
1102 28823
1202 55464
1302 52168
1402 39848
1502 60210
1602 34767
1702 361
1802 64103
1902 37137
2002 26444
2102 53079
2202 38129
2302 56956
2402 15852
2502 21744
2602 33800
2702 52985
2802 8694
2902 41242
3002 44443
3102 16705
3202 40161
3302 32138
3402 49065
3502 55760
3602 62524
3702 39331
3802 61188
3902 11716
4002 31002
4102 36062
4202 9821
4302 139
4402 40374
4502 34820
4602 22300
4702 31489
4802 36890
4902 12236
5002 58911
5102 65401
5202 47441
5302 45008
5402 31876
5502 35394
5602 22763
5702 29127
5802 30692
5902 5848
6002 25352
6102 38531
6202 46617
6302 24195
6402 58108
6502 18294
6602 64915
6702 34277
6802 55013
6902 55026
7002 17901
7102 35196
7202 59122
7302 44627
7402 55396
7502 17562
7602 19000
7702 41700
7802 22743
7902 35816
8002 59721
8102 23790
8202 17188
8302 29386
8402 31320
8502 50123
8602 27485
8702 461
8802 53339
8902 4607
9002 19825
9102 64741
9202 15859
9302 38775
9402 47537
9502 13064
9602 45472
9702 47668
9802 60681
9902 33406
10002 8367
10102 47043
10202 57109
10302 52857
10402 46552
10502 41839
10602 59588
10702 691
10802 48800
10902 13125
11002 51664
11102 61717
11202 15264
11302 14590
11402 17512
11502 20077
11602 31211
11702 26858
11802 64012
11902 15812
12002 41379
12102 46550
12202 16383
12302 43893
12402 22315
12502 3698
12602 34199
12702 45008
12802 10616
12902 43200
13002 63920
13102 8764
13202 30558
13302 11646
13402 22652
13502 58695
13602 65418
13702 36901
13802 2609
13902 48410
14002 43193
14102 62665
14202 42878
14302 30955
14402 19724
14502 10195
14602 55577
14702 54537
14802 48767
14902 36241
15002 10342
15102 11680
15202 14736
15302 44367
15402 34580
15502 17847
15602 9986
15702 41570
15802 9785
15902 22408
16002 47341
16102 40987
16202 4138
16302 54678
16402 9149
16502 885
16602 54350
16702 22001
16802 15646
16902 52718
17002 9683
17102 6778
17202 65211
17302 18597
17402 30947
17502 23418
17602 38840
17702 25340
17802 61111
17902 52391
18002 51213
18102 26560
18202 1361
18302 396
18402 18702
18502 64125
18602 31843
18702 42163
18802 20076
18902 6462
19002 2475
19102 35967
19202 19087
19302 25281
19402 35452
19502 64792
19602 3270
19702 54139
19802 54159
19902 27976
20002 61548
20102 8737
20202 49196
20302 3848
20402 59035
20502 23840
20602 54004
20702 12040
20802 13792
20902 6439
21002 44212
21102 16112
21202 16984
21302 29187
21402 11462
21502 27525
21602 34996
21702 24985
21802 59775
21902 47591
22002 42866
22102 61811
22202 14751
22302 10225
22402 59790
22502 45433
22602 23250
22702 42224
22802 26555
22902 46813
23002 64869
23102 32290
23202 46353
23302 61225
23402 48979
23502 57665
23602 63189
23702 12451
23802 3064
23902 114
24002 15396
24102 28033
24202 43314
24302 43510
24402 52096
24502 46515
24602 199
24702 31360
24802 41837
24902 27657
25002 23178
25102 50604
25202 50515
25302 52666
25402 36883
25502 30594
25602 60149
25702 645
25802 42466
25902 1791
26002 51748
26102 15004
26202 19948
26302 53193
26402 24572
26502 60398
26602 24551
26702 44603
26802 36950
26902 25371
27002 35175
27102 29756
27202 61901
27302 29463
27402 44891
27502 50567
27602 63081
27702 52643
27802 7857
27902 7636
28002 17058
28102 59125
28202 23283
28302 10940
28402 42206
28502 42257
28602 47832
28702 64002
28802 32292
28902 39575
29002 17947
29102 33203
29202 46365
29302 62551
29402 55412
29502 22266
29602 59790
29702 43423
29802 38486
29902 41456
30002 30650
30102 28761
30202 6445
30302 17145
30402 13153
30502 49157
30602 40529
30702 23038
30802 46191
30902 12645
31002 32732
31102 39647
31202 5241
31302 14118
31402 40305
31502 53272
31602 54205
31702 17237
31802 15978
31902 61499
32002 59512
32102 9614
32202 62458
32302 21666
32402 30618
32502 24269
32602 13827
32702 54256
32802 6213
32902 5234
33002 62889
33102 608
33202 18098
33302 19717
33402 8858
33502 20462
33602 45611
33702 50245
33802 64285
33902 34347
34002 61049
34102 2849
34202 31919
34302 24463
34402 36236
34502 48051
34602 8374
34702 28788
34802 46346
34902 37780
35002 2876
35102 61354
35202 43822
35302 13233
35402 1314
35502 10516
35602 59250
35702 23503
35802 27164
35902 18690
36002 53848
36102 1217
36202 28725
36302 13883
36402 25197
36502 20391
36602 27219
36702 35789
36802 20120
36902 54497
37002 17072
37102 12578
37202 10815
37302 32373
37402 19912
37502 1261
37602 15217
37702 18111
37802 17635
37902 15343
38002 2777
38102 20409
38202 28404
38302 56062
38402 278
38502 36489
38602 8829
38702 32588
38802 2795
38902 54179
39002 34755
39102 18526
39202 49402
39302 26258
39402 49453
39502 20174
39602 54415
39702 58934
39802 57614
39902 56149
40002 36409
40102 26601
40202 49361
40302 11855
40402 31883
40502 52726
40602 1229
40702 63588
40802 20637
40902 64120
41002 42993
41102 49217
41202 27586
41302 7857
41402 46389
41502 43984
41602 46513
41702 1945
41802 45849
41902 2136
42002 41485
42102 65247
42202 16207
42302 45226
42402 31401
42502 11860
42602 50405
42702 1436
42802 59705
42902 28106
43002 6650
43102 1170
43202 6821
43302 54414
43402 6342
43502 62928
43602 33199
43702 35641
43802 11558
43902 22179
44002 59176
44102 7049
44202 7874
44302 4791
44402 9062
44502 55179
44602 20020
44702 18232
44802 29397
44902 16394
45002 48987
45102 28895
45202 6627
45302 37123
45402 26365
45502 35690
45602 13970
45702 17357
45802 28266
45902 677
46002 30825
46102 8094
46202 7648
46302 63499
46402 4952
46502 58723
46602 25709
46702 11881
46802 52057
46902 58795
47002 32951
47102 56888
47202 36484
47302 5133
47402 28983
47502 37808
47602 21790
47702 22564
47802 11921
47902 44395
48002 37317
48102 33703
48202 22702
48302 7402
48402 47878
48502 10119
48602 3188
48702 10674
48802 28356
48902 4029
49002 35783
49102 59464
49202 14817
49302 43596
49402 350
49502 14015
49602 11519
49702 4818
49802 47054
49902 61431
50002 44323
50102 61972
50202 657
50302 46740
50402 13703
50502 35017
50602 39260
50702 43590
50802 39715
50902 44998
51002 40511
51102 30318
51202 27001
51302 9616
51402 22702
51502 54920
51602 45201
51702 12240
51802 23316
51902 60777
52002 5168
52102 57571
52202 42033
52302 30292
52402 25452
52502 8793
52602 42144
52702 27594
52802 27439
52902 15688
53002 40439
53102 4951
53202 25919
53302 35266
53402 28865
53502 40544
53602 1780
53702 11280
53802 51867
53902 44741
54002 54466
54102 7208
54202 38300
54302 56358
54402 11862
54502 6575
54602 43452
54702 31199
54802 33010
54902 54131
55002 12010
55102 25604
55202 40269
55302 6645
55402 13147
55502 52807
55602 62514
55702 53274
55802 39715
55902 61922
56002 15458
56102 37414
56202 35451
56302 5819
56402 2151
56502 20193
56602 47448
56702 51593
56802 36941
56902 36483
57002 35824
57102 64520
57202 64080
57302 21635
57402 24135
57502 45307
57602 5503
57702 54273
57802 38665
57902 27383
58002 34615
58102 4679
58202 59465
58302 32695
58402 2529
58502 36460
58602 24769
58702 49274
58802 55199
58902 43148
59002 38292
59102 57664
59202 50859
59302 50310
59402 11304
59502 33402
59602 25893
59702 162
59802 27875
59902 33673
60002 36436
60102 9273
60202 24520
60302 58844
60402 14699
60502 31313
60602 8547
60702 51171
60802 23360
60902 44626
61002 56663
61102 58858
61202 18261
61302 50358
61402 36074
61502 5606
61602 12102
61702 19124
61802 29140
61902 47148
62002 3125
62102 36301
62202 26478
62302 55283
62402 20544
62502 2547
62602 8164
62702 35878
62802 38980
62902 7364
63002 4094
63102 19605
63202 58512
63302 31805
63402 50955
63502 28222
63602 22214
63702 23661
63802 46966
63902 48576
64002 64861
64102 51463
64202 55878
64302 5401
64402 28660
64502 37187
64602 45330
64702 52719
64802 19193
64902 59935
65002 10969
65102 25263
65202 43761
65302 65141
65402 46156
65502 18869
65602 10503
65702 32415
65802 59227
65902 28891
66002 61880
66102 58617
66202 49059
66302 63419
66402 6288
66502 12764
66602 13425
66702 15520
66802 6514
66902 42482
67002 22277
67102 28950
67202 13589
67302 63331
67402 17580
67502 52274
67602 13265
67702 44849
67802 39857
67902 3123
68002 26498
68102 55414
68202 64280
68302 35169
68402 27042
68502 12526
68602 52155
68702 2708
68802 8010
68902 14365
69002 10722
69102 1207
69202 680
69302 63297
69402 51743
69502 21214
69602 4931
69702 142
69802 56543
69902 52647
70002 32943
70102 10459
70202 15154
70302 51374
70402 17780
70502 15964
70602 30873
70702 6504
70802 39236
70902 41343
71002 23305
71102 57776
71202 21905
71302 8049
71402 63101
71502 35315
71602 26295
71702 32442
71802 49687
71902 25233
72002 19221
72102 8623
72202 14161
72302 5360
72402 18293
72502 25236
72602 46677
72702 16918
72802 65360
72902 37989
73002 36322
73102 41142
73202 12435
73302 52052
73402 54153
73502 41842
73602 21253
73702 47253
73802 20197
73902 14521
74002 38757
74102 57988
74202 11628
74302 36669
74402 17666
74502 7670
74602 12178
74702 39408
74802 55033
74902 26463
75002 51962
75102 4943
75202 57071
75302 25621
75402 65156
75502 24277
75602 29877
75702 64015
75802 44356
75902 15505
76002 11584
76102 49470
76202 52108
76302 37215
76402 58831
76502 35140
76602 13253
76702 9807
76802 55848
76902 54681
77002 28841
77102 2176
77202 24831
77302 35855
77402 13799
77502 63592
77602 28721
77702 34730
77802 51456
77902 57149
78002 41761
78102 14653
78202 35345
78302 61522
78402 51007
78502 39974
78602 9459
78702 53387
78802 38114
78902 19968
79002 43222
79102 43135
79202 64041
79302 1945
79402 37720
79502 54114
79602 14908
79702 52975
79802 58312
79902 10506
80002 5490
80102 46494
80202 47470
80302 35554
80402 8602
80502 4682
80602 6020
80702 4603
80802 1292
80902 2511
81002 168
81102 48519
81202 43090
81302 7182
81402 7491
81502 13961
81602 41557
81702 44839
81802 37119
81902 30069
82002 27406
82102 53251
82202 13516
82302 54800
82402 24701
82502 60196
82602 57535
82702 58223
82802 55896
82902 49715
83002 29500
83102 64644
83202 45631
83302 56467
83402 13500
83502 7840
83602 2738
83702 64641
83802 27462
83902 61090
84002 32363
84102 8758
84202 15739
84302 14770
84402 5395
84502 29234
84602 36991
84702 25282
84802 17897
84902 63429
85002 46223
85102 14766
85202 64251
85302 12012
85402 60447
85502 645
85602 13934
85702 52164
85802 47956
85902 39759
86002 8730
86102 12625
86202 9993
86302 55805
86402 5961
86502 64941
86602 21779
86702 9418
86802 6632
86902 51516
87002 63054
87102 28485
87202 51901
87302 2809
87402 15156
87502 4772
87602 35712
87702 51593
87802 29618
87902 60587
88002 5193
88102 59775
88202 54584
88302 7283
88402 30225
88502 33172
88602 19694
88702 4398
88802 40624
88902 30652
89002 2631
89102 26334
89202 35745
89302 34497
89402 2155
89502 34576
89602 15129
89702 45363
89802 9187
89902 20559
90002 62441
90102 41273
