102 54841
202 26171
302 64820
402 22895
502 27492
602 48213
702 11419
802 33391
902 5291
1002 14465
1102 59768
1202 50006
1302 16362
1402 47599
1502 62532
1602 42282
1702 32397
1802 14514
1902 48201
2002 1175
2102 28548
2202 43643
2302 50587
2402 52809
2502 63270
2602 15730
2702 30629
2802 24657
2902 32157
3002 40102
3102 22684
3202 26816
3302 15049
3402 10534
3502 64488
3602 24213
3702 38304
3802 7656
3902 61275
4002 58620
4102 41470
4202 54327
4302 53061
4402 22347
4502 17326
4602 42086
4702 22999
4802 57836
4902 64612
5002 17184
5102 64962
5202 16994
5302 3488
5402 7658
5502 60665
5602 57925
5702 49429
5802 50192
5902 53591
6002 23099
6102 25996
6202 24091
6302 11535
6402 49875
6502 8828
6602 17344
6702 8097
6802 20457
6902 29114
7002 63615
7102 21654
7202 3536
7302 7704
7402 61640
7502 25367
7602 5848
7702 61631
7802 54256
7902 26485
8002 778
8102 59504
8202 102
8302 59746
8402 34147
8502 49935
8602 29751
8702 35816
8802 10175
8902 25342
9002 15561
9102 29593
9202 34817
9302 62155
9402 36028
9502 4312
9602 60749
9702 57362
9802 46782
9902 24688
10002 30851
10102 21382
10202 46913
10302 17352
10402 22526
10502 27453
10602 48808
10702 42696
10802 39299
10902 11196
11002 45307
11102 59974
11202 37043
11302 14705
11402 46075
11502 38677
11602 9187
11702 8532
11802 19559
11902 40015
12002 10595
12102 18367
12202 10641
12302 30973
12402 1957
12502 8478
12602 65359
12702 15357
12802 5554
12902 2812
13002 56282
13102 5591
13202 45875
13302 42678
13402 5536
13502 60616
13602 48806
13702 37870
13802 27627
13902 33496
14002 39290
14102 17412
14202 10956
14302 9924
14402 11355
14502 16779
14602 18255
14702 54124
14802 58526
14902 11818
15002 55014
15102 1591
15202 42815
15302 55820
15402 23939
15502 48934
15602 46757
15702 1581
15802 17904
15902 59627
16002 60035
16102 31689
16202 38890
16302 40233
16402 17614
16502 48655
16602 30633
16702 39922
16802 19835
16902 23642
17002 27461
17102 8142
17202 28682
17302 50690
17402 21193
17502 12561
17602 61821
17702 13818
17802 33402
17902 7132
18002 60833
18102 27867
18202 28926
18302 12201
18402 36625
18502 64602
18602 32630
18702 14915
18802 1145
18902 19849
19002 57794
19102 1036
19202 59170
19302 1263
19402 44502
19502 46688
19602 52155
19702 45003
19802 1616
19902 59255
20002 32768
20102 37409
20202 18719
20302 18962
20402 4952
20502 7219
20602 57541
20702 55334
20802 17852
20902 58936
21002 34838
21102 63976
21202 48076
21302 50406
21402 46330
21502 21527
21602 14359
21702 62166
21802 46131
21902 3858
22002 41269
22102 31728
22202 51512
22302 14457
22402 64176
22502 35350
22602 54056
22702 17924
22802 38097
22902 16319
23002 51
23102 31432
23202 59686
23302 29459
23402 53319
23502 8646
23602 14275
23702 41349
23802 54008
23902 54631
24002 45155
24102 57139
24202 54159
24302 62158
24402 25405
24502 51630
24602 18613
24702 59775
24802 54627
24902 25575
25002 13605
25102 14311
25202 49013
25302 47025
25402 59310
25502 30035
25602 29527
25702 32756
25802 9969
25902 63868
26002 22696
26102 27766
26202 1955
26302 38067
26402 54547
26502 64706
26602 1321
26702 19976
26802 63365
26902 33501
27002 65288
27102 29796
27202 29861
27302 34426
27402 21124
27502 7786
27602 98
27702 29114
27802 20664
27902 56101
28002 53149
28102 58647
28202 34628
28302 22576
28402 40163
28502 60008
28602 65017
28702 53739
28802 56509
28902 52984
29002 15087
29102 32135
29202 42704
29302 14695
29402 47335
29502 62468
29602 17391
29702 721
29802 60376
29902 41626
30002 60616
30102 14547
30202 17621
30302 50295
30402 2318
30502 21516
30602 36950
30702 7365
30802 35759
30902 9509
31002 57006
31102 17763
31202 46686
31302 39326
31402 16554
31502 64456
31602 13253
31702 13239
31802 53782
31902 65076
32002 7708
32102 26449
32202 57975
32302 56301
32402 26354
32502 15548
32602 34225
32702 7104
32802 7553
32902 23462
33002 11383
33102 34120
33202 15043
33302 36553
33402 51430
33502 10030
33602 62363
33702 24620
33802 39190
33902 24271
34002 4606
34102 2528
34202 8996
34302 21167
34402 52380
34502 48093
34602 30167
34702 20193
34802 59429
34902 45669
35002 36218
35102 30870
35202 26383
35302 6276
35402 22042
35502 43879
35602 62504
35702 29512
35802 62148
35902 63197
36002 50660
36102 29674
36202 59118
36302 37362
36402 9314
36502 44280
36602 31068
36702 2870
36802 22281
36902 17841
37002 58097
37102 24091
37202 2452
37302 36984
37402 21300
37502 56327
37602 29259
37702 34010
37802 52368
37902 28889
38002 59607
38102 21746
38202 16236
38302 921
38402 218
38502 4985
38602 19986
38702 26409
38802 6416
38902 24476
39002 8879
39102 55037
39202 37298
39302 49016
39402 35477
39502 3427
39602 2802
39702 20398
39802 40612
39902 12896
40002 39397
40102 35808
40202 24005
40302 14313
40402 10162
40502 37448
40602 1085
40702 47777
40802 34109
40902 39518
41002 15614
41102 32100
41202 4855
41302 47720
41402 39794
41502 27128
41602 42053
41702 47114
41802 42733
41902 57045
42002 45634
42102 5296
42202 24357
42302 1825
42402 10939
42502 27430
42602 64825
42702 4539
42802 26734
42902 48851
43002 12618
43102 60469
43202 4461
43302 14309
43402 651
43502 32383
43602 12702
43702 22425
43802 60278
43902 11740
44002 55587
44102 39207
44202 62907
44302 6823
44402 48649
44502 61773
44602 4950
44702 1667
44802 59747
44902 17460
45002 41138
45102 60362
45202 6049
45302 45136
45402 322
45502 50205
45602 22059
45702 42971
45802 14167
45902 47565
46002 5763
46102 2265
46202 47479
46302 24981
46402 23759
46502 48030
46602 6501
46702 39006
46802 35087
46902 5638
47002 56120
47102 57626
47202 22001
47302 29990
47402 35638
47502 25764
47602 17205
47702 35843
47802 61140
47902 12238
48002 36799
48102 59781
48202 62263
48302 52911
48402 60021
48502 29746
48602 17616
48702 57789
48802 6198
48902 40085
49002 21538
49102 35327
49202 55740
49302 40316
49402 31421
49502 7365
49602 25198
49702 22792
49802 18166
49902 45180
50002 32140
50102 38510
50202 47015
50302 49443
50402 24451
50502 59980
50602 31397
50702 28032
50802 35061
50902 35942
51002 57741
51102 60183
51202 38010
51302 16321
51402 13559
51502 32505
51602 10357
51702 60005
51802 16176
51902 1959
52002 28644
52102 8648
52202 26654
52302 42001
52402 2717
52502 40451
52602 96
52702 49179
52802 37154
52902 45170
53002 57809
53102 33882
53202 12903
53302 60235
53402 2831
53502 7489
53602 31332
53702 5808
53802 17746
53902 32155
54002 7152
54102 58016
54202 54733
54302 48730
54402 40737
54502 60647
54602 19013
54702 46340
54802 48584
54902 23094
55002 63743
55102 63990
55202 10802
55302 5951
55402 43968
55502 2867
55602 27859
55702 64032
55802 26228
55902 49699
56002 51607
56102 18541
56202 49796
56302 63763
56402 65258
56502 12140
56602 52279
56702 30310
56802 10494
56902 21741
57002 10139
57102 64106
57202 46452
57302 65008
57402 38600
57502 26045
57602 58842
57702 16407
57802 63704
57902 63127
58002 2482
58102 59823
58202 34610
58302 9366
58402 2995
58502 40636
58602 20422
58702 51805
58802 1400
58902 49795
59002 56606
59102 31412
59202 25440
59302 41936
59402 40265
59502 34227
59602 63115
59702 33184
59802 10503
59902 55196
60002 20280
60102 20921
60202 3338
60302 859
60402 19152
60502 6031
60602 29335
60702 15763
60802 9556
60902 3431
61002 2185
61102 42806
61202 30650
61302 26803
61402 60636
61502 8668
61602 12865
61702 22081
61802 30150
61902 62969
62002 55302
62102 21133
62202 36193
62302 55587
62402 35642
62502 58714
62602 49749
62702 60325
62802 61522
62902 61782
63002 26921
63102 46468
63202 36611
63302 21060
63402 36509
63502 44941
63602 34145
63702 63447
63802 60181
63902 1410
64002 31402
64102 28142
64202 58107
64302 47262
64402 59668
64502 23089
64602 53073
64702 62932
64802 1610
64902 56147
65002 28543
65102 41235
65202 52873
65302 707
65402 9235
65502 57314
65602 36405
65702 60325
65802 49733
65902 14044
66002 40895
66102 22172
66202 62645
66302 8171
66402 17252
66502 32589
66602 24943
66702 15395
66802 30
66902 47146
67002 45747
67102 2209
67202 2309
67302 56685
67402 60014
67502 56495
67602 58232
67702 2106
67802 11812
67902 23481
68002 41359
68102 42316
68202 43501
68302 15505
68402 51617
68502 20078
68602 47608
68702 33365
68802 10480
68902 14138
69002 2303
69102 7921
69202 50544
69302 51675
69402 7129
69502 58450
69602 8196
69702 29804
69802 39961
69902 58488
70002 23089
70102 4417
70202 14963
70302 57277
70402 7204
70502 14948
70602 33562
70702 43549
70802 61733
70902 796
71002 46335
71102 52586
71202 13763
71302 19807
71402 41882
71502 11713
71602 42661
71702 55802
71802 56257
71902 61167
72002 1290
72102 35784
72202 27694
72302 2452
72402 64718
72502 29737
72602 45104
72702 12361
72802 19367
72902 38048
73002 21159
73102 31988
73202 33311
73302 58292
73402 37694
73502 50663
73602 60739
73702 49060
73802 43713
73902 618
74002 60803
74102 56060
74202 46324
74302 12355
74402 31313
74502 14979
74602 37751
74702 1499
74802 63257
74902 30612
75002 26903
75102 2715
75202 45777
75302 21726
75402 52557
75502 26552
75602 41101
75702 59028
75802 60467
75902 47278
76002 27702
76102 58779
76202 18693
76302 33334
76402 13441
76502 40939
76602 41917
76702 12553
76802 64232
76902 36132
77002 14260
77102 42111
77202 43927
77302 27745
77402 27013
77502 37549
77602 37318
77702 4547
77802 53286
77902 17777
78002 48737
78102 6544
78202 64987
78302 38094
78402 18245
78502 30078
78602 28574
78702 52807
78802 9911
78902 10082
79002 5137
79102 39249
79202 29187
79302 54780
79402 9634
79502 27992
79602 7020
79702 4723
79802 39612
79902 48427
80002 64039
80102 9878
80202 6355
80302 3402
80402 46273
80502 21955
80602 546
80702 14634
80802 60721
80902 25190
81002 59624
81102 26023
81202 24013
81302 1086
81402 45781
81502 42415
81602 16392
81702 52822
81802 33587
81902 40555
82002 40002
82102 27450
82202 35654
82302 45320
82402 39828
82502 44834
82602 3625
82702 47660
82802 45371
82902 60329
83002 163
83102 14230
83202 33187
83302 5504
83402 42570
83502 56848
83602 31833
83702 21737
83802 20275
83902 19591
84002 30597
84102 21202
84202 50696
84302 40419
84402 19885
84502 84
84602 6860
84702 40235
84802 38823
84902 33681
85002 3230
85102 9220
85202 45375
85302 28939
85402 21296
85502 44517
85602 6424
85702 64577
85802 50201
85902 8760
86002 59066
86102 62978
86202 21197
86302 188
86402 39193
86502 4829
86602 36026
86702 42327
86802 16516
86902 65154
87002 49136
87102 51934
87202 12248
87302 50728
87402 48950
87502 6940
87602 65092
87702 3395
87802 64086
87902 31184
88002 59105
88102 14578
88202 12213
88302 35531
88402 22097
88502 12432
88602 16415
88702 48281
88802 17867
88902 4559
89002 42643
89102 65453
89202 26062
89302 23635
89402 1513
89502 48137
89602 16884
89702 55266
89802 49340
89902 22362
90002 55282
90102 32124
