102 37824
202 24746
302 16372
402 1493
502 47781
602 23631
702 12071
802 26840
902 52538
1002 7100
1102 1028
1202 41031
1302 62336
1402 61588
1502 37860
1602 61199
1702 17477
1802 7121
1902 19088
2002 32962
2102 64337
2202 45102
2302 40575
2402 8492
2502 26809
2602 12821
2702 54324
2802 54464
2902 25830
3002 46069
3102 27651
3202 4454
3302 57423
3402 28293
3502 15043
3602 8371
3702 7346
3802 62576
3902 54658
4002 32091
4102 64932
4202 35507
4302 40472
4402 31640
4502 39256
4602 64842
4702 56126
4802 64016
4902 8823
5002 47322
5102 21579
5202 18637
5302 2576
5402 32049
5502 51579
5602 38606
5702 34117
5802 37044
5902 28862
6002 57326
6102 62015
6202 39516
6302 63920
6402 28151
6502 9205
6602 54568
6702 4199
6802 9479
6902 49132
7002 56673
7102 60234
7202 13065
7302 63227
7402 8421
7502 31808
7602 40723
7702 58966
7802 53184
7902 2900
8002 13998
8102 37992
8202 57744
8302 37908
8402 48279
8502 6202
8602 47727
8702 29995
8802 64830
8902 37119
9002 63292
9102 9481
9202 3126
9302 8183
9402 11800
9502 9563
9602 44702
9702 32735
9802 41141
9902 18114
10002 10748
10102 64341
10202 45575
10302 20682
10402 33967
10502 24381
10602 29181
10702 43063
10802 3793
10902 32259
11002 48564
11102 10177
11202 19514
11302 60356
11402 372
11502 21992
11602 20736
11702 59978
11802 26569
11902 15221
12002 7966
12102 46026
12202 42346
12302 42020
12402 19678
12502 51088
12602 14281
12702 4059
12802 57312
12902 58493
13002 41667
13102 4033
13202 22128
13302 55092
13402 41673
13502 29085
13602 56992
13702 44093
13802 13224
13902 54025
14002 25364
14102 178
14202 48464
14302 50141
14402 35094
14502 48349
14602 54417
14702 33274
14802 51172
14902 49646
15002 29623
15102 30905
15202 37538
15302 21323
15402 45166
15502 45533
15602 6503
15702 42713
15802 12574
15902 17837
16002 57097
16102 3590
16202 28571
16302 62545
16402 58952
16502 9650
16602 19392
16702 23784
16802 15998
16902 985
17002 40038
17102 11336
17202 15097
17302 63458
17402 52280
17502 18930
17602 2150
17702 1796
17802 19525
17902 60418
18002 49194
18102 33798
18202 34183
18302 31566
18402 28064
18502 9940
18602 9721
18702 60197
18802 42582
18902 50295
19002 22323
19102 58097
19202 21116
19302 65138
19402 39822
19502 55168
19602 53024
19702 57485
19802 52724
19902 4959
20002 50216
20102 1924
20202 1532
20302 47672
20402 43741
20502 1990
20602 41965
20702 8518
20802 38647
20902 40298
21002 25344
21102 36537
21202 25715
21302 64835
21402 24486
21502 47824
21602 16367
21702 28351
21802 17036
21902 23746
22002 46447
22102 60669
22202 25596
22302 36975
22402 39546
22502 60929
22602 29428
22702 64085
22802 27299
22902 28610
23002 55009
23102 17969
23202 52002
23302 41283
23402 62976
23502 33530
23602 12183
23702 62243
23802 44017
23902 58484
24002 15358
24102 25137
24202 30330
24302 59959
24402 22596
24502 51940
24602 43832
24702 34021
24802 4831
24902 526
25002 52515
25102 54541
25202 55672
25302 50198
25402 53691
25502 39618
25602 21871
25702 26220
25802 59975
25902 43431
26002 35322
26102 9990
26202 63595
26302 498
26402 48729
26502 63454
26602 20275
26702 17497
26802 33871
26902 45009
27002 38693
27102 13465
27202 63394
27302 12735
27402 14358
27502 24099
27602 58459
27702 58580
27802 27044
27902 39418
28002 64444
28102 61441
28202 44050
28302 47831
28402 35319
28502 31639
28602 17299
28702 63845
28802 20882
28902 51450
29002 39452
29102 25742
29202 16403
29302 9251
29402 27410
29502 61876
29602 53176
29702 27899
29802 16248
29902 13940
30002 30397
30102 5749
30202 4715
30302 33721
30402 63548
30502 23166
30602 4947
30702 36588
30802 4782
30902 52600
31002 42643
31102 47434
31202 13322
31302 53538
31402 33177
31502 35344
31602 7648
31702 35126
31802 25293
31902 61441
32002 8967
32102 65275
32202 12414
32302 51511
32402 61074
32502 12111
32602 58339
32702 16931
32802 55919
32902 22644
33002 12113
33102 39818
33202 9009
33302 35378
33402 18594
33502 6428
33602 3119
33702 27094
33802 59068
33902 32836
34002 1136
34102 39779
34202 22969
34302 23584
34402 54463
34502 28309
34602 13144
34702 8402
34802 36100
34902 32934
35002 26954
35102 39753
35202 38644
35302 49552
35402 41194
35502 57233
35602 30828
35702 57501
35802 55503
35902 59071
36002 52557
36102 35011
36202 32739
36302 50919
36402 63288
36502 48994
36602 45395
36702 24650
36802 7292
36902 52995
37002 31693
37102 40777
37202 18572
37302 9726
37402 44146
37502 21421
37602 10994
37702 41839
37802 40467
37902 26347
38002 56009
38102 31915
38202 24003
38302 28266
38402 25151
38502 10392
38602 12171
38702 63593
38802 52598
38902 56970
39002 25500
39102 60930
39202 15140
39302 23779
39402 1756
39502 39822
39602 18494
39702 41345
39802 28692
39902 51215
40002 52766
40102 17279
40202 29279
40302 12478
40402 46263
40502 15159
40602 6401
40702 14155
40802 58850
40902 34432
41002 29150
41102 36927
41202 21133
41302 35298
41402 18124
41502 29270
41602 42247
41702 27384
41802 47532
41902 48489
42002 4974
42102 14039
42202 24172
42302 12259
42402 48743
42502 36506
42602 12984
42702 62173
42802 7209
42902 30710
43002 33528
43102 41172
43202 19767
43302 28742
43402 62167
43502 37499
43602 48296
43702 53589
43802 47239
43902 23678
44002 34285
44102 52812
44202 6712
44302 11853
44402 48217
44502 9579
44602 41334
44702 47210
44802 34800
44902 2243
45002 33484
45102 2221
45202 51874
45302 3078
45402 29726
45502 7805
45602 56288
45702 6849
45802 26407
45902 14112
46002 10266
46102 16038
46202 55676
46302 56879
46402 42722
46502 21573
46602 2674
46702 14009
46802 28176
46902 38450
47002 16809
47102 6169
47202 54334
47302 28503
47402 32994
47502 59047
47602 62291
47702 27924
47802 63678
47902 4776
48002 41858
48102 1692
48202 20023
48302 51251
48402 16737
48502 15377
48602 25321
48702 22499
48802 1293
48902 60241
49002 28223
49102 41253
49202 54973
49302 55659
49402 48553
49502 24788
49602 35387
49702 25285
49802 52930
49902 50424
50002 14031
50102 43574
50202 42450
50302 18207
50402 45083
50502 16020
50602 15842
50702 38366
50802 47316
50902 10709
51002 13851
51102 59321
51202 42343
51302 39093
51402 23255
51502 32800
51602 13856
51702 21520
51802 56896
51902 4293
52002 10916
52102 40290
52202 14057
52302 49004
52402 30570
52502 10973
52602 56477
52702 33071
52802 13783
52902 43130
53002 40087
53102 5406
53202 48462
53302 11027
53402 23622
53502 17790
53602 18933
53702 33354
53802 57956
53902 29103
54002 53637
54102 43338
54202 38302
54302 951
54402 39163
54502 46895
54602 64542
54702 61858
54802 61600
54902 1761
55002 18306
55102 35267
55202 60561
55302 18190
55402 59800
55502 44909
55602 17490
55702 63210
55802 52170
55902 28868
56002 9764
56102 41689
56202 46946
56302 35682
56402 17794
56502 11469
56602 43227
56702 36414
56802 49930
56902 63329
57002 3358
57102 6177
57202 42103
57302 50695
57402 59551
57502 25478
57602 7891
57702 37327
57802 23705
57902 30798
58002 51474
58102 16392
58202 57457
58302 34034
58402 12014
58502 36700
58602 46595
58702 30231
58802 5116
58902 6875
59002 52753
59102 35035
59202 14021
59302 31937
59402 58921
59502 39825
59602 39121
59702 22744
59802 20596
59902 54784
60002 24125
60102 40342
60202 31998
60302 45379
60402 20098
60502 48977
60602 63688
60702 23043
60802 62727
60902 47647
61002 55745
61102 27005
61202 23336
61302 19872
61402 61929
61502 17012
61602 51442
61702 40342
61802 48729
61902 44915
62002 54699
62102 34470
62202 51399
62302 20298
62402 20108
62502 50007
62602 45403
62702 7017
62802 8146
62902 2441
63002 11792
63102 25760
63202 62680
63302 56511
63402 13906
63502 40901
63602 38930
63702 25950
63802 46823
63902 18445
64002 9299
64102 12546
64202 8642
64302 44462
64402 17294
64502 53540
64602 45378
64702 60959
64802 7962
64902 8213
65002 1256
65102 55117
65202 36484
65302 49816
65402 33526
65502 51565
65602 45231
65702 28946
65802 59863
65902 60986
66002 36306
66102 37416
66202 7034
66302 51500
66402 52947
66502 11170
66602 60577
66702 10536
66802 28016
66902 26599
67002 22534
67102 50976
67202 6564
67302 35032
67402 1904
67502 55204
67602 36201
67702 28128
67802 11547
67902 526
68002 9925
68102 60087
68202 45788
68302 42144
68402 42178
68502 40251
68602 24409
68702 21322
68802 845
68902 9582
69002 44146
69102 65462
69202 17585
69302 62244
69402 15575
69502 47456
69602 49938
69702 44342
69802 15801
69902 39747
70002 45513
70102 45355
70202 52988
70302 33986
70402 27276
70502 54030
70602 17773
70702 63460
70802 8290
70902 12203
71002 25233
71102 7061
71202 53756
71302 50735
71402 62055
71502 15953
71602 53259
71702 33689
71802 30139
71902 17140
72002 43733
72102 19774
72202 36978
72302 63876
72402 7542
72502 42845
72602 33241
72702 12616
72802 4109
72902 39565
73002 913
73102 18822
73202 38120
73302 7928
73402 36034
73502 3900
73602 13879
73702 2499
73802 58560
73902 60212
74002 35382
74102 15579
74202 48968
74302 40191
74402 27210
74502 48665
74602 21225
74702 35220
74802 53869
74902 46780
75002 7127
75102 60280
75202 64086
75302 28626
75402 19927
75502 60639
75602 2233
75702 8386
75802 44622
75902 41148
76002 54027
76102 43531
76202 35907
76302 50581
76402 13024
76502 59391
76602 44536
76702 4180
76802 7449
76902 25858
77002 22006
77102 28961
77202 20720
77302 36897
77402 57068
77502 2109
77602 35968
77702 262
77802 63685
77902 44968
78002 21289
78102 30932
78202 38669
78302 48456
78402 38492
78502 61062
78602 58220
78702 33186
78802 61189
78902 57587
79002 4502
79102 56921
79202 21828
79302 18550
79402 14943
79502 3555
79602 27161
79702 13825
79802 18042
79902 19031
80002 2773
80102 46789
80202 29275
80302 19444
80402 61967
80502 21227
80602 14995
80702 11771
80802 15466
80902 14410
81002 29854
81102 63899
81202 45438
81302 54145
81402 59818
81502 21968
81602 1268
81702 35113
81802 3721
81902 45381
82002 27392
82102 10044
82202 25605
82302 22592
82402 41593
82502 51738
82602 51930
82702 14768
82802 3237
82902 20710
83002 16912
83102 45614
83202 45419
83302 17737
83402 21024
83502 9493
83602 17423
83702 41671
83802 32027
83902 9121
84002 7944
84102 31667
84202 3183
84302 60307
84402 18485
84502 10386
84602 47493
84702 31357
84802 36681
84902 56448
85002 37891
85102 8312
85202 56578
85302 15564
85402 6574
85502 44423
85602 35535
85702 56261
85802 37058
85902 62053
86002 33220
86102 55294
86202 35646
86302 55111
86402 42682
86502 30393
86602 36390
86702 61585
86802 36012
86902 26682
87002 2387
87102 33120
87202 13798
87302 30255
87402 4878
87502 34493
87602 29589
87702 52941
87802 40424
87902 60331
88002 49800
88102 60077
88202 37532
88302 49949
88402 23487
88502 36626
88602 63740
88702 39766
88802 9817
88902 45836
89002 38610
89102 6876
89202 40109
89302 57096
89402 59955
89502 40416
89602 33826
89702 58444
89802 42466
89902 58427
90002 40326
90102 54128
90202 9126
90302 63220
