102 31230
202 22219
302 58045
402 45865
502 60648
602 9299
702 4462
802 24221
902 12359
1002 61166
1102 57476
1202 37220
1302 19313
1402 5721
1502 52214
1602 2258
1702 27816
1802 38211
1902 6937
2002 43818
2102 36381
2202 31538
2302 28831
2402 53636
2502 52758
2602 64723
2702 63990
2802 23536
2902 29585
3002 59223
3102 39283
3202 15548
3302 14562
3402 37369
3502 50954
3602 40694
3702 26100
3802 4610
3902 13571
4002 51229
4102 37327
4202 25025
4302 56354
4402 19051
4502 36041
4602 36828
4702 64881
4802 6786
4902 53532
5002 26685
5102 54516
5202 49037
5302 62202
5402 31728
5502 14840
5602 10027
5702 33067
5802 64882
5902 4466
6002 34090
6102 51897
6202 38179
6302 49474
6402 43218
6502 47536
6602 62565
6702 32033
6802 822
6902 7174
7002 49087
7102 30564
7202 61977
7302 30310
7402 12041
7502 40951
7602 31470
7702 35426
7802 2340
7902 45828
8002 32790
8102 11592
8202 36926
8302 8840
8402 6223
8502 48669
8602 65037
8702 3747
8802 43745
8902 4109
9002 40902
9102 28154
9202 14632
9302 49370
9402 18086
9502 30931
9602 52795
9702 952
9802 22560
9902 1886
10002 58169
10102 28957
10202 12723
10302 21991
10402 23814
10502 13564
10602 4989
10702 28992
10802 30637
10902 48372
11002 23496
11102 21202
11202 36710
11302 25312
11402 59466
11502 10483
11602 58206
11702 37020
11802 47322
11902 50435
12002 2324
12102 25777
12202 27657
12302 21911
12402 3073
12502 40807
12602 19097
12702 54649
12802 61433
12902 55596
13002 8552
13102 21956
13202 44107
13302 42129
13402 25628
13502 25635
13602 44428
13702 55874
13802 25913
13902 33975
14002 20278
14102 42890
14202 47117
14302 20979
14402 48537
14502 6837
14602 31315
14702 2507
14802 31404
14902 37853
15002 47779
15102 15250
15202 38971
15302 49926
15402 51246
15502 22665
15602 34773
15702 9608
15802 16444
15902 5112
16002 51921
16102 31779
16202 50351
16302 65213
16402 63649
16502 49593
16602 24650
16702 51439
16802 2241
16902 6172
17002 36064
17102 8088
17202 63530
17302 16845
17402 54472
17502 32131
17602 21568
17702 33144
17802 5537
17902 15948
18002 28755
18102 51981
18202 8568
18302 47998
18402 55037
18502 1417
18602 63159
18702 43323
18802 46649
18902 33487
19002 30547
19102 58115
19202 56763
19302 11969
19402 17019
19502 63977
19602 64554
19702 32976
19802 25771
19902 33450
20002 55464
20102 4139
20202 14858
20302 19156
20402 32131
20502 45042
20602 13079
20702 51016
20802 315
20902 57967
21002 18477
21102 6040
21202 31540
21302 10981
21402 57609
21502 35528
21602 35531
21702 47364
21802 22349
21902 35744
22002 58632
22102 42651
22202 55217
22302 40900
22402 18619
22502 43122
22602 41024
22702 5285
22802 41168
22902 1808
23002 3629
23102 9722
23202 9603
23302 44297
23402 15603
23502 55301
23602 16493
23702 16742
23802 59341
23902 37076
24002 47104
24102 16371
24202 64347
24302 48099
24402 1740
24502 8347
24602 5750
24702 29495
24802 5594
24902 51690
25002 28353
25102 57221
25202 8012
25302 38310
25402 32422
25502 17895
25602 23090
25702 55897
25802 36863
25902 36515
26002 1414
26102 63985
26202 31656
26302 29177
26402 20108
26502 36149
26602 28450
26702 4007
26802 34172
26902 828
27002 27200
27102 3084
27202 22875
27302 37059
27402 9515
27502 22253
27602 24845
27702 14845
27802 62326
27902 19315
28002 11572
28102 59130
28202 1207
28302 5474
28402 39379
28502 27744
28602 38094
28702 15524
28802 41650
28902 30367
29002 14757
29102 12999
29202 61383
29302 56075
29402 57963
29502 7609
29602 63890
29702 56760
29802 55246
29902 21423
30002 49530
30102 55852
30202 58661
30302 31003
30402 22585
30502 44917
30602 6028
30702 51048
30802 40410
30902 65300
31002 21579
31102 52211
31202 63946
31302 40305
31402 58105
31502 31225
31602 28538
31702 17871
31802 59373
31902 36384
32002 65466
32102 17889
32202 51378
32302 62351
32402 60679
32502 48872
32602 29589
32702 17533
32802 56507
32902 51019
33002 49142
33102 1548
33202 48431
33302 59211
33402 44503
33502 41534
33602 58534
33702 35784
33802 34072
33902 8896
34002 21520
34102 62121
34202 39366
34302 48040
34402 28618
34502 64184
34602 59790
34702 54912
34802 53817
34902 8618
35002 4599
35102 54945
35202 18806
35302 19059
35402 49538
35502 30912
35602 53741
35702 64880
35802 61108
35902 36541
36002 30466
36102 6711
36202 38180
36302 870
36402 63142
36502 16007
36602 1312
36702 49834
36802 32029
36902 56062
37002 34125
37102 19964
37202 6266
37302 14730
37402 39166
37502 43316
37602 13049
37702 38676
37802 63632
37902 30129
38002 36660
38102 21915
38202 18345
38302 40911
38402 20457
38502 44852
38602 23618
38702 3271
38802 41937
38902 7143
39002 33802
39102 45328
39202 35499
39302 61740
39402 23398
39502 28716
39602 65127
39702 59612
39802 43360
39902 39419
40002 18797
40102 25171
40202 8773
40302 33087
40402 17666
40502 8501
40602 19443
40702 59751
40802 28038
40902 58914
41002 42526
41102 42141
41202 1407
41302 54247
41402 50781
41502 5204
41602 54749
41702 10346
41802 2309
41902 40678
42002 34580
42102 38273
42202 30291
42302 22335
42402 29255
42502 43487
42602 51887
42702 41782
42802 15071
42902 5363
43002 56613
43102 45100
43202 61272
43302 53135
43402 9324
43502 53108
43602 62232
43702 49601
43802 21893
43902 7600
44002 63072
44102 23379
44202 21005
44302 57409
44402 56918
44502 16807
44602 59600
44702 53444
44802 26049
44902 46332
45002 48376
45102 30514
45202 40166
45302 48666
45402 6604
45502 50404
45602 55077
45702 41529
45802 20545
45902 812
46002 16828
46102 64919
46202 4837
46302 20176
46402 59207
46502 21628
46602 34266
46702 46494
46802 53918
46902 38540
47002 20375
47102 57313
47202 19376
47302 30764
47402 42365
47502 59582
47602 61454
47702 18327
47802 14634
47902 23
48002 45640
48102 14407
48202 45324
48302 11111
48402 19484
48502 5388
48602 37420
48702 11255
48802 15157
48902 33105
49002 8054
49102 52804
49202 48835
49302 16716
49402 12553
49502 63579
49602 40827
49702 10051
49802 57882
49902 8996
50002 56439
50102 10527
50202 31431
50302 1238
50402 1039
50502 29634
50602 47030
50702 5310
50802 31641
50902 59375
51002 32935
51102 21036
51202 18343
51302 26707
51402 64161
51502 20591
51602 25054
51702 48934
51802 55211
51902 36174
52002 32851
52102 18836
52202 21195
52302 940
52402 12367
52502 9057
52602 32822
52702 46508
52802 20028
52902 23088
53002 36271
53102 43775
53202 49462
53302 46031
53402 9501
53502 39224
53602 34223
53702 10867
53802 7367
53902 65186
54002 34170
54102 13591
54202 57258
54302 60921
54402 14270
54502 52468
54602 63708
54702 51847
54802 5572
54902 38072
55002 521
55102 13130
55202 52797
55302 54876
55402 38301
55502 28428
55602 40592
55702 48955
55802 40825
55902 43095
56002 48681
56102 1619
56202 59028
56302 64584
56402 13289
56502 64480
56602 48483
56702 31884
56802 56991
56902 53554
57002 37592
57102 44036
57202 28380
57302 15452
57402 6182
57502 30858
57602 33053
57702 23930
57802 11479
57902 51570
58002 8190
58102 6762
58202 57588
58302 21549
58402 57625
58502 57681
58602 26156
58702 11043
58802 48025
58902 58850
59002 58708
59102 16104
59202 18282
59302 61480
59402 26011
59502 9072
59602 7759
59702 16340
59802 3655
59902 32999
60002 32986
60102 44374
60202 64334
60302 25812
60402 9536
60502 13833
60602 39900
60702 47506
60802 5423
60902 701
61002 57718
61102 9079
61202 62768
61302 27516
61402 10221
61502 46006
61602 54328
61702 50722
61802 51006
61902 34141
62002 20448
62102 47435
62202 59174
62302 48157
62402 13767
62502 13716
62602 20430
62702 43005
62802 6247
62902 33360
63002 16932
63102 28983
63202 57838
63302 53589
63402 197
63502 6970
63602 16374
63702 40319
63802 4017
63902 12565
64002 23249
64102 41704
64202 54665
64302 40857
64402 21041
64502 64292
64602 7698
64702 25781
64802 29103
64902 19785
65002 6082
65102 18525
65202 24327
65302 4157
65402 8766
65502 60287
65602 64646
65702 36875
65802 59520
65902 36923
66002 14042
66102 63449
66202 24661
66302 40498
66402 24810
66502 17723
66602 49597
66702 35058
66802 39019
66902 53087
67002 14176
67102 26228
67202 25242
67302 11855
67402 51852
67502 56016
67602 16249
67702 34415
67802 53428
67902 45575
68002 35771
68102 15659
68202 19963
68302 4618
68402 8131
68502 35573
68602 18908
68702 62281
68802 9646
68902 11324
69002 52374
69102 10067
69202 10955
69302 24351
69402 3547
69502 4516
69602 61280
69702 19103
69802 5124
69902 16622
70002 33365
70102 34199
70202 8593
70302 4479
70402 13885
70502 44765
70602 15421
70702 6106
70802 37655
70902 33182
71002 45490
71102 10481
71202 47179
71302 17645
71402 28207
71502 52866
71602 29635
71702 18905
71802 16888
71902 52314
72002 36375
72102 52462
72202 11241
72302 11215
72402 28782
72502 65097
72602 12278
72702 29662
72802 59911
72902 46326
73002 6037
73102 34942
73202 45316
73302 48500
73402 21608
73502 41198
73602 22280
73702 28956
73802 63153
73902 63397
74002 34691
74102 17260
74202 27487
74302 51721
74402 26987
74502 16635
74602 16131
74702 62202
74802 14213
74902 30299
75002 12524
75102 8784
75202 18239
75302 16362
75402 50404
75502 19046
75602 46604
75702 53264
75802 13792
75902 15251
76002 26761
76102 39955
76202 54682
76302 16034
76402 62997
76502 35268
76602 37673
76702 60717
76802 1259
76902 16076
77002 52739
77102 41923
77202 39979
77302 21497
77402 22535
77502 9830
77602 51670
77702 11838
77802 18667
77902 34634
78002 64801
78102 6113
78202 51573
78302 814
78402 24353
78502 45656
78602 2121
78702 11920
78802 63138
78902 43746
79002 52093
79102 882
79202 49041
79302 16119
79402 25898
79502 35898
79602 54839
79702 63310
79802 25197
79902 1930
80002 35980
80102 1298
80202 38982
80302 44250
80402 11421
80502 13086
80602 9189
80702 5008
80802 7407
80902 36107
81002 54538
81102 44378
81202 58660
81302 32497
81402 49758
81502 41570
81602 46583
81702 43448
81802 18225
81902 10611
82002 9729
82102 34814
82202 62284
82302 42671
82402 56879
82502 23103
82602 3032
82702 47980
82802 8484
82902 32425
83002 60026
83102 36042
83202 49589
83302 54758
83402 23709
83502 62279
83602 57407
83702 11254
83802 48319
83902 37712
84002 35216
84102 19632
84202 22613
84302 5141
84402 5830
84502 58206
84602 50044
84702 46218
84802 42909
84902 22541
85002 31660
85102 19649
85202 3360
85302 7121
85402 24197
85502 52763
85602 47803
85702 19710
85802 53490
85902 13290
86002 56169
86102 9192
86202 54514
86302 1292
86402 51565
86502 38460
86602 36703
86702 27804
86802 53774
86902 16901
87002 3741
87102 65402
87202 26379
87302 2568
87402 56485
87502 37632
87602 64676
87702 35206
87802 16290
87902 20408
88002 52037
88102 58554
88202 4137
88302 46383
88402 20452
88502 36192
88602 58391
88702 57505
88802 20742
88902 18818
89002 7479
89102 8212
89202 24965
89302 44974
89402 231
89502 12074
89602 2657
89702 10500
89802 57667
89902 29374
90002 38182
90102 19879
