102 40402
202 21646
302 49600
402 5437
502 21412
602 54127
702 51912
802 56212
902 20992
1002 28527
1102 11576
1202 3658
1302 31458
1402 49744
1502 43343
1602 32222
1702 36035
1802 5098
1902 15936
2002 55718
2102 59270
2202 38463
2302 8003
2402 4556
2502 60184
2602 62142
2702 47864
2802 48441
2902 14218
3002 23077
3102 165
3202 3823
3302 12336
3402 53994
3502 11816
3602 12743
3702 57234
3802 24507
3902 16003
4002 33496
4102 8071
4202 60189
4302 64617
4402 54195
4502 54951
4602 54777
4702 23395
4802 38886
4902 42818
5002 19796
5102 27392
5202 62262
5302 27890
5402 33279
5502 26577
5602 20685
5702 24074
5802 5765
5902 2419
6002 64554
6102 45680
6202 54968
6302 57953
6402 42291
6502 53420
6602 43752
6702 8905
6802 28377
6902 28623
7002 9193
7102 15990
7202 21531
7302 19775
7402 64679
7502 5604
7602 3491
7702 21748
7802 46927
7902 4974
8002 50347
8102 9348
8202 48565
8302 60319
8402 36983
8502 22634
8602 50628
8702 55668
8802 38441
8902 4283
9002 29174
9102 21459
9202 35373
9302 50803
9402 43409
9502 16978
9602 59154
9702 56463
9802 31563
9902 35004
10002 43525
10102 53803
10202 51133
10302 27856
10402 6816
10502 44740
10602 3681
10702 43642
10802 36265
10902 37987
11002 45167
11102 8856
11202 33319
11302 22399
11402 32717
11502 61839
11602 61778
11702 43950
11802 4686
11902 45479
12002 4215
12102 40671
12202 5691
12302 18239
12402 17325
12502 57622
12602 44492
12702 63642
12802 43575
12902 36616
13002 19475
13102 2859
13202 52169
13302 11169
13402 14577
13502 23029
13602 45713
13702 63946
13802 52580
13902 51580
14002 12816
14102 43792
14202 2807
14302 60240
14402 24816
14502 759
14602 40025
14702 9668
14802 31649
14902 6856
15002 1087
15102 20492
15202 12423
15302 55457
15402 55594
15502 13569
15602 65526
15702 45126
15802 13305
15902 48685
16002 62287
16102 31711
16202 20014
16302 1070
16402 34674
16502 27520
16602 9996
16702 25930
16802 36260
16902 7253
17002 65153
17102 37105
17202 14643
17302 61041
17402 46317
17502 48559
17602 37222
17702 59669
17802 15699
17902 17579
18002 57046
18102 49450
18202 10207
18302 64150
18402 62403
18502 56845
18602 40305
18702 23456
18802 60876
18902 7644
19002 5727
19102 32264
19202 44109
19302 19339
19402 40970
19502 33637
19602 24318
19702 46829
19802 6555
19902 3683
20002 33780
20102 20005
20202 34643
20302 1593
20402 36829
20502 40766
20602 17651
20702 43975
20802 38695
20902 38658
21002 32548
21102 37972
21202 60419
21302 62212
21402 41053
21502 512
21602 17086
21702 1344
21802 61404
21902 8921
22002 12742
22102 9910
22202 2658
22302 40665
22402 51739
22502 11908
22602 52430
22702 23138
22802 40948
22902 60133
23002 59984
23102 44289
23202 64703
23302 52385
23402 65006
23502 5830
23602 10127
23702 60766
23802 31698
23902 18574
24002 15458
24102 1679
24202 32721
24302 3217
24402 48263
24502 33887
24602 12711
24702 12120
24802 46137
24902 10597
25002 56278
25102 7315
25202 22964
25302 17614
25402 57078
25502 5730
25602 34987
25702 50576
25802 56134
25902 1345
26002 59103
26102 35058
26202 6611
26302 24599
26402 36167
26502 19158
26602 32547
26702 37805
26802 21971
26902 29127
27002 4736
27102 53386
27202 5489
27302 31893
27402 50980
27502 28860
27602 26995
27702 35742
27802 14078
27902 64966
28002 44967
28102 40651
28202 42900
28302 6234
28402 29498
28502 14355
28602 42533
28702 16692
28802 45556
28902 14028
29002 47801
29102 33475
29202 56535
29302 51827
29402 32962
29502 8544
29602 33230
29702 19087
29802 24149
29902 21709
30002 57703
30102 18721
30202 53158
30302 50542
30402 52110
30502 5668
30602 55857
30702 60823
30802 5008
30902 22100
31002 24634
31102 17282
31202 632
31302 17847
31402 57916
31502 4876
31602 20461
31702 11683
31802 36197
31902 61770
32002 25818
32102 18108
32202 5232
32302 25780
32402 19956
32502 9351
32602 6541
32702 24005
32802 12402
32902 64503
33002 38868
33102 2862
33202 17990
33302 54436
33402 38255
33502 58951
33602 20417
33702 54057
33802 53950
33902 21916
34002 996
34102 62555
34202 12787
34302 2243
34402 15298
34502 41292
34602 10949
34702 39989
34802 60021
34902 52173
35002 20817
35102 12470
35202 7080
35302 32427
35402 36991
35502 42060
35602 31947
35702 8372
35802 3547
35902 14802
