102 62583
202 35326
302 51491
402 51571
502 47026
602 35671
702 40666
802 63850
902 49639
1002 16092
1102 23686
1202 19283
1302 33845
1402 6906
1502 36530
1602 12373
1702 19184
1802 14201
1902 4688
2002 58670
2102 26958
2202 52505
2302 23099
2402 54856
2502 10560
2602 64841
2702 46428
2802 24015
2902 37728
3002 44350
3102 51412
3202 56423
3302 8787
3402 38879
3502 10290
3602 62216
3702 60400
3802 23057
3902 54391
4002 47496
4102 4511
4202 5840
4302 11700
4402 34692
4502 13967
4602 6183
4702 3504
4802 20301
4902 51240
5002 22120
5102 64983
5202 54377
5302 36883
5402 38106
5502 60253
5602 32716
5702 10295
5802 29418
5902 7355
6002 64793
6102 46612
6202 35996
6302 24319
6402 17468
6502 3615
6602 2371
6702 45459
6802 4385
6902 13022
7002 45905
7102 43519
7202 60079
7302 41828
7402 60947
7502 54901
7602 25740
7702 31856
7802 25869
7902 25014
8002 19296
8102 1603
8202 30109
8302 21149
8402 26938
8502 14286
8602 33102
8702 62343
8802 62908
8902 38538
9002 36380
9102 62511
9202 30000
9302 4296
9402 45729
9502 29865
9602 19706
9702 59612
9802 3973
9902 48499
10002 53875
10102 12059
10202 52362
10302 4444
10402 9351
10502 9581
10602 16728
10702 17554
10802 5126
10902 41242
11002 64963
11102 43802
11202 27767
11302 50085
11402 28640
11502 34599
11602 8000
11702 45719
11802 24215
11902 46303
12002 64605
12102 28527
12202 1974
12302 38766
12402 40088
12502 38324
12602 4566
12702 17863
12802 59384
12902 21863
13002 766
13102 23263
13202 43554
13302 31129
13402 45001
13502 9726
13602 64227
13702 46995
13802 35865
13902 54079
14002 42224
14102 30971
14202 48217
14302 939
14402 21123
14502 12478
14602 15026
14702 17613
14802 4160
14902 57675
15002 58014
15102 44571
15202 35678
15302 46637
15402 38655
15502 6965
15602 43613
15702 25001
15802 58365
15902 24892
16002 53605
16102 54645
16202 19222
16302 29631
16402 25931
16502 65008
16602 52517
16702 46338
16802 13062
16902 58782
17002 9647
17102 39456
17202 29121
17302 64811
17402 95
17502 41515
17602 41198
17702 34143
17802 36451
17902 23987
18002 58463
18102 10298
18202 22145
18302 50366
18402 50299
18502 25038
18602 61420
18702 53724
18802 52551
18902 43280
19002 10875
19102 5858
19202 50126
19302 8099
19402 38208
19502 12028
19602 43052
19702 61980
19802 25708
19902 51254
20002 64061
20102 15858
20202 20448
20302 45831
20402 57087
20502 45742
20602 54559
20702 1727
20802 42827
20902 18519
21002 36952
21102 43833
21202 30049
21302 22082
21402 57232
21502 9466
21602 29015
21702 5835
21802 49693
21902 12958
22002 20841
22102 41822
22202 51569
22302 43160
22402 20588
22502 65134
22602 36811
22702 57226
22802 46203
22902 17317
23002 46865
23102 15306
23202 58627
23302 25606
23402 15129
23502 16458
23602 39802
23702 58301
23802 55605
23902 1667
24002 9537
24102 37303
24202 34337
24302 35301
24402 53452
24502 21876
24602 3813
24702 1288
24802 64920
24902 45049
25002 23207
25102 24579
25202 20627
25302 65488
25402 20586
25502 23858
25602 25195
25702 61172
25802 56527
25902 32306
26002 30933
26102 44632
26202 46907
26302 17624
26402 33013
26502 34372
26602 58688
26702 9950
26802 16892
26902 21200
27002 59398
27102 16307
27202 7831
27302 26060
27402 228
27502 7501
27602 30495
27702 2717
27802 41353
27902 32668
28002 25726
28102 36173
28202 50468
28302 34189
28402 15956
28502 5568
28602 41501
28702 58668
28802 1702
28902 14710
29002 3427
29102 6955
29202 44305
29302 37114
29402 56869
29502 55176
29602 22929
29702 7688
29802 29083
29902 39168
30002 53691
