102 59033
202 17205
302 59842
402 3945
502 48506
602 48471
702 31504
802 40399
902 46625
1002 36303
1102 16512
1202 26410
1302 56412
1402 45857
1502 54397
1602 16297
1702 49131
1802 55191
1902 57377
2002 6258
2102 50429
2202 41052
2302 57685
2402 4748
2502 16085
2602 59784
2702 44641
2802 14264
2902 52683
3002 62485
3102 13773
3202 28545
3302 21532
3402 10901
3502 27030
3602 55825
3702 55438
3802 39681
3902 57124
4002 44926
4102 29575
4202 49142
4302 49148
4402 50581
4502 8532
4602 27196
4702 54913
4802 34728
4902 47137
5002 20572
5102 51740
5202 62258
5302 47115
5402 57901
5502 30614
5602 994
5702 6827
5802 21928
5902 37000
6002 64792
6102 61789
6202 62412
6302 56457
6402 47578
6502 29570
6602 12892
6702 50159
6802 33122
6902 26138
7002 25332
7102 28914
7202 21009
7302 625
7402 46316
7502 37624
7602 27453
7702 15499
7802 49736
7902 23925
8002 33878
8102 22111
8202 6331
8302 24042
8402 42446
8502 6963
8602 54588
8702 4996
8802 35234
8902 13541
9002 61305
9102 19663
9202 4805
9302 41149
9402 482
9502 42283
9602 17327
9702 26763
9802 61514
9902 26979
10002 9566
10102 14404
10202 34236
10302 59577
10402 6579
10502 37072
10602 39533
10702 65136
10802 43423
10902 61578
11002 32666
11102 22818
11202 1989
11302 25123
11402 49933
11502 63395
11602 34255
11702 36339
11802 12400
11902 41511
12002 32550
12102 4878
12202 28418
12302 53008
12402 52965
12502 62416
12602 27160
12702 16184
12802 58306
12902 56210
13002 37549
13102 21619
13202 52630
13302 49081
13402 1312
13502 37339
13602 50107
13702 28771
13802 27686
13902 24481
14002 31927
14102 55566
14202 56034
14302 38420
14402 35515
14502 37793
14602 28679
14702 26868
14802 19892
14902 27525
15002 44471
15102 60041
15202 15554
15302 29561
15402 11292
15502 3460
15602 16646
15702 30014
15802 23387
15902 63371
16002 51966
16102 52744
16202 1563
16302 37266
16402 14512
16502 30990
16602 18667
16702 54622
16802 25497
16902 31787
17002 13531
17102 24082
17202 12292
17302 52586
17402 1835
17502 49067
17602 61085
17702 17339
17802 44022
17902 10845
18002 38607
18102 24574
18202 12917
18302 55039
18402 45566
18502 61887
18602 3799
18702 26749
18802 28197
18902 16907
19002 26203
19102 28516
19202 27045
19302 8791
19402 53162
19502 22020
19602 23437
19702 49186
19802 15908
19902 31560
20002 39081
20102 47542
20202 40977
20302 44014
20402 7835
20502 58277
20602 34495
20702 6268
20802 11565
20902 58944
21002 57147
21102 64252
21202 56678
21302 11873
21402 65127
21502 50252
21602 27150
21702 14332
21802 47564
21902 51192
22002 42328
22102 41920
22202 45907
22302 42485
22402 28813
22502 12171
22602 929
22702 50909
22802 7095
22902 12756
23002 23612
23102 38445
23202 1879
23302 10684
23402 34467
23502 3058
23602 10108
23702 19294
23802 19304
23902 51204
24002 31849
24102 13092
24202 63717
24302 49841
24402 53175
24502 44554
24602 4222
24702 38892
24802 33185
24902 44343
25002 21043
25102 42728
25202 58594
25302 55968
25402 11375
25502 64395
25602 40426
25702 6514
25802 35667
25902 30128
26002 31152
26102 38137
26202 6305
26302 35160
26402 41387
26502 7158
26602 50769
26702 8787
26802 45107
26902 46307
27002 9196
27102 22882
27202 5454
27302 22878
27402 65393
27502 51115
27602 2171
27702 32521
27802 29260
27902 8111
28002 64664
28102 19298
28202 21121
28302 59940
28402 58705
28502 33666
28602 56358
28702 21584
28802 42535
28902 59222
29002 14023
29102 19063
29202 3711
29302 26960
29402 51171
29502 4762
29602 32674
29702 55548
29802 37115
29902 19644
30002 37731
30102 36679
30202 48963
30302 27452
30402 52339
30502 58354
30602 27335
30702 62657
30802 60001
30902 62738
31002 5607
31102 15321
31202 30567
31302 801
31402 61464
31502 12787
31602 34910
31702 17996
31802 16924
31902 37040
32002 8178
32102 55692
32202 24967
32302 54691
32402 23876
32502 3420
32602 61107
32702 32723
32802 31925
32902 63269
33002 21974
33102 42480
33202 945
33302 10819
33402 12386
33502 32826
33602 45449
33702 39068
33802 50418
33902 13691
34002 62602
34102 20020
34202 7210
34302 7348
34402 59497
34502 25661
34602 15984
34702 4198
34802 31497
34902 19658
35002 11003
35102 1073
35202 61964
35302 13168
35402 36152
35502 57808
35602 49831
35702 5954
35802 38915
35902 16187
36002 15391
36102 52492
36202 55807
36302 7391
36402 46202
36502 37559
36602 64549
36702 1554
36802 59538
36902 45283
37002 21110
37102 19706
37202 64653
37302 38863
37402 62811
37502 64479
37602 50437
37702 41723
37802 57894
37902 491
38002 27930
38102 14140
38202 37832
38302 52376
38402 58119
38502 12733
38602 53318
38702 41671
38802 53272
38902 9405
39002 60613
39102 17275
39202 158
39302 54415
39402 61366
39502 39773
39602 65039
39702 31660
39802 3860
39902 27721
40002 25628
40102 3559
40202 39134
40302 50532
40402 56380
40502 47124
40602 26070
40702 47654
40802 12554
40902 25816
41002 2490
41102 30773
41202 6224
41302 19699
41402 64491
41502 16027
41602 16944
41702 30530
41802 54270
41902 16736
42002 31379
42102 41780
42202 58586
42302 35104
42402 37922
42502 34645
42602 57736
42702 11793
42802 4796
42902 4735
43002 34145
43102 58839
43202 39665
43302 38565
43402 12817
43502 61898
43602 11161
43702 53664
43802 55948
43902 47807
44002 55824
44102 16960
44202 35961
44302 1977
44402 18076
44502 56736
44602 17458
44702 23548
44802 17366
44902 49763
45002 10099
45102 9800
45202 30125
45302 50376
45402 43462
45502 32053
45602 53663
45702 51764
45802 61769
45902 21596
46002 30295
46102 44929
46202 11976
46302 32286
46402 20176
46502 5076
46602 58241
46702 38881
46802 43407
46902 52816
47002 32193
47102 39910
47202 10908
47302 64417
47402 4193
47502 19631
47602 52726
47702 56598
47802 33599
47902 36178
48002 3579
48102 4163
48202 22318
48302 48801
48402 14933
48502 2187
48602 30016
48702 13178
48802 48892
48902 37421
49002 43585
49102 6692
49202 62651
49302 23733
49402 26218
49502 41281
49602 49708
49702 40965
49802 52159
49902 17817
50002 16602
50102 29193
50202 51497
50302 64672
50402 61357
50502 8704
50602 6314
50702 44847
50802 12184
50902 55437
51002 16285
51102 26240
51202 57575
51302 54060
51402 12375
51502 60704
51602 37151
51702 59789
51802 15447
51902 62108
52002 63350
52102 58936
52202 49240
52302 29800
52402 18367
52502 45906
52602 23251
52702 64527
52802 4325
52902 56336
53002 36706
53102 50174
53202 43255
53302 56187
53402 62285
53502 14897
53602 43610
53702 29689
53802 57101
53902 9680
54002 64526
54102 49876
54202 14841
54302 1569
54402 12609
54502 12940
54602 63034
54702 31737
54802 30008
54902 26585
55002 3706
55102 29054
55202 37007
55302 23843
55402 7529
55502 10219
55602 62274
55702 17016
55802 13688
55902 57807
56002 13895
56102 54086
56202 61268
56302 22758
56402 43119
56502 35896
56602 40402
56702 17956
56802 38459
56902 46036
57002 33223
57102 59178
57202 41193
57302 58670
57402 38169
57502 32789
57602 11451
57702 42367
57802 38308
57902 22751
58002 15540
58102 49233
58202 7985
58302 40635
58402 37808
58502 13323
58602 2829
58702 34055
58802 30791
58902 34512
59002 6389
59102 15922
59202 40030
59302 9762
59402 26204
59502 28089
59602 14434
59702 973
59802 92
59902 57555
60002 18351
60102 53781
60202 8900
60302 31908
60402 43637
60502 41497
60602 54535
60702 8702
60802 431
60902 15703
61002 11327
61102 11718
61202 61551
61302 57204
61402 15054
61502 2010
61602 15909
61702 49031
61802 31848
61902 28740
62002 40428
62102 1977
62202 39828
62302 57119
62402 21686
62502 22057
62602 3434
62702 50078
62802 11546
62902 15022
63002 13473
63102 15833
63202 3606
63302 35661
63402 29777
63502 57005
63602 32794
63702 25149
63802 64486
63902 3077
64002 27169
64102 8673
64202 7962
64302 30412
64402 65165
64502 16693
64602 14000
64702 32569
64802 47946
64902 40150
65002 23708
65102 62191
65202 55342
65302 38172
65402 3501
65502 52810
65602 55955
65702 22585
65802 64313
65902 11547
66002 64683
66102 32196
66202 35133
66302 34466
66402 60428
66502 16907
66602 1611
66702 52295
66802 27744
66902 6735
67002 52170
67102 22524
67202 40918
67302 43287
67402 46834
67502 57910
67602 59910
67702 48319
67802 1546
67902 16148
68002 50871
68102 56812
68202 41740
68302 49256
68402 32664
68502 60167
68602 18475
68702 49554
68802 63680
68902 52379
69002 42729
69102 61327
69202 34552
69302 3244
69402 41797
69502 50013
69602 18308
69702 26690
69802 2446
69902 47846
70002 3053
70102 57782
70202 60125
70302 62117
70402 43104
70502 14530
70602 20605
70702 63916
70802 55501
70902 30495
71002 24520
71102 38367
71202 1056
71302 65358
71402 47548
71502 49079
71602 37553
71702 36057
71802 47701
71902 38615
72002 57574
72102 42503
72202 39262
72302 31866
72402 54137
72502 41725
72602 37060
72702 60748
72802 56069
72902 21177
73002 49312
73102 16259
73202 40853
73302 52181
73402 30059
73502 57410
73602 35379
73702 25422
73802 24333
73902 13209
74002 6123
74102 47684
74202 1275
74302 64159
74402 11931
74502 16049
74602 15769
74702 49812
74802 4837
74902 59900
75002 34175
75102 10300
75202 30472
75302 1662
75402 60798
75502 50105
75602 17609
75702 59361
75802 65125
75902 2014
76002 40417
76102 45834
76202 2777
76302 3145
76402 29723
76502 5414
76602 51551
76702 30756
76802 3777
76902 5595
77002 96
77102 54527
77202 16202
77302 64083
77402 25281
77502 52895
77602 4114
77702 5784
77802 64172
77902 48729
78002 47634
78102 64886
78202 42562
78302 31018
78402 47262
78502 26710
78602 13443
78702 47876
78802 47431
78902 49157
79002 29980
79102 48598
79202 64361
79302 32350
79402 29218
79502 31362
79602 54302
79702 35367
79802 8260
79902 1115
80002 10605
80102 26812
80202 10904
80302 39743
80402 9599
80502 40137
80602 38371
80702 1036
80802 47569
80902 47270
81002 64096
81102 40933
81202 42925
81302 18966
81402 50261
81502 56936
81602 45240
81702 20657
81802 41651
81902 2472
82002 42445
82102 12209
82202 886
82302 45818
82402 52890
82502 6700
82602 14940
82702 35018
82802 45548
82902 5512
83002 33117
83102 39164
83202 47245
83302 16026
83402 60817
83502 22479
83602 40386
83702 51373
83802 11861
83902 20206
84002 11630
84102 41915
84202 1535
84302 28308
84402 11680
84502 45912
84602 45131
84702 21632
84802 28553
84902 47623
85002 18748
85102 29528
85202 42791
85302 2366
85402 55287
85502 46421
85602 47956
85702 53206
85802 50231
85902 54067
86002 22084
86102 38494
86202 32688
86302 44977
86402 61252
86502 3696
86602 9511
86702 19734
86802 6192
86902 54934
87002 3670
87102 13400
87202 31508
87302 55712
87402 51354
87502 52944
87602 19780
87702 65528
87802 53387
87902 55585
88002 11275
88102 2023
88202 18290
88302 31635
88402 46948
88502 16967
88602 30338
88702 52080
88802 14830
88902 52065
89002 5068
89102 23563
89202 4542
89302 3474
89402 43795
89502 19634
89602 2938
89702 16538
89802 61284
89902 36732
90002 45333
90102 26716
