102 36536
202 370
302 29855
402 50055
502 7595
602 11525
702 55462
802 50634
902 44009
1002 50031
1102 56767
1202 23062
1302 8790
1402 17782
1502 19225
1602 59839
1702 13408
1802 26926
1902 27751
2002 10577
2102 26176
2202 32869
2302 45278
2402 36326
2502 18601
2602 17412
2702 20141
2802 683
2902 37144
3002 53531
3102 36177
3202 8332
3302 10548
3402 63460
3502 58888
3602 61094
3702 32143
3802 51027
3902 9270
4002 2551
4102 63117
4202 31902
4302 60876
4402 22003
4502 29512
4602 54932
4702 43606
4802 59933
4902 45438
5002 1249
5102 16557
5202 46577
5302 25939
5402 59114
5502 33135
5602 7799
5702 1224
5802 40715
5902 28027
6002 61611
6102 23878
6202 9129
6302 53281
6402 5128
6502 44015
6602 32506
6702 64107
6802 64001
6902 14551
7002 39124
7102 57490
7202 14881
7302 15840
7402 1071
7502 35783
7602 43658
7702 28089
7802 34288
7902 23213
8002 37867
8102 50048
8202 18003
8302 100
8402 18101
8502 52393
8602 60854
8702 26006
8802 625
8902 64313
9002 14041
9102 49220
9202 13986
9302 3589
9402 10410
9502 780
9602 20427
9702 26645
9802 27808
9902 19950
10002 33156
10102 17523
10202 30193
10302 2667
10402 54559
10502 32363
10602 282
10702 54058
10802 25205
10902 23340
11002 21942
11102 38314
11202 26676
11302 53574
11402 28465
11502 22340
11602 28410
11702 26511
11802 53111
11902 54548
12002 48977
12102 6330
12202 46598
12302 24702
12402 8777
12502 28988
12602 5153
12702 45619
12802 15648
12902 2787
13002 29677
13102 63060
13202 40493
13302 767
13402 60078
13502 44294
13602 41078
13702 26776
13802 61475
13902 46460
14002 32100
14102 63966
14202 62194
14302 43271
14402 60171
14502 50415
14602 56525
14702 22844
14802 42440
14902 46828
15002 33085
15102 41323
15202 22677
15302 1289
15402 35405
15502 47254
15602 60898
15702 22437
15802 41492
15902 65347
16002 10284
16102 53332
16202 27897
16302 61392
16402 16860
16502 13950
16602 39304
16702 64298
16802 13938
16902 31210
17002 50735
17102 5342
17202 41745
17302 46724
17402 8988
17502 61404
17602 37494
17702 10259
17802 28241
17902 38880
18002 40070
18102 7765
18202 16458
18302 57649
18402 22844
18502 34755
18602 10921
18702 1760
18802 29390
18902 26381
19002 30133
19102 16222
19202 61500
19302 60727
19402 15583
19502 45267
19602 46034
19702 48521
19802 61572
19902 30717
20002 19659
20102 30774
20202 9692
20302 57678
20402 34828
20502 43627
20602 44558
20702 36335
20802 29388
20902 48563
21002 64794
21102 11637
21202 369
21302 19311
21402 32089
21502 2760
21602 55549
21702 46497
21802 21304
21902 34342
22002 42932
22102 15863
22202 9802
22302 57821
22402 49116
22502 53330
22602 18879
22702 10415
22802 12831
22902 46543
23002 2824
23102 32334
23202 62090
23302 62327
23402 12649
23502 39766
23602 57081
23702 33231
23802 47411
23902 64452
24002 49973
24102 27326
24202 15910
24302 1033
24402 29053
24502 48257
24602 14466
24702 11153
24802 54819
24902 63062
25002 36600
25102 22466
25202 47967
25302 48238
25402 35411
25502 32585
25602 20727
25702 27031
25802 64518
25902 45166
26002 62122
26102 40202
26202 65241
26302 47901
26402 18771
26502 32006
26602 40828
26702 31008
26802 29523
26902 62811
27002 38210
27102 1483
27202 58538
27302 8126
27402 56660
27502 56823
27602 41989
27702 38263
27802 46894
27902 824
28002 58867
28102 35822
28202 63891
28302 9519
28402 22151
28502 28046
28602 42381
28702 39608
28802 27804
28902 53482
29002 42678
29102 33085
29202 31206
29302 33218
29402 47605
29502 45959
29602 6480
29702 58209
29802 44152
29902 61985
30002 16492
30102 31176
30202 60019
30302 45906
30402 57198
30502 22965
30602 25973
30702 22351
30802 52086
30902 55756
31002 42757
31102 523
31202 39004
31302 54650
31402 54584
31502 61629
31602 23397
31702 32506
31802 65306
31902 1253
32002 14584
32102 48813
32202 31375
32302 25153
32402 60838
32502 5533
32602 40830
32702 65238
32802 29997
32902 30273
33002 53097
33102 38274
33202 46018
33302 54086
33402 9079
33502 45040
33602 53001
33702 42777
33802 8276
33902 59931
34002 39653
34102 4339
34202 16714
34302 29969
34402 8229
34502 9169
34602 24507
34702 35515
34802 165
34902 65409
35002 63906
35102 1658
35202 8851
35302 34663
35402 29604
35502 6812
35602 15529
35702 4036
35802 58112
35902 42222
36002 7499
36102 48472
36202 8697
36302 59938
36402 54000
36502 40202
36602 31301
36702 60468
36802 13963
36902 42541
37002 568
37102 5792
37202 4125
37302 46668
37402 3277
37502 35506
37602 35695
37702 39835
37802 49455
37902 5920
38002 939
38102 6878
38202 39954
38302 2355
38402 22665
38502 34495
38602 20759
38702 7137
38802 17627
38902 5444
39002 12060
39102 17058
39202 44751
39302 63587
39402 30783
39502 14637
39602 62648
39702 47959
39802 8495
39902 63707
40002 20988
40102 28873
40202 52343
40302 21297
40402 33817
40502 47680
40602 51498
40702 62112
40802 38584
40902 32506
41002 56404
41102 37387
41202 28311
41302 18706
41402 11479
41502 35888
41602 61579
41702 56576
41802 33963
41902 53491
42002 58903
42102 4193
42202 40197
42302 37183
42402 3657
42502 37298
42602 15535
42702 15156
42802 34272
42902 29840
43002 60387
43102 50851
43202 51417
43302 34643
43402 50824
43502 38963
43602 62502
43702 19235
43802 12356
43902 45190
44002 54530
44102 5099
44202 50194
44302 37507
44402 34289
44502 11032
44602 43729
44702 31425
44802 44233
44902 61582
45002 28485
45102 32813
45202 64458
45302 9456
45402 10340
45502 26302
45602 24549
45702 43326
45802 58352
45902 7368
46002 46720
46102 59390
46202 23593
46302 32443
46402 29483
46502 29015
46602 21395
46702 57673
46802 28208
46902 6701
47002 16409
47102 17109
47202 23703
47302 17971
47402 59109
47502 40288
47602 6154
47702 1494
47802 5433
47902 43877
48002 55603
48102 26953
48202 21387
48302 37913
48402 42723
48502 19363
48602 35199
48702 26686
48802 21914
48902 61163
49002 51248
49102 64957
49202 51555
49302 63862
49402 58336
49502 42085
49602 20790
49702 48092
49802 45602
49902 37917
50002 26076
50102 60111
50202 61118
50302 45559
50402 57656
50502 40923
50602 43944
50702 62855
50802 58663
50902 39544
51002 39879
51102 31152
51202 38144
51302 64430
51402 42595
51502 31898
51602 47347
51702 43847
51802 33782
51902 54185
52002 34643
52102 23594
52202 51601
52302 59185
52402 59745
52502 17685
52602 43415
52702 29925
52802 38297
52902 29004
53002 40184
53102 59120
53202 41922
53302 32213
53402 26260
53502 12119
53602 49433
53702 29312
53802 58122
53902 39880
54002 6081
54102 52638
54202 30698
54302 3199
54402 58385
54502 39654
54602 42728
54702 4220
54802 13863
54902 63451
55002 51990
55102 8389
55202 3136
55302 60316
55402 12459
55502 5351
55602 50860
55702 51597
55802 35527
55902 3970
56002 17846
56102 27776
56202 39532
56302 3331
56402 56046
56502 58131
56602 2721
56702 52037
56802 26568
56902 33462
57002 52191
57102 47283
57202 21686
57302 52560
57402 8548
57502 51424
57602 2882
57702 23289
57802 22336
57902 47814
58002 3603
58102 59056
58202 27879
58302 61038
58402 62254
58502 2105
58602 8316
58702 44288
58802 37383
58902 63534
59002 8341
59102 7606
59202 45878
59302 18057
59402 40260
59502 30717
59602 25866
59702 21540
59802 59352
59902 56128
60002 20562
60102 23722
60202 64563
60302 27043
60402 12594
60502 9390
60602 37426
60702 6200
60802 20246
60902 3148
61002 51346
61102 22816
61202 19242
61302 22890
61402 10895
61502 22435
61602 6886
61702 48459
61802 16866
61902 31027
62002 22268
62102 4262
62202 62140
62302 29100
62402 6323
62502 1491
62602 14261
62702 6989
62802 10829
62902 11121
63002 62604
63102 11103
63202 54624
63302 12959
63402 44873
63502 14982
63602 12393
63702 38192
63802 2033
63902 61344
64002 10814
64102 18926
64202 10723
64302 38115
64402 5277
64502 48015
64602 4965
64702 11884
64802 9164
64902 595
65002 63936
65102 27876
65202 37431
65302 54304
65402 9264
65502 62617
65602 41091
65702 52743
65802 9771
65902 54475
66002 6498
66102 20907
66202 7480
66302 11662
66402 36921
66502 3430
66602 31309
66702 20684
66802 40228
66902 51121
67002 27559
67102 13175
67202 41159
67302 64303
67402 36633
67502 37820
67602 41556
67702 32403
67802 29506
67902 16391
68002 17681
68102 59459
68202 32316
68302 41954
68402 16350
68502 31512
68602 13900
68702 20285
68802 48809
68902 30538
69002 18435
69102 42277
69202 2428
69302 26270
69402 13482
69502 58425
69602 53673
69702 40839
69802 35120
69902 41606
70002 19940
70102 22000
70202 13933
70302 58228
70402 4468
70502 49479
70602 36264
70702 22637
70802 36238
70902 42410
71002 32752
71102 53538
71202 41425
71302 28370
71402 16846
71502 10836
71602 48745
71702 2090
71802 63676
71902 30548
72002 50160
72102 45247
72202 49060
72302 11788
72402 49502
72502 38094
72602 34983
72702 50782
72802 37228
72902 33098
73002 59952
73102 52286
73202 13006
73302 14004
73402 8028
73502 51728
73602 21372
73702 1826
73802 13190
73902 27748
74002 30321
74102 51315
74202 15257
74302 19695
74402 11545
74502 54521
74602 62591
74702 11602
74802 32586
74902 25989
75002 26190
75102 4607
75202 60541
75302 18189
75402 56171
75502 8260
75602 41659
75702 15848
75802 54726
75902 14539
76002 57738
76102 25778
76202 60718
76302 44209
76402 1256
76502 46729
76602 16437
76702 42679
76802 45389
76902 1450
77002 7110
77102 2980
77202 50188
77302 12705
77402 29143
77502 18607
77602 57824
77702 7874
77802 39986
77902 17006
78002 14168
78102 61674
78202 26492
78302 54989
78402 30406
78502 56311
78602 39188
78702 50034
78802 12932
78902 6337
79002 4418
79102 22314
79202 2871
79302 46455
79402 60246
79502 53430
79602 47695
79702 56041
79802 41298
79902 48235
80002 48928
80102 4393
80202 22606
80302 28657
80402 7384
80502 23014
80602 26556
80702 41184
80802 22275
80902 47341
81002 24057
81102 35244
81202 63418
81302 5184
81402 45930
81502 863
81602 21374
81702 4483
81802 48839
81902 41523
82002 57563
82102 49149
82202 13390
82302 39200
82402 12348
82502 9232
82602 53390
82702 3111
82802 17452
82902 49166
83002 55528
83102 54149
83202 18860
83302 35689
83402 26889
83502 22315
83602 28539
83702 23988
83802 63326
83902 46465
84002 21441
84102 29629
84202 56332
84302 51924
84402 38298
84502 59620
84602 22835
84702 39235
84802 12437
84902 43423
85002 19851
85102 17459
85202 23477
85302 59129
85402 12087
85502 33691
85602 53858
85702 8100
85802 30549
85902 5574
86002 40822
86102 28170
86202 34413
86302 24209
86402 15510
86502 40460
86602 63843
86702 30313
86802 43153
86902 14378
87002 58870
87102 57603
87202 65225
87302 26829
87402 8218
87502 31867
87602 18484
87702 43028
87802 25305
87902 61608
88002 54322
88102 27767
88202 27692
88302 7033
88402 24653
88502 3977
88602 61120
88702 32375
88802 52066
88902 1650
89002 51924
89102 56490
89202 36670
89302 7229
89402 52200
89502 15204
89602 37157
89702 60114
89802 36151
89902 11583
90002 44989
90102 1027
