102 11087
202 51085
302 34797
402 15667
502 49634
602 43242
702 9261
802 40245
902 41694
1002 17068
1102 61623
1202 21064
1302 57837
1402 12142
1502 2221
1602 51426
1702 38025
1802 57574
1902 58319
2002 49463
2102 13329
2202 10046
2302 18689
2402 40631
2502 4191
2602 63706
2702 39530
2802 19449
2902 30099
3002 16896
3102 34827
3202 39562
3302 26834
3402 47059
3502 63682
3602 14368
3702 59028
3802 63879
3902 61068
4002 32995
4102 6291
4202 20881
4302 65394
4402 29253
4502 61252
4602 16444
4702 26580
4802 47338
4902 26311
5002 34464
5102 59594
5202 38521
5302 35032
5402 8034
5502 18543
5602 35643
5702 38514
5802 24336
5902 944
6002 2071
6102 37669
6202 53339
6302 45346
6402 19755
6502 4749
6602 30230
6702 53315
6802 62211
6902 12015
7002 5452
7102 4999
7202 47767
7302 51672
7402 32522
7502 19774
7602 59157
7702 38232
7802 38792
7902 54393
8002 7978
8102 32016
8202 16374
8302 38784
8402 62422
8502 39456
8602 9202
8702 63535
8802 6131
8902 43336
9002 48642
9102 61414
9202 5976
9302 32390
9402 25800
9502 13767
9602 63089
9702 56416
9802 37604
9902 57806
10002 58073
10102 11911
10202 2699
10302 52285
10402 34330
10502 53383
10602 51150
10702 35705
10802 27822
10902 64321
11002 49564
11102 56126
11202 53588
11302 54360
11402 3579
11502 49207
11602 52553
11702 55776
11802 38952
11902 51596
12002 18481
12102 18187
12202 23560
12302 32084
12402 34642
12502 32666
12602 22817
12702 38605
12802 8635
12902 36955
13002 33306
13102 40113
13202 64798
13302 38564
13402 41433
13502 53923
13602 41479
13702 26204
13802 55080
13902 50196
14002 38772
14102 27697
14202 60270
14302 4616
14402 13183
14502 61987
14602 1982
14702 41632
14802 12136
14902 47587
15002 15317
15102 56800
15202 7464
15302 58622
15402 28391
15502 37670
15602 15949
15702 14553
15802 25606
15902 38498
16002 47695
16102 48310
16202 60247
16302 9197
16402 56998
16502 11580
16602 49978
16702 8791
16802 57058
16902 50496
17002 32840
17102 12636
17202 52544
17302 30880
17402 13610
17502 21047
17602 63199
17702 1552
17802 56454
17902 40055
18002 13346
18102 5346
18202 21387
18302 47920
18402 50737
18502 42554
18602 19090
18702 46946
18802 10666
18902 4820
19002 63931
19102 55249
19202 20634
19302 26079
19402 30949
19502 9388
19602 57148
19702 21000
19802 34801
19902 50689
20002 44710
20102 37440
20202 50475
20302 14854
20402 50943
20502 5370
20602 7844
20702 62720
20802 46155
20902 42019
21002 2623
21102 8746
21202 60901
21302 63307
21402 24910
21502 1173
21602 53166
21702 24530
21802 35360
21902 35152
22002 25025
22102 7009
22202 14715
22302 58477
22402 55041
22502 39934
22602 40349
22702 16341
22802 39155
22902 57591
23002 415
23102 34217
23202 6784
23302 6525
23402 37789
23502 10338
23602 38332
23702 44065
23802 45273
23902 43217
24002 25194
24102 38818
24202 14373
24302 61204
24402 35394
24502 49944
24602 37543
24702 15242
24802 39625
24902 60346
25002 44745
25102 8619
25202 31350
25302 6154
25402 46895
25502 25955
25602 58730
25702 59851
25802 1355
25902 37069
26002 28076
26102 15313
26202 15920
26302 9028
26402 57891
26502 9378
26602 44253
26702 59462
26802 60623
26902 32893
27002 55158
27102 16416
27202 6369
27302 34700
27402 61911
27502 40310
27602 42582
27702 19314
27802 54169
27902 24838
28002 45829
28102 21860
28202 13249
28302 38799
28402 3
28502 63575
28602 33623
28702 36719
28802 24760
28902 30131
29002 36209
29102 41308
29202 31773
29302 1717
29402 56734
29502 45328
