102 1768
202 313
302 45319
402 53350
502 42096
602 33883
702 63624
802 21711
902 56088
1002 32453
1102 12022
1202 28205
1302 11101
1402 61718
1502 63846
1602 9343
1702 18321
1802 26860
1902 39461
2002 27658
2102 13379
2202 37530
2302 10509
2402 43575
2502 40025
2602 18012
2702 62315
2802 28594
2902 54138
3002 51352
3102 29928
3202 54982
3302 39480
3402 44609
3502 44512
3602 33632
3702 19843
3802 23179
3902 36206
4002 55008
4102 57752
4202 11248
4302 46500
4402 25594
4502 21625
4602 51628
4702 24210
4802 15749
4902 59665
5002 49186
5102 51542
5202 44094
5302 25656
5402 59664
5502 12812
5602 50493
5702 21419
5802 13046
5902 57956
6002 33381
6102 7582
6202 2460
6302 13657
6402 40153
6502 1669
6602 25616
6702 20875
6802 48895
6902 15530
7002 25907
7102 29274
7202 54684
7302 3511
7402 32733
7502 4892
7602 8456
7702 61562
7802 49109
7902 39399
8002 56235
8102 54949
8202 53896
8302 34130
8402 11827
8502 58626
8602 40690
8702 58998
8802 4880
8902 46197
9002 37995
9102 47886
9202 48000
9302 14260
9402 25348
9502 5612
9602 47167
9702 29655
9802 25702
9902 37688
10002 20147
10102 21120
10202 34926
10302 43566
10402 22447
10502 9571
10602 12240
10702 42354
10802 37415
10902 49748
11002 37279
11102 43194
11202 3748
11302 33181
11402 12689
11502 12641
11602 4938
11702 34117
11802 1116
11902 11223
12002 2380
12102 12110
12202 17424
12302 18886
12402 8836
12502 35517
12602 25546
12702 35907
12802 45487
12902 31588
13002 50282
13102 58015
13202 16271
13302 40588
13402 51126
13502 37515
13602 30703
13702 23110
13802 29044
13902 5374
14002 30580
14102 13207
14202 30705
14302 20755
14402 34807
14502 54408
14602 41026
14702 30033
14802 31630
14902 55067
15002 18828
15102 43247
15202 20211
15302 33955
15402 40445
15502 20427
15602 26551
15702 29979
15802 23662
15902 45603
16002 14832
16102 52793
16202 36200
16302 13298
16402 16551
16502 29159
16602 51590
16702 58640
16802 25623
16902 27048
17002 41082
17102 14735
17202 61976
17302 19638
17402 11745
17502 8372
17602 31339
17702 19395
17802 62425
17902 30592
18002 13167
18102 20670
18202 8775
18302 51485
18402 3916
18502 47825
18602 5315
18702 29223
18802 54020
18902 60584
19002 61666
19102 33388
19202 33002
19302 32206
19402 52463
19502 25148
19602 4060
19702 2647
19802 42199
19902 35189
20002 6024
20102 33950
20202 45169
20302 7565
20402 43671
20502 32727
20602 64442
20702 51009
20802 47122
20902 20183
21002 45118
21102 48783
21202 48762
21302 45263
21402 943
21502 47009
21602 34788
21702 63001
21802 57951
21902 5420
22002 40951
22102 32722
22202 61367
22302 4888
22402 1566
22502 17056
22602 30220
22702 13700
22802 3685
22902 47059
23002 54205
23102 57864
23202 47348
23302 61839
23402 41422
23502 30979
23602 65340
23702 36434
23802 41961
23902 41953
24002 5754
24102 16932
24202 27341
24302 60406
24402 39857
24502 687
24602 26520
24702 15624
24802 58106
24902 33569
25002 33072
25102 47484
25202 8605
25302 19836
25402 5928
25502 24731
25602 2347
25702 59231
25802 63705
25902 4310
26002 13069
26102 63849
26202 6836
26302 11137
26402 55965
26502 35779
26602 28627
26702 10848
26802 59562
26902 1196
27002 53559
27102 38300
27202 3753
27302 3896
27402 64661
27502 47178
27602 28308
27702 47520
27802 28356
27902 23227
28002 10383
28102 12075
28202 51805
28302 54707
28402 40596
28502 29744
28602 63689
28702 34615
28802 8527
28902 14519
29002 5483
29102 3935
29202 12013
29302 23713
29402 21823
29502 41193
29602 28344
29702 26433
29802 58827
29902 32012
30002 2240
30102 52645
30202 29222
30302 13806
30402 50765
30502 5655
30602 38699
30702 42234
30802 44659
30902 33846
31002 63071
31102 610
31202 1209
31302 41251
31402 44511
31502 63054
31602 34730
31702 15558
31802 15127
31902 45483
32002 37528
32102 57220
32202 41469
32302 54568
32402 6734
32502 1761
32602 7098
32702 63094
32802 63453
32902 62201
33002 13040
33102 62981
33202 9293
33302 25894
33402 58638
33502 52823
33602 47205
33702 40411
33802 32958
33902 48809
34002 53776
34102 19311
34202 13755
34302 43151
34402 59719
34502 48615
34602 37883
34702 36576
34802 25978
34902 41750
35002 4608
35102 51056
35202 44860
35302 45285
35402 46063
35502 13489
35602 57120
35702 5712
35802 13572
35902 16668
36002 50805
36102 37890
36202 16838
36302 13665
36402 30873
36502 9128
36602 7901
36702 47128
36802 40272
36902 54753
37002 57768
37102 10825
37202 1172
37302 29141
37402 41829
37502 27068
37602 5657
37702 41568
37802 33131
37902 29299
38002 11132
38102 37770
38202 58864
38302 50817
38402 59885
38502 29704
38602 5042
38702 58530
38802 53962
38902 47943
39002 1988
39102 8622
39202 62719
39302 19496
39402 33768
39502 52368
39602 34512
39702 18442
39802 43579
39902 64642
40002 32597
40102 36020
40202 27634
40302 27563
40402 46032
40502 44223
40602 12971
40702 63639
40802 56453
40902 45707
41002 17600
41102 43531
41202 20872
41302 34473
41402 13832
41502 45974
41602 7614
41702 38683
41802 40842
41902 44086
42002 16557
42102 25537
42202 31358
42302 4798
42402 17784
42502 17332
42602 16929
42702 9518
42802 45033
42902 34773
43002 37856
43102 12224
43202 7268
43302 12128
43402 65465
43502 38735
43602 19248
43702 48339
43802 52178
43902 7809
44002 22634
44102 379
44202 44252
44302 62239
44402 57864
44502 47531
44602 29663
44702 32593
44802 53493
44902 50781
45002 41777
45102 59000
45202 39722
45302 30328
45402 8153
45502 60576
45602 63334
45702 7668
45802 935
45902 14507
46002 35490
46102 18527
46202 53636
46302 57337
46402 60021
46502 31906
46602 6676
46702 11742
46802 45057
46902 62037
47002 56590
47102 13733
47202 30181
47302 28480
47402 59931
47502 15233
47602 25167
47702 20892
47802 6983
47902 6692
48002 38452
48102 33968
48202 49872
48302 35561
48402 3574
48502 1017
48602 44883
48702 34231
48802 59803
48902 21616
49002 7046
49102 39014
49202 11349
49302 37866
49402 34003
49502 26213
49602 54695
49702 20486
49802 42815
49902 16913
50002 56341
50102 41459
50202 19200
50302 42188
50402 10252
50502 61643
50602 47123
50702 8505
50802 60703
50902 11053
51002 43489
51102 35467
51202 53723
51302 5196
51402 39233
51502 17467
51602 7902
51702 22292
51802 46292
51902 6711
52002 40775
52102 5897
52202 23407
52302 10600
52402 60469
52502 51320
52602 62562
52702 25211
52802 34437
52902 7835
53002 33785
53102 13929
53202 38252
53302 31315
53402 35062
53502 21443
53602 4506
53702 27464
53802 55126
53902 52712
54002 15814
54102 41868
54202 9807
54302 38184
54402 35676
54502 11544
54602 37845
54702 13884
54802 25041
54902 59403
55002 12203
55102 61407
55202 715
55302 53358
55402 58701
55502 41984
55602 36882
55702 59249
55802 21385
55902 60282
56002 61963
56102 62660
56202 64326
56302 31151
56402 16747
56502 3307
56602 20343
56702 25177
56802 4585
56902 23438
57002 35467
57102 5606
57202 47956
57302 63138
57402 55561
57502 11390
57602 27670
57702 42411
57802 40942
57902 15651
58002 13497
58102 52205
58202 5322
58302 57913
58402 20378
58502 4756
58602 2387
58702 23529
58802 35085
58902 27082
59002 33780
59102 50651
59202 15667
59302 11655
59402 29603
59502 62044
59602 44050
59702 47750
59802 1365
59902 33896
60002 24938
60102 24358
60202 47515
60302 53625
60402 43551
60502 54040
60602 64994
60702 63586
60802 19396
60902 16568
61002 30769
61102 38742
61202 23929
61302 61286
61402 63120
61502 25720
61602 19665
61702 51031
61802 45918
61902 51539
62002 4386
62102 712
62202 22073
62302 20330
62402 1229
62502 60488
62602 1679
62702 45553
62802 45681
62902 59430
63002 38558
63102 23728
63202 31788
63302 37395
63402 34935
63502 37096
63602 46120
63702 5794
63802 46319
63902 24266
64002 52780
64102 48723
64202 36711
64302 30256
64402 38363
64502 27385
64602 15464
64702 5598
64802 65326
64902 7493
65002 29715
65102 30686
65202 38585
65302 2509
65402 10876
65502 5055
65602 43990
65702 59467
65802 16670
65902 3956
66002 30216
66102 47261
66202 21426
66302 10113
66402 38314
66502 11781
66602 10901
66702 49912
66802 29451
66902 36
67002 24787
67102 41439
67202 43625
67302 29985
67402 22287
67502 22863
67602 58464
67702 21440
67802 45928
67902 11770
68002 24991
68102 57366
68202 31420
68302 43804
68402 6266
68502 28789
68602 58049
68702 62903
68802 13002
68902 7215
69002 7322
69102 16357
69202 10871
69302 3413
69402 32902
69502 12970
69602 7727
69702 14106
69802 39024
69902 33039
70002 53677
70102 3930
70202 45217
70302 41439
70402 29166
70502 2048
70602 64882
70702 36672
70802 64433
70902 49548
71002 39086
71102 22546
71202 26445
71302 39416
71402 37077
71502 61931
71602 21508
71702 63251
71802 22307
71902 45529
72002 19940
72102 10985
72202 60109
72302 36813
72402 49485
72502 4458
72602 17850
72702 59309
72802 13634
72902 14893
73002 14223
73102 47997
73202 34998
73302 44334
73402 1243
73502 33479
73602 20442
73702 4767
73802 13737
73902 55625
74002 51685
74102 17706
74202 6706
74302 54579
74402 41601
74502 46350
74602 28423
74702 29026
74802 50304
74902 5907
75002 11081
75102 8920
75202 22856
75302 36709
75402 30251
75502 10063
75602 54396
75702 48605
75802 55971
75902 62436
76002 38386
76102 58657
76202 19205
76302 28432
76402 63062
76502 28622
76602 19756
76702 11799
76802 61432
76902 2613
77002 45851
77102 52113
77202 63292
77302 46474
77402 35474
77502 27204
77602 30839
77702 8869
77802 33178
77902 39126
78002 61631
78102 19349
78202 37961
78302 36908
78402 37508
78502 20784
78602 1187
78702 10603
78802 53576
78902 3663
79002 35849
79102 19501
79202 25283
79302 19949
79402 23259
79502 53807
79602 6246
79702 14397
79802 9239
79902 48821
80002 52618
80102 54749
80202 25153
80302 16998
80402 58278
80502 49957
80602 29818
80702 62941
80802 36985
80902 23423
81002 4113
81102 17579
81202 55793
81302 4375
81402 24803
81502 58928
81602 13124
81702 43773
81802 17215
81902 16379
82002 46230
82102 44637
82202 4423
82302 11523
82402 54005
82502 53460
82602 50866
82702 27756
82802 51781
82902 25797
83002 9877
83102 1673
83202 20830
83302 45654
83402 28791
83502 20349
83602 60518
83702 41360
83802 55104
83902 279
84002 44453
84102 19965
84202 361
84302 59241
84402 13547
84502 43921
84602 50513
84702 7461
84802 34566
84902 20655
85002 31298
85102 24988
85202 41475
85302 34493
85402 9148
85502 11575
85602 64224
85702 64542
85802 61718
85902 37477
86002 23046
86102 16121
86202 50141
86302 45420
86402 61150
86502 54723
86602 44238
86702 39473
86802 18529
86902 55497
87002 63090
87102 3272
87202 33810
87302 58841
87402 43834
87502 39603
87602 48387
87702 43435
87802 56666
87902 55552
88002 56363
88102 11950
88202 25790
88302 6799
88402 50659
88502 19111
88602 16222
88702 11831
88802 19735
88902 54092
89002 54114
89102 22890
89202 7198
89302 32239
89402 2386
89502 11578
89602 20798
89702 16637
89802 16187
89902 15644
90002 24208
90102 17876
