102 43059
202 13489
302 53167
402 53819
502 18601
602 18614
702 13667
802 42690
902 18760
1002 59098
1102 63537
1202 56197
1302 49679
1402 45066
1502 31935
1602 7538
1702 65367
1802 24542
1902 42764
2002 26489
2102 14523
2202 51188
2302 3244
2402 13074
2502 7542
2602 16291
2702 25320
2802 36334
2902 52244
3002 38987
3102 31527
3202 60432
3302 31418
3402 24000
3502 15121
3602 17949
3702 23483
3802 10510
3902 1793
4002 46829
4102 8794
4202 42175
4302 10805
4402 63577
4502 43439
4602 63265
4702 17615
4802 45635
4902 58307
5002 17853
5102 51516
5202 1052
5302 47286
5402 10967
5502 7185
5602 32510
5702 51589
5802 63265
5902 63867
6002 33606
6102 8745
6202 62672
6302 56049
6402 34370
6502 33918
6602 42629
6702 27883
6802 39367
6902 27267
7002 41776
7102 2462
7202 64825
7302 40616
7402 25894
7502 14116
7602 46642
7702 39046
7802 63188
7902 44095
8002 14806
8102 2764
8202 56356
8302 476
8402 17937
8502 30862
8602 59290
8702 29306
8802 23252
8902 42690
9002 13158
9102 15145
9202 12615
9302 58866
9402 51884
9502 61756
9602 32439
9702 48140
9802 51669
9902 23881
10002 20939
10102 30704
10202 10144
10302 17601
10402 33473
10502 34168
10602 21216
10702 11284
10802 17212
10902 57905
11002 26033
11102 60561
11202 51558
11302 10423
11402 32210
11502 48913
11602 48697
11702 61204
11802 43727
11902 47315
12002 26096
12102 21588
12202 40122
12302 36781
12402 41313
12502 6303
12602 33775
12702 43504
12802 36396
12902 2976
13002 16546
13102 64666
13202 63278
13302 3397
13402 10402
13502 25476
13602 3048
13702 32779
13802 59839
13902 23705
14002 18758
14102 44433
14202 49651
14302 56210
14402 33307
14502 47917
14602 8134
14702 23055
14802 57677
14902 46991
15002 41632
15102 59121
15202 61150
15302 5572
15402 50802
15502 64344
15602 41900
15702 12181
15802 26622
15902 29513
16002 3227
16102 34064
16202 17457
16302 40226
16402 14226
16502 29480
16602 62616
16702 18464
16802 13426
16902 153
17002 29054
17102 10672
17202 38772
17302 37686
17402 25457
17502 38203
17602 60797
17702 29263
17802 47153
17902 49752
18002 14577
18102 20433
18202 53989
18302 51748
18402 33561
18502 38063
18602 44025
18702 25374
18802 39679
18902 65352
19002 5106
19102 50839
19202 43385
19302 49526
19402 2247
19502 64553
19602 11158
19702 43941
19802 22532
19902 10969
20002 46978
20102 22250
20202 4056
20302 32304
20402 42592
20502 52753
20602 12806
20702 59438
20802 43062
20902 51110
21002 9462
21102 50628
21202 60793
21302 41067
21402 4875
21502 13822
21602 59412
21702 53327
21802 37891
21902 33419
22002 55422
22102 40948
22202 16950
22302 27251
22402 53394
22502 4833
22602 57176
22702 13847
22802 15784
22902 37812
23002 27004
23102 52241
23202 50206
23302 35318
23402 60114
23502 39872
23602 51488
23702 60551
23802 24231
23902 62940
24002 57803
24102 28565
24202 17381
24302 35329
24402 48719
24502 61530
24602 40487
24702 38558
24802 2347
24902 64433
25002 54800
25102 11517
25202 35143
25302 48158
25402 40529
25502 16188
25602 10066
25702 2140
25802 25351
25902 39327
26002 11396
26102 39406
26202 29268
26302 16894
26402 32592
26502 50473
26602 51734
26702 49209
26802 29884
26902 19980
27002 31914
27102 26409
27202 55370
27302 8224
27402 3971
27502 49470
27602 59893
27702 23056
27802 13324
27902 42688
28002 4670
28102 57281
28202 21726
28302 48340
28402 2057
28502 59942
28602 9900
28702 8985
28802 32913
28902 62764
29002 39029
29102 54213
29202 2266
29302 40883
29402 10599
29502 16145
29602 15787
29702 283
29802 62174
29902 65246
30002 22159
30102 24585
30202 41882
30302 26783
30402 56668
30502 13235
30602 58212
30702 46445
30802 33407
30902 11588
31002 46914
31102 26599
31202 56842
31302 13076
31402 4819
31502 12529
31602 14185
31702 35703
31802 55685
31902 62352
32002 22081
32102 59351
32202 10252
32302 16037
32402 58188
32502 65332
32602 49258
32702 23437
32802 58287
32902 17633
33002 10908
33102 15496
33202 58887
33302 45092
33402 36015
33502 13075
33602 38102
33702 32121
33802 40922
33902 6548
34002 50812
34102 5209
34202 51668
34302 46362
34402 41983
34502 11930
34602 29205
34702 8529
34802 6554
34902 21677
35002 56258
35102 33092
35202 39920
35302 13023
35402 9136
35502 21572
35602 17772
35702 50619
35802 19539
35902 51866
36002 47589
36102 51108
36202 6288
36302 53141
36402 24008
36502 42379
36602 46594
36702 32946
36802 16386
36902 46074
37002 9352
37102 7116
37202 29048
37302 31314
37402 62320
37502 40324
37602 23808
37702 19229
37802 23379
37902 46828
38002 22880
38102 13104
38202 9062
38302 63528
38402 32254
38502 45707
38602 10257
38702 4500
38802 22719
38902 34289
39002 14507
39102 65319
39202 17262
39302 5959
39402 5099
39502 11923
39602 36367
39702 54398
39802 816
39902 44114
40002 52754
40102 24404
40202 6370
40302 51142
40402 34304
40502 347
40602 8258
40702 1854
40802 39783
40902 34505
41002 6179
41102 18955
41202 4766
41302 53816
41402 5798
41502 54078
41602 41128
41702 34565
41802 28096
41902 62511
42002 26440
42102 44499
42202 34452
42302 47643
42402 24018
42502 51363
42602 62456
42702 61073
42802 12245
42902 44861
43002 12447
43102 38114
43202 15662
43302 8875
43402 17567
43502 54658
43602 34641
43702 36771
43802 672
43902 32880
44002 56892
44102 6468
44202 47991
44302 5673
44402 56636
44502 30685
44602 20014
44702 23643
44802 27023
44902 12873
45002 42783
45102 2071
45202 46448
45302 19178
45402 63010
45502 21473
45602 40099
45702 55461
45802 37634
45902 34470
46002 63877
46102 26757
46202 2545
46302 28986
46402 20636
46502 52014
46602 21358
46702 15031
46802 23635
46902 48868
47002 59351
47102 15057
47202 11543
47302 48142
47402 42427
47502 7543
47602 7700
47702 5566
47802 23298
47902 54619
48002 39826
48102 52398
48202 42650
48302 62426
48402 16824
48502 63231
48602 39108
48702 55023
48802 41574
48902 11808
49002 47481
49102 26595
49202 1914
49302 52831
49402 13026
49502 15837
49602 25835
49702 6627
49802 260
49902 7468
50002 16293
50102 32686
50202 32665
50302 47569
50402 51474
50502 14962
50602 58407
50702 35694
50802 15907
50902 21443
51002 58527
51102 25130
51202 29822
51302 7922
51402 41362
51502 64930
51602 60551
51702 85
51802 4035
51902 22458
52002 129
52102 13963
52202 17537
52302 38365
52402 47574
52502 63099
52602 59339
52702 64391
52802 57993
52902 53598
53002 60836
53102 53292
53202 13601
53302 63135
53402 27702
53502 23602
53602 53564
53702 44549
53802 21267
53902 46952
54002 56016
54102 29870
54202 9629
54302 31125
54402 47525
54502 11845
54602 59426
54702 39872
54802 26025
54902 60581
55002 11183
55102 9475
55202 28272
55302 24637
55402 27051
55502 44836
55602 4396
55702 49868
55802 6629
55902 44449
56002 62901
56102 5666
56202 44198
56302 42817
56402 19675
56502 53163
56602 6015
56702 20545
56802 22206
56902 34985
57002 54093
57102 2486
57202 18063
57302 22457
57402 30956
57502 23263
57602 54821
57702 54425
57802 53773
57902 1155
58002 54150
58102 61354
58202 12318
58302 58897
58402 58367
58502 29181
58602 65015
58702 36717
58802 46017
58902 4921
59002 22897
59102 49876
59202 24696
59302 61014
59402 22512
59502 56125
59602 31513
59702 56936
59802 6786
59902 20212
60002 65439
60102 19921
60202 199
60302 58030
60402 32897
60502 6548
60602 21508
60702 28443
60802 23911
60902 42000
61002 57960
61102 54847
61202 2164
61302 14829
61402 50427
61502 62921
61602 52256
61702 48822
61802 7941
61902 53251
62002 44735
62102 18540
62202 11109
62302 64896
62402 62235
62502 11424
62602 42056
62702 6462
62802 31955
62902 17215
63002 59918
63102 7421
63202 7746
63302 36993
63402 41695
63502 41660
63602 34468
63702 61682
63802 6144
63902 19153
64002 54333
64102 30750
64202 51344
64302 9661
64402 10015
64502 423
64602 52612
64702 50773
64802 19199
64902 24467
65002 61370
65102 64674
65202 54446
65302 4506
65402 3445
65502 54072
65602 56604
65702 45512
65802 60370
65902 43747
66002 12505
66102 38492
66202 3979
66302 50043
66402 56645
66502 46859
66602 11267
66702 63044
66802 58225
66902 2360
67002 32223
67102 56912
67202 62052
67302 60666
67402 37547
67502 35880
67602 8840
67702 32645
67802 26261
67902 14862
68002 61907
68102 53411
68202 15602
68302 55741
68402 14436
68502 40925
68602 42676
68702 50336
68802 60867
68902 15960
69002 38135
69102 11259
69202 44003
69302 1692
69402 49433
69502 52914
69602 712
69702 52900
69802 28526
69902 60776
70002 10080
70102 484
70202 25451
70302 39825
70402 12729
70502 7382
70602 35030
70702 3539
70802 43024
70902 64615
71002 12695
71102 8054
71202 44798
71302 63432
71402 57725
71502 855
71602 60363
71702 60878
71802 12644
71902 21871
72002 48684
72102 16730
72202 58168
72302 16348
72402 25196
72502 24794
72602 24645
72702 36335
72802 3039
72902 47062
73002 20085
73102 58099
73202 30717
73302 5759
73402 45712
73502 57514
73602 18195
73702 58774
73802 19568
73902 19099
74002 26295
74102 38317
74202 64955
74302 56808
74402 31670
74502 33435
74602 5532
74702 27259
74802 13159
74902 36271
75002 26220
75102 3482
75202 63583
75302 61625
75402 19957
75502 39794
75602 52763
75702 31220
75802 50295
75902 5099
76002 60115
76102 20032
76202 35332
76302 45031
76402 62493
76502 1128
76602 37655
76702 46232
76802 27630
76902 35584
77002 6218
77102 25361
77202 8603
77302 462
77402 38963
77502 3202
77602 30188
77702 25812
77802 29603
77902 18620
78002 8296
78102 22871
78202 36745
78302 15040
78402 20161
78502 31815
78602 51681
78702 8250
78802 19685
78902 26403
79002 15987
79102 60645
79202 63143
79302 41972
79402 33139
79502 53261
79602 16458
79702 31792
79802 48639
79902 9393
80002 54709
80102 43649
80202 1734
80302 20940
80402 26660
80502 40016
80602 17521
80702 52110
80802 3278
80902 63093
81002 4504
81102 33225
81202 47965
81302 24534
81402 28825
81502 59548
81602 53536
81702 50708
81802 6216
81902 29457
82002 57629
82102 60780
82202 17397
82302 30586
82402 51590
82502 53223
82602 58914
82702 38664
82802 14886
82902 352
83002 46263
83102 25926
83202 41768
83302 22198
83402 22436
83502 36693
83602 54131
83702 12894
83802 6620
83902 63526
84002 45016
84102 4506
84202 41657
84302 41837
84402 22517
84502 23951
84602 35920
84702 27021
84802 16879
84902 193
85002 24134
85102 52991
85202 10367
85302 8608
85402 16345
85502 402
85602 18745
85702 43825
85802 37501
85902 64764
86002 64285
86102 27880
86202 46024
86302 16504
86402 47369
86502 51824
86602 29129
86702 3738
86802 40029
86902 8224
87002 48487
87102 15623
87202 15886
87302 15622
87402 6461
87502 22976
87602 27895
87702 45705
87802 33794
87902 33050
88002 28591
88102 21698
88202 27802
88302 19185
88402 60662
88502 56505
88602 40099
88702 30427
88802 30486
88902 11369
89002 49537
89102 12646
89202 7069
89302 48309
89402 33119
89502 65221
89602 61896
89702 38013
89802 33402
89902 14992
90002 227
90102 12866
