102 11053
202 38918
302 35799
402 26831
502 19670
602 53168
702 11979
802 44318
902 760
1002 4681
1102 7241
1202 5366
1302 19181
1402 18919
1502 10471
1602 35590
1702 5945
1802 57088
1902 32494
2002 6633
2102 52519
2202 43816
2302 27768
2402 13482
2502 39695
2602 7001
2702 30659
2802 65052
2902 2431
3002 21441
3102 12022
3202 58424
3302 15232
3402 6815
3502 25608
3602 41109
3702 50672
3802 50981
3902 4977
4002 58097
4102 25784
4202 36377
4302 12584
4402 58686
4502 8754
4602 7061
4702 23092
4802 22643
4902 43751
5002 11922
5102 17373
5202 32160
5302 36929
5402 43829
5502 34960
5602 57948
5702 59941
5802 62046
5902 13721
6002 44180
6102 22123
6202 50761
6302 14433
6402 36199
6502 48664
6602 26988
6702 48674
6802 7997
6902 54691
7002 25976
7102 19059
7202 16924
7302 60909
7402 43426
7502 56776
7602 20837
7702 22649
7802 13895
7902 59522
8002 33038
8102 40774
8202 2478
8302 31392
8402 43270
8502 26121
8602 23757
8702 34704
8802 59680
8902 3988
9002 33527
9102 15982
9202 43684
9302 31828
9402 39484
9502 23781
9602 9237
9702 52612
9802 2489
9902 58258
10002 1351
10102 25811
10202 11275
10302 15454
10402 27777
10502 26774
10602 65463
10702 38902
10802 4868
10902 49402
11002 13010
11102 37277
11202 1646
11302 31302
11402 7421
11502 55951
11602 14594
11702 32235
11802 57457
11902 64582
12002 37549
12102 35781
12202 25035
12302 9197
12402 37992
12502 15832
12602 26199
12702 2399
12802 34924
12902 20596
13002 55729
13102 46724
13202 24771
13302 50260
13402 50797
13502 761
13602 47746
13702 11938
13802 23324
13902 43691
14002 31998
14102 39997
14202 26916
14302 34859
14402 46232
14502 59248
14602 49209
14702 51102
14802 46026
14902 51434
15002 11603
15102 61868
15202 41455
15302 62990
15402 30810
15502 38296
15602 38786
15702 46549
15802 356
15902 61597
16002 31022
16102 283
16202 60922
16302 20319
16402 9828
16502 34229
16602 36493
16702 36707
16802 22867
16902 55743
17002 19751
17102 44296
17202 40210
17302 65018
17402 30713
17502 14146
17602 53453
17702 61082
17802 7652
17902 31794
18002 42250
18102 14882
18202 27871
18302 63360
18402 11722
18502 13772
18602 41682
18702 54854
18802 36332
18902 64449
19002 16724
19102 18199
19202 64283
19302 8898
19402 58953
19502 37183
19602 49456
19702 56580
19802 58365
19902 57841
20002 9913
20102 28315
20202 46437
20302 24210
20402 19167
20502 20399
20602 47768
20702 27624
20802 56814
20902 32538
21002 44921
21102 8291
21202 12322
21302 33472
21402 32533
21502 40561
21602 32093
21702 24628
21802 45353
21902 63464
22002 41428
22102 34724
22202 9265
22302 50441
22402 12270
22502 17272
22602 21598
22702 60487
22802 55969
22902 9772
23002 4678
23102 36477
23202 40217
23302 28113
23402 6467
23502 26241
23602 19503
23702 12184
23802 41626
23902 63055
24002 30545
24102 17552
24202 18608
24302 9397
24402 3830
24502 15067
24602 43787
24702 12070
24802 3158
24902 40463
25002 45412
25102 45557
25202 58225
25302 23120
25402 24397
25502 22072
25602 62499
25702 21035
25802 20617
25902 16306
26002 43265
26102 54945
26202 40533
26302 19407
26402 11902
26502 1660
26602 56100
26702 34820
26802 58163
26902 2658
27002 58114
27102 13975
27202 31922
27302 622
27402 18744
27502 6778
27602 24926
27702 42409
27802 56678
27902 1915
28002 48658
28102 61593
28202 12310
28302 53658
28402 31099
28502 44331
28602 35785
28702 56375
28802 37440
28902 52201
29002 24977
29102 23613
29202 49113
29302 54260
29402 27507
29502 24121
29602 62292
29702 43910
29802 3216
29902 36514
30002 57913
30102 17091
30202 58641
30302 40070
30402 26754
30502 35020
30602 22643
30702 17876
30802 23927
30902 49189
31002 7456
31102 58950
31202 3038
31302 43222
31402 42775
31502 19513
31602 29673
31702 60512
31802 42313
31902 59817
32002 23906
32102 56416
32202 45330
32302 53558
32402 50901
32502 25697
32602 62633
32702 8942
32802 8131
32902 12222
33002 65013
33102 13880
33202 55337
33302 63278
33402 1498
33502 5391
33602 15122
33702 57129
33802 23804
33902 51069
34002 39164
34102 23672
34202 11203
34302 16763
34402 32838
34502 837
34602 54559
34702 40256
34802 35440
34902 5671
35002 43790
35102 39066
35202 30869
35302 9927
35402 19255
35502 34907
35602 13543
35702 48093
35802 64015
35902 1693
36002 1455
36102 42225
36202 17831
36302 36466
36402 36279
36502 60210
36602 53896
36702 17617
36802 11208
36902 19267
37002 61875
37102 11755
37202 63766
37302 14073
37402 48700
37502 43688
37602 41348
37702 23085
37802 55783
37902 31445
38002 5623
38102 65050
38202 3321
38302 14654
38402 37313
38502 40204
38602 36166
38702 32700
38802 7621
38902 59252
39002 15323
39102 49512
39202 52826
39302 58870
39402 27830
39502 32574
39602 53036
39702 20128
39802 43973
39902 7519
40002 63831
40102 18428
40202 12649
40302 9764
40402 30076
40502 37634
40602 10614
40702 35012
40802 19085
40902 57057
41002 50699
41102 42791
41202 13898
41302 37196
41402 24897
41502 49005
41602 56005
41702 22446
41802 46353
41902 15772
42002 21437
42102 62294
42202 16853
42302 41553
42402 30124
42502 25261
42602 20654
42702 29155
42802 43368
42902 50974
43002 62433
43102 49652
43202 35809
43302 13969
43402 21138
43502 34064
43602 42909
43702 38105
43802 29371
43902 37492
44002 12069
44102 9323
44202 37461
44302 8814
44402 50164
44502 28271
44602 40802
44702 3506
44802 43215
44902 685
45002 29850
45102 53561
45202 31619
45302 47798
45402 55188
45502 12629
45602 63660
45702 10601
45802 13928
45902 8488
46002 30519
46102 55591
46202 50149
46302 23266
46402 16725
46502 31017
46602 45196
46702 30387
46802 977
46902 31861
47002 37233
47102 46201
47202 50147
47302 10884
47402 56876
47502 9361
47602 41616
47702 25771
47802 40106
47902 8119
48002 58469
48102 49400
48202 5393
48302 30273
48402 20815
48502 54197
48602 51425
48702 44738
48802 32914
48902 52302
49002 54597
49102 53983
49202 12518
49302 51194
49402 51017
49502 19154
49602 33629
49702 3846
49802 57419
49902 47985
50002 36304
50102 32939
50202 28352
50302 35314
50402 44052
50502 40177
50602 593
50702 2824
50802 44096
50902 12305
51002 44650
51102 46822
51202 20118
51302 7816
51402 57166
51502 22925
51602 32290
51702 34269
51802 53152
51902 21769
52002 29566
52102 6144
52202 50107
52302 9605
52402 36135
52502 57474
52602 51425
52702 18564
52802 35423
52902 59691
53002 3039
53102 25498
53202 43705
53302 18127
53402 65356
53502 51799
53602 62218
53702 2825
53802 15706
53902 15206
54002 13579
54102 28003
54202 33891
54302 59775
54402 25991
54502 35911
54602 48002
54702 49029
54802 12377
54902 43135
55002 62526
55102 34896
55202 337
55302 59117
55402 24050
55502 63452
55602 52143
55702 20408
55802 38452
55902 47835
56002 10232
56102 49126
56202 37136
56302 50685
56402 22119
56502 11801
56602 20201
56702 19913
56802 52762
56902 64122
57002 20901
57102 25243
57202 42905
57302 40669
57402 42452
57502 31655
57602 20450
57702 54087
57802 50982
57902 43749
58002 53849
58102 47744
58202 33098
58302 38140
58402 41836
58502 14329
58602 42226
58702 53475
58802 8851
58902 7137
59002 27056
59102 16652
59202 8145
59302 3992
59402 645
59502 17987
59602 46981
59702 59586
59802 15981
59902 29636
60002 57662
60102 16978
60202 13153
60302 63909
60402 27526
60502 7564
60602 35352
60702 47213
60802 13277
60902 34643
61002 43790
61102 51094
61202 43429
61302 27480
61402 44673
61502 30392
61602 24045
61702 56764
61802 53431
61902 58813
62002 22931
62102 58741
62202 63178
62302 24128
62402 50170
62502 61019
62602 56243
62702 48038
62802 1651
62902 12702
63002 47662
63102 9801
63202 27246
63302 46103
63402 61931
63502 3973
63602 9010
63702 35522
63802 2599
63902 26140
64002 2479
64102 2986
64202 17508
64302 50823
64402 18886
64502 64362
64602 46821
64702 43873
64802 7003
64902 40937
65002 60121
65102 55704
65202 5775
65302 49888
65402 23382
65502 57912
65602 55794
65702 50065
65802 38443
65902 20198
66002 40448
66102 57218
66202 45537
66302 13180
66402 30939
66502 3361
66602 52617
66702 37839
66802 4740
66902 52199
67002 5442
67102 61831
67202 57137
67302 3344
67402 33265
67502 12497
67602 12692
67702 11054
67802 52349
67902 65397
68002 40595
68102 11672
68202 7493
68302 26284
68402 53419
68502 28412
68602 34794
68702 63598
68802 53205
68902 16857
69002 20499
69102 9099
69202 51313
69302 25077
69402 48097
69502 8117
69602 43417
69702 20408
69802 51385
69902 60926
70002 18206
70102 22717
70202 59692
70302 27414
70402 25605
70502 3521
70602 10269
70702 24901
70802 63603
70902 31285
71002 60519
71102 40559
71202 57731
71302 55211
71402 8039
71502 20553
71602 45263
71702 34653
71802 17897
71902 12612
72002 2198
72102 7631
72202 5553
72302 41544
72402 41035
72502 57210
72602 17869
72702 21153
72802 59318
72902 4323
73002 59741
73102 34653
73202 23343
73302 57503
73402 10655
73502 19223
73602 38824
73702 6546
73802 64094
73902 49467
74002 18104
74102 62375
74202 10735
74302 55846
74402 38362
74502 8924
74602 27661
74702 23257
74802 26619
74902 57568
75002 24592
75102 40533
75202 60060
75302 9822
75402 46183
75502 32629
75602 32933
75702 41767
75802 4821
75902 48555
76002 57650
76102 37903
76202 58865
76302 19230
76402 6673
76502 29070
76602 9196
76702 60726
76802 20607
76902 33830
77002 48078
77102 36139
77202 53018
77302 1768
77402 38289
77502 56060
77602 55917
77702 56325
77802 15555
77902 32798
78002 62711
78102 14110
78202 295
78302 29361
78402 23452
78502 59874
78602 36412
78702 3599
78802 8062
78902 45934
79002 49690
79102 44110
79202 8964
79302 2484
79402 15582
79502 43879
79602 2753
79702 55022
79802 42735
79902 30525
80002 18432
80102 19839
80202 62528
80302 26598
80402 21154
80502 30393
80602 57220
80702 40119
80802 14997
80902 58284
81002 54308
81102 435
81202 62108
81302 30329
81402 65366
81502 52332
81602 39999
81702 30190
81802 36327
81902 30885
82002 38938
82102 25330
82202 19097
82302 27462
82402 7489
82502 14091
82602 49758
82702 29135
82802 28638
82902 8561
83002 36527
83102 62756
83202 20231
83302 19277
83402 21599
83502 52604
83602 62818
83702 3472
83802 22430
83902 47418
84002 33495
84102 5051
84202 43329
84302 44445
84402 12719
84502 21551
84602 26086
84702 15815
84802 64785
84902 58198
85002 15145
85102 53437
85202 37462
85302 40138
85402 43697
85502 21507
85602 41248
85702 9381
85802 11720
85902 54193
86002 38226
86102 53895
86202 35741
86302 18129
86402 60458
86502 50422
86602 60682
86702 62739
86802 14509
86902 17007
87002 30582
87102 17394
87202 7725
87302 35737
87402 7772
87502 58236
87602 13724
87702 28306
87802 37377
87902 3490
88002 38614
88102 21901
88202 40366
88302 22417
88402 50556
88502 4508
88602 42936
88702 5876
88802 14443
88902 64405
89002 9273
89102 59166
89202 54782
89302 59165
89402 44833
89502 37808
89602 10797
89702 56651
89802 43814
89902 63229
90002 7128
90102 60566
