102 49053
202 57395
302 21507
402 46584
502 29352
602 25243
702 61602
802 33077
902 45700
1002 607
1102 54566
1202 64181
1302 45116
1402 9672
1502 56902
1602 51737
1702 64656
1802 56753
1902 37256
2002 63173
2102 8933
2202 7196
2302 62048
2402 41649
2502 62980
2602 27597
2702 44442
2802 6962
2902 23475
3002 23212
3102 61227
3202 44016
3302 30156
3402 25144
3502 18101
3602 20680
3702 56389
3802 10664
3902 33614
4002 61860
4102 15495
4202 25609
4302 63611
4402 49148
4502 37157
4602 50763
4702 607
4802 21543
4902 35714
5002 30996
5102 24545
5202 16197
5302 25541
5402 3990
5502 63564
5602 37405
5702 11328
5802 59152
5902 10228
6002 62481
6102 23603
6202 51367
6302 58757
6402 14112
6502 59921
6602 42066
6702 23913
6802 976
6902 30458
7002 20173
7102 15059
7202 8869
7302 65107
7402 49489
7502 36679
7602 38574
7702 36433
7802 22171
7902 42893
8002 54088
8102 63690
8202 43974
8302 61183
8402 63841
8502 61497
8602 45392
8702 34624
8802 13812
8902 2726
9002 27455
9102 37339
9202 32345
9302 21983
9402 61617
9502 9045
9602 702
9702 34817
9802 32588
9902 54165
10002 18999
10102 10704
10202 40389
10302 27631
10402 17204
10502 45191
10602 18688
10702 3680
10802 53973
10902 49978
11002 3898
11102 38932
11202 47944
11302 18973
11402 30560
11502 51528
11602 61383
11702 10875
11802 46382
11902 64631
12002 7598
12102 63145
12202 9815
12302 26570
12402 16247
12502 12477
12602 41832
12702 56703
12802 917
12902 41408
13002 17596
13102 21437
13202 44683
13302 63038
13402 55695
13502 62146
13602 48120
13702 20204
13802 50132
13902 9127
14002 10745
14102 64688
14202 38986
14302 19869
14402 53229
14502 38652
14602 22019
14702 19729
14802 23770
14902 42405
15002 1594
15102 40834
15202 36469
15302 23543
15402 41049
15502 3576
15602 10504
15702 55293
15802 32313
15902 3121
16002 20002
16102 48620
16202 38034
16302 5997
16402 49434
16502 62259
16602 21337
16702 54306
16802 39149
16902 55897
17002 62522
17102 20585
17202 48780
17302 34545
17402 29813
17502 64679
17602 53863
17702 64080
17802 2243
17902 32773
18002 58284
18102 43792
18202 5013
18302 1353
18402 31209
18502 14838
18602 11427
18702 59697
18802 56208
18902 11813
19002 52956
19102 47658
19202 30451
19302 55781
19402 54188
19502 21884
19602 934
19702 40777
19802 51231
19902 43729
20002 60756
20102 62769
20202 53649
20302 34820
20402 56730
20502 46845
20602 14210
20702 42812
20802 34144
20902 14659
21002 33266
21102 40428
21202 45535
21302 40781
21402 43082
21502 64225
21602 39362
21702 40269
21802 58439
21902 11815
22002 54767
22102 14639
22202 12518
22302 50775
22402 63744
22502 40089
22602 61159
22702 63463
22802 65331
22902 6167
23002 7783
23102 56175
23202 11590
23302 42856
23402 48348
23502 28203
23602 52928
23702 8818
23802 37877
23902 53960
24002 48261
24102 15601
24202 14972
24302 21784
24402 61734
24502 26746
24602 23990
24702 21292
24802 64615
24902 19902
25002 7295
25102 39122
25202 47086
25302 20594
25402 61351
25502 19862
25602 47000
25702 29340
25802 56517
25902 15596
26002 47688
26102 64198
26202 23619
26302 23259
26402 65498
26502 21767
26602 41925
26702 57858
26802 4764
26902 13634
27002 39719
27102 8105
27202 62160
27302 46234
27402 42348
27502 11
27602 21744
27702 59230
27802 62617
27902 58516
28002 8659
28102 21843
28202 8713
28302 51954
28402 29422
28502 54741
28602 58895
28702 11891
28802 34338
28902 34512
29002 37704
29102 55369
29202 42098
29302 22803
29402 22543
29502 20300
29602 960
29702 18568
29802 59663
29902 7220
30002 49759
30102 41272
30202 23483
30302 5158
30402 29531
30502 2145
30602 22916
30702 50943
30802 35188
30902 51781
31002 46634
31102 51180
31202 53705
31302 44639
