102 37470
202 52963
302 62391
402 38638
502 4415
602 3056
702 52348
802 7532
902 8123
1002 39922
1102 23390
1202 42038
1302 56302
1402 48855
1502 59115
1602 65103
1702 6544
1802 19287
1902 57516
2002 6936
2102 1590
2202 17865
2302 47428
2402 63677
2502 16492
2602 57500
2702 49206
2802 16954
2902 57581
3002 30267
3102 16236
3202 63549
3302 19677
3402 49549
3502 3608
3602 64796
3702 21947
3802 23472
3902 15467
4002 51914
4102 28159
4202 37432
4302 48201
4402 30821
4502 18029
4602 37470
4702 15820
4802 25012
4902 51803
5002 19839
5102 52346
5202 50044
5302 27538
5402 36966
5502 9244
5602 63057
5702 42685
5802 3126
5902 56339
6002 27171
6102 31620
6202 32507
6302 8899
6402 64064
6502 28739
6602 8866
6702 19818
6802 10797
6902 46359
7002 43446
7102 50745
7202 36841
7302 597
7402 53996
7502 59730
7602 64997
7702 4484
7802 57693
7902 37176
8002 62263
8102 6271
8202 27756
8302 42723
8402 15643
8502 46897
8602 30628
8702 38325
8802 41453
8902 25928
9002 43205
9102 31961
9202 14489
9302 59861
9402 7633
9502 19856
9602 32842
9702 20692
9802 369
9902 40752
10002 42171
10102 28661
10202 57698
10302 17655
10402 11716
10502 19428
10602 7512
10702 4795
10802 16647
10902 1278
11002 58663
11102 14682
11202 25754
11302 532
11402 51627
11502 55569
11602 49545
11702 43365
11802 1317
11902 2254
12002 60916
12102 12998
12202 49147
12302 38091
12402 53001
12502 65094
12602 40834
12702 12813
12802 17120
12902 14621
13002 32098
13102 46270
13202 35221
13302 33555
13402 45612
13502 37095
13602 53199
13702 55257
13802 35990
13902 51829
14002 8038
14102 22133
14202 20505
14302 14147
14402 1177
14502 46542
14602 52077
14702 60072
14802 14194
14902 43118
15002 23297
15102 13934
15202 55406
15302 2962
15402 1911
15502 59916
15602 9604
15702 8072
15802 30571
15902 4891
16002 33103
16102 35568
16202 58081
16302 58214
16402 7516
16502 31165
16602 20314
16702 10240
16802 26128
16902 59205
17002 9075
17102 23981
17202 49454
17302 43179
17402 53508
17502 25696
17602 58791
17702 62559
17802 13610
17902 13284
18002 39395
18102 38169
18202 28636
18302 53086
18402 60925
18502 57783
18602 40171
18702 16618
18802 24902
18902 56348
19002 52769
19102 26834
19202 16140
19302 31368
19402 55430
19502 63364
19602 14660
19702 50870
19802 19249
19902 41655
20002 60784
20102 30569
20202 7191
20302 16124
20402 54265
20502 49091
20602 42905
20702 15184
20802 64257
20902 13043
21002 45336
21102 45146
21202 65434
21302 51520
21402 60403
21502 55412
21602 49879
21702 45430
21802 61620
21902 22307
22002 50254
22102 65498
22202 58599
22302 8606
22402 57278
22502 31806
22602 52817
22702 59071
22802 13144
22902 47231
23002 61441
23102 59486
23202 57349
23302 38962
23402 60425
23502 48568
23602 15631
23702 20769
23802 58083
23902 4401
24002 21223
24102 16700
24202 38059
24302 34019
24402 48129
24502 48187
24602 36209
24702 36147
24802 62790
24902 60765
25002 21779
25102 64179
25202 48149
25302 62479
25402 27069
25502 43552
25602 31123
25702 4099
25802 22458
25902 59049
26002 37457
26102 35853
26202 38942
26302 15169
26402 48653
26502 29609
26602 54437
26702 44553
26802 37344
26902 59730
27002 11301
27102 26541
27202 42191
27302 34201
27402 40633
27502 63554
27602 3013
27702 56855
27802 26826
27902 3123
28002 23182
28102 58061
28202 65151
28302 33044
28402 62059
28502 61096
28602 17203
28702 21587
28802 48814
28902 13769
29002 1126
29102 41263
29202 5035
29302 52174
29402 12891
29502 23152
29602 16600
29702 63094
29802 43975
29902 31223
30002 58236
30102 60149
30202 19413
30302 11870
30402 10361
30502 41013
30602 22369
30702 53897
30802 42196
30902 52658
31002 63639
31102 54959
31202 36995
31302 14833
31402 57278
31502 32729
31602 57319
31702 39431
31802 52495
31902 56135
32002 2650
32102 30925
32202 39292
32302 37374
32402 55324
32502 34387
32602 59926
32702 11966
32802 49344
