102 59033
202 64629
302 22164
402 30575
502 42985
602 23791
702 4705
802 5037
902 11377
1002 52334
1102 50932
1202 64807
1302 16625
1402 49952
1502 38085
1602 14145
1702 6000
1802 49355
1902 28846
2002 47573
2102 61668
2202 10753
2302 19973
2402 24758
2502 12468
2602 61828
2702 32751
2802 31004
2902 17531
3002 27035
3102 42394
3202 36295
3302 59722
3402 32874
3502 38885
3602 53861
3702 50761
3802 37266
3902 32451
4002 31813
4102 35106
4202 24250
4302 54516
4402 40668
4502 60858
4602 44418
4702 60229
4802 41471
4902 10055
5002 37979
5102 45579
5202 3227
5302 30946
5402 4213
5502 53030
5602 40291
5702 41819
5802 23224
5902 22462
6002 41009
6102 15808
6202 60586
6302 44798
6402 3383
6502 16500
6602 15642
6702 23379
6802 47277
6902 24697
7002 9097
7102 24151
7202 53705
7302 7853
7402 46845
7502 59105
7602 60513
7702 10768
7802 54090
7902 13665
8002 26679
8102 35780
8202 11625
8302 42219
8402 57284
8502 41230
8602 58166
8702 46568
8802 18618
8902 42239
9002 10493
9102 31962
9202 22597
9302 53349
9402 53179
9502 58476
9602 14001
9702 56211
9802 32537
9902 41897
10002 12347
10102 53707
10202 58600
10302 60740
10402 4861
10502 57066
10602 18957
10702 33353
10802 39118
10902 52617
11002 13542
11102 41033
11202 6475
11302 30726
11402 41701
11502 10513
11602 23780
11702 655
11802 36050
11902 40152
12002 21370
12102 50831
12202 49366
12302 48490
12402 48493
12502 51594
12602 54243
12702 15589
12802 56818
12902 11338
13002 52116
13102 20929
13202 51433
13302 61283
13402 26532
13502 19224
13602 62199
13702 52355
13802 55245
13902 10368
14002 44485
14102 19960
14202 41653
14302 13121
14402 43832
14502 44663
14602 28929
14702 19832
14802 61719
14902 31666
15002 5563
15102 59661
15202 64073
15302 29322
15402 26634
15502 22799
15602 27404
15702 11964
15802 50719
15902 27621
16002 57250
16102 30668
16202 20226
16302 52249
16402 16947
16502 24909
16602 63497
16702 45694
16802 31872
16902 31830
17002 28984
17102 696
17202 10718
17302 19653
17402 36623
17502 30969
17602 11205
17702 1850
17802 3247
17902 14113
18002 21096
18102 48172
18202 38086
18302 33196
18402 44166
18502 46886
18602 55971
18702 97
18802 26687
18902 20562
19002 62706
19102 48289
19202 24129
19302 51812
19402 4518
19502 16858
19602 42548
19702 29527
19802 63469
19902 28266
20002 20609
20102 51690
20202 51483
20302 64198
20402 7881
20502 9568
20602 10674
20702 1625
20802 32488
20902 51139
21002 29654
21102 12030
21202 51606
21302 20579
21402 25234
21502 22835
21602 20526
21702 63011
21802 53079
21902 8938
22002 54631
22102 64720
22202 5582
22302 15774
22402 18387
22502 10365
22602 48882
22702 28008
22802 16616
22902 55914
23002 63325
23102 58338
23202 33922
23302 46245
23402 27702
23502 33690
23602 24819
23702 35844
23802 57131
23902 16616
24002 6845
24102 61150
24202 17613
24302 56999
24402 30222
24502 48097
24602 9189
24702 58182
24802 49752
24902 63072
25002 31131
25102 15743
25202 8505
25302 24978
25402 41977
25502 4252
25602 10734
25702 4937
25802 45897
25902 62670
26002 3678
26102 34917
26202 22195
26302 887
26402 46848
26502 57202
26602 227
26702 17055
26802 973
26902 34078
27002 4819
27102 45851
27202 50947
27302 12533
27402 3023
27502 13918
27602 52383
27702 14731
27802 57001
27902 23289
28002 26528
28102 64002
28202 53470
28302 20593
28402 61257
28502 46928
28602 34420
28702 62030
28802 23637
28902 57315
29002 26456
29102 4647
29202 11291
29302 19407
29402 2232
29502 56943
29602 24019
29702 30121
29802 50349
29902 1059
30002 16518
30102 49123
30202 19822
30302 25232
30402 22158
30502 12037
30602 31406
30702 61714
30802 732
30902 4473
31002 49186
31102 43484
31202 65237
31302 16324
31402 3758
31502 10180
31602 53512
31702 46312
31802 9428
31902 49070
32002 57776
32102 28872
32202 55694
32302 12707
32402 90
32502 64187
32602 65416
32702 44711
32802 13038
32902 57971
33002 55302
33102 30007
33202 25462
33302 509
33402 61987
33502 5484
33602 52777
33702 58296
33802 48555
33902 29549
34002 34333
34102 29095
34202 39714
34302 38909
34402 38257
34502 24966
34602 19394
34702 38683
34802 56419
34902 17380
35002 60269
35102 43017
35202 63625
35302 10442
35402 36513
35502 7493
35602 13903
35702 22013
35802 30347
35902 60066
36002 21582
36102 15630
36202 34826
36302 16269
36402 34745
36502 49989
36602 65403
36702 3792
36802 56711
36902 48336
37002 62058
37102 38026
37202 46611
37302 56161
37402 64288
37502 11881
37602 118
37702 37103
37802 64657
37902 21160
38002 17320
38102 6487
38202 35417
38302 20341
38402 3139
38502 47452
38602 54931
38702 58505
38802 33741
38902 43000
39002 354
39102 21748
39202 38582
39302 25945
39402 15483
39502 1861
39602 22463
39702 24450
39802 21232
39902 18518
40002 21572
40102 56152
40202 30947
40302 17038
40402 12431
40502 11493
40602 19058
40702 54338
40802 43786
40902 8793
41002 39376
41102 57919
41202 23737
41302 21930
41402 32139
41502 36351
41602 57007
41702 4193
41802 30892
41902 65065
42002 26014
42102 9331
42202 5231
42302 9554
42402 22716
42502 12652
42602 45281
42702 41158
42802 23120
42902 9806
43002 57683
43102 12343
43202 57570
43302 4503
43402 53377
43502 47496
43602 28862
43702 55598
43802 28963
43902 38638
44002 12689
44102 54846
44202 7442
44302 51739
44402 58563
44502 47529
44602 6179
44702 23296
44802 64528
44902 51489
45002 26447
45102 42794
45202 49222
45302 48882
45402 27400
45502 22542
45602 56715
45702 14430
45802 30539
45902 48612
46002 47128
46102 40676
46202 45835
46302 34327
46402 21081
46502 5102
46602 1433
46702 57284
46802 21789
46902 12203
47002 55475
47102 25691
47202 42384
47302 4495
47402 42077
47502 36349
47602 43401
47702 8770
47802 25085
47902 2514
48002 54036
48102 40498
48202 34419
48302 37278
48402 18737
48502 19431
48602 4711
48702 57665
48802 42799
48902 55375
49002 17444
49102 37555
49202 3142
49302 36006
49402 32412
49502 10483
49602 27351
49702 37559
49802 44721
49902 33758
50002 18001
50102 46239
50202 23146
50302 19744
50402 20529
50502 50068
50602 51959
50702 64411
50802 10678
50902 56021
51002 32390
51102 1747
51202 54641
51302 34399
51402 40860
51502 44644
51602 40440
51702 912
51802 42931
51902 22111
52002 62065
52102 28891
52202 51000
52302 3088
52402 55952
52502 36965
52602 65382
52702 33502
52802 57520
52902 23112
53002 46970
53102 10126
53202 8521
53302 63261
53402 14181
53502 28804
53602 60973
53702 29327
53802 57903
53902 51568
54002 59365
54102 2567
54202 43380
54302 108
54402 5070
54502 51207
54602 25837
54702 1031
54802 23962
54902 54459
55002 13654
55102 16834
55202 30256
55302 19972
55402 26097
55502 15962
55602 26844
55702 61298
55802 22750
55902 8179
56002 65021
56102 63211
56202 22809
56302 21042
56402 12499
56502 64025
56602 54310
56702 33584
56802 58168
56902 15475
57002 54902
57102 31202
57202 43715
57302 12924
57402 11012
57502 43308
57602 32497
57702 48630
57802 41033
57902 60795
58002 25937
58102 49443
58202 5454
58302 4025
58402 10120
58502 50242
58602 63112
58702 64950
58802 59254
58902 50688
59002 58437
59102 23061
59202 9258
59302 15373
59402 33340
59502 19607
59602 37765
59702 58440
59802 37719
59902 16462
60002 56141
60102 45143
60202 21785
60302 5099
60402 10791
60502 39447
60602 54347
60702 32780
60802 27878
60902 28123
61002 33471
61102 31539
61202 55320
61302 12400
61402 60884
61502 1660
61602 40100
61702 63905
61802 1821
61902 3955
62002 9031
62102 30827
62202 23315
62302 11147
62402 21429
62502 493
62602 48258
62702 9665
62802 38078
62902 48101
63002 48691
63102 12096
63202 52606
63302 38129
63402 52135
63502 63727
63602 56926
63702 61111
63802 64445
63902 30758
64002 52899
64102 8736
64202 1395
64302 53145
64402 50665
64502 4338
64602 42888
64702 45025
64802 50838
64902 50151
65002 47143
65102 35190
65202 60198
65302 33030
65402 45682
65502 39928
65602 1765
65702 40776
65802 6901
65902 46406
66002 57486
66102 28636
66202 14234
66302 45432
66402 27030
66502 29663
66602 22636
66702 30575
66802 30152
66902 11932
67002 34628
67102 10782
67202 55750
67302 27838
67402 28198
67502 42722
67602 43072
67702 31663
67802 48358
67902 2355
68002 2917
68102 29780
68202 17779
68302 21338
68402 33111
68502 59375
68602 55702
68702 63972
68802 56697
68902 43877
69002 44011
69102 20003
69202 14792
69302 49417
69402 54149
69502 49154
69602 51384
69702 20588
69802 29882
69902 29013
70002 33992
70102 59392
70202 19761
70302 38646
70402 44282
70502 42610
70602 12690
70702 57063
70802 5568
70902 17786
71002 14462
71102 50453
71202 1584
71302 58994
71402 45622
71502 37405
71602 31413
71702 3737
71802 35879
71902 2472
72002 32533
72102 1326
72202 34751
72302 47935
72402 26656
72502 19413
72602 43694
72702 57006
72802 19515
72902 10223
73002 49472
73102 24681
73202 20200
73302 25738
73402 867
73502 17184
73602 34001
73702 64062
73802 19909
73902 32462
74002 58010
74102 43142
74202 14265
74302 5338
74402 33040
74502 34137
74602 35903
74702 6396
74802 64949
74902 51150
75002 25558
75102 49788
75202 22308
75302 4156
75402 35580
75502 32478
75602 52695
75702 21159
75802 58155
75902 12839
76002 35248
76102 56587
76202 28720
76302 23777
76402 319
76502 30480
76602 63072
76702 30615
76802 59844
76902 4890
77002 58917
77102 39473
77202 37521
77302 17723
77402 31145
77502 43905
77602 18199
77702 53712
77802 40684
77902 15
78002 54778
78102 13620
78202 24188
78302 59576
78402 57492
78502 26438
78602 1021
78702 11343
78802 35389
78902 62808
79002 57222
79102 55071
79202 64978
79302 62306
79402 20526
79502 42984
79602 39990
79702 32463
79802 34564
79902 19434
80002 11058
80102 11129
80202 8662
80302 30363
80402 24228
80502 992
80602 46695
80702 31714
80802 42316
80902 62539
81002 47268
81102 42659
81202 56285
81302 55176
81402 6621
81502 14249
81602 51347
81702 16930
81802 15756
81902 32579
82002 56463
82102 60915
82202 36662
82302 32432
82402 43248
82502 41220
82602 30616
82702 11723
82802 54913
82902 32059
83002 53285
83102 36330
83202 34889
83302 30993
83402 44821
83502 36823
83602 18047
83702 22583
83802 48700
83902 63883
84002 14229
84102 15086
84202 60251
84302 30993
84402 42614
84502 37947
84602 13509
84702 50804
84802 26459
84902 30313
85002 14774
85102 12383
85202 54474
85302 63251
85402 15984
85502 52989
85602 48900
85702 52984
85802 31344
85902 50440
86002 51362
86102 30870
86202 19020
86302 13019
86402 20787
86502 33957
86602 6381
86702 19520
86802 58852
86902 20320
87002 40572
87102 49705
87202 7161
87302 20635
87402 48102
87502 29674
87602 15349
87702 6085
87802 48920
87902 8713
88002 22808
88102 9242
88202 7052
88302 10346
88402 36992
88502 629
88602 18895
88702 37034
88802 35933
88902 30901
89002 4185
89102 50945
89202 33675
89302 9329
89402 20126
89502 2392
89602 62878
89702 25917
89802 6382
89902 63326
90002 52734
90102 12681
