102 48608
202 13972
302 24363
402 33886
502 43846
602 6039
702 45142
802 15663
902 47550
1002 28410
1102 40746
1202 22734
1302 25538
1402 36493
1502 515
1602 31433
1702 50089
1802 27514
1902 41338
2002 30229
2102 54548
2202 54370
2302 13028
2402 16871
2502 19
2602 5593
2702 16605
2802 26875
2902 11501
3002 54600
3102 57123
3202 30799
3302 21248
3402 52842
3502 30248
3602 27018
3702 31122
3802 60511
3902 50587
4002 3961
4102 52970
4202 5635
4302 59833
4402 24569
4502 60864
4602 54617
4702 28404
4802 28322
4902 25692
5002 43814
5102 40432
5202 48483
5302 16408
5402 31903
5502 45387
5602 18875
5702 7172
5802 8919
5902 53321
6002 13028
6102 27036
6202 26891
6302 11289
6402 25812
6502 52354
6602 9016
6702 54596
6802 8135
6902 19815
7002 54360
7102 29801
7202 16698
7302 55445
7402 9548
7502 31207
7602 27608
7702 46844
7802 16560
7902 40930
8002 20462
8102 8680
8202 44233
8302 44421
8402 30193
8502 6137
8602 14560
8702 9694
8802 6841
8902 2849
9002 52979
9102 5618
9202 9476
9302 34785
9402 44196
9502 23709
9602 53107
9702 60655
9802 58129
9902 5159
10002 62789
10102 39597
10202 18044
10302 7017
10402 61790
10502 54070
10602 11269
10702 5113
10802 34292
10902 20493
11002 49935
11102 23616
11202 9696
11302 29327
11402 44236
11502 20603
11602 34117
11702 50943
11802 927
11902 42843
12002 41688
12102 48868
12202 7042
12302 5251
12402 12410
12502 17417
12602 23320
12702 10458
12802 3120
12902 63073
13002 33578
13102 28765
13202 3978
13302 16692
13402 43580
13502 64044
13602 49464
13702 55375
13802 25546
13902 46985
14002 16439
14102 24233
14202 48043
14302 15602
14402 10086
14502 24455
14602 56999
14702 52545
14802 10413
14902 21374
15002 2484
15102 53964
15202 24850
15302 33653
15402 4906
15502 11174
15602 28897
15702 9234
15802 5517
15902 2586
16002 17453
16102 31
16202 13270
16302 13066
16402 19583
16502 20669
16602 30785
16702 62594
16802 24476
16902 21795
17002 30490
17102 19176
17202 35689
17302 63261
17402 63191
17502 62122
17602 28594
17702 15110
17802 49824
17902 20389
18002 46473
18102 37085
18202 52325
18302 55311
18402 32098
18502 60920
18602 12621
18702 21714
18802 57133
18902 63208
19002 40518
19102 46472
19202 21192
19302 62060
19402 20455
19502 36385
19602 31989
19702 34916
19802 24626
19902 21030
20002 52541
20102 4992
20202 18356
20302 61642
20402 56616
20502 17509
20602 31383
20702 48817
20802 3352
20902 3693
21002 55458
21102 12815
21202 63423
21302 46962
21402 21282
21502 45812
21602 47422
21702 1609
21802 30783
21902 28558
22002 24282
22102 24949
22202 46775
22302 61914
22402 14850
22502 19511
22602 62792
22702 3813
22802 56914
22902 29854
23002 41699
23102 13057
23202 979
23302 56944
23402 18071
23502 50915
23602 60085
23702 56796
23802 46239
23902 18642
24002 11405
24102 30897
24202 7037
24302 60392
24402 45452
24502 56905
24602 16877
24702 53440
24802 27121
24902 25523
25002 13839
25102 42352
25202 47008
25302 46300
25402 34886
25502 56451
25602 21319
25702 2119
25802 36143
25902 1288
26002 18289
26102 23401
26202 50908
26302 443
26402 27727
26502 36453
26602 9682
26702 36253
26802 24319
26902 21203
27002 27574
27102 15423
27202 29004
27302 40499
27402 22024
27502 10770
27602 58137
27702 5635
27802 37210
27902 23729
28002 3414
28102 12241
28202 33735
28302 19712
28402 2773
28502 44805
28602 45630
28702 20021
28802 14767
28902 3426
29002 34539
29102 44978
29202 61943
29302 9747
29402 20533
29502 18246
29602 28759
29702 99
29802 44412
29902 33830
30002 4810
30102 9899
30202 65306
30302 50849
30402 51840
30502 55443
30602 4782
30702 59929
30802 29623
30902 24581
31002 8110
31102 37096
31202 20240
31302 38841
31402 28084
31502 35504
31602 2577
31702 24002
31802 5124
31902 1789
32002 20812
32102 44257
32202 62925
32302 60897
32402 60814
32502 41320
32602 12581
32702 14575
32802 2049
32902 14687
33002 12685
33102 25677
33202 16209
33302 27487
33402 18151
33502 57448
33602 4307
33702 16775
33802 3397
33902 61007
34002 58550
34102 30616
34202 62083
34302 61152
34402 16792
34502 55464
34602 13750
34702 15831
34802 19320
34902 34617
35002 32623
35102 54154
35202 411
35302 32817
35402 8943
35502 9707
35602 15850
35702 44025
35802 38198
35902 60852
36002 44794
36102 30872
36202 5856
36302 63619
36402 4722
36502 58987
36602 55710
36702 37342
36802 2748
36902 54661
37002 18684
37102 17287
37202 59628
37302 15424
37402 10012
37502 61999
37602 12746
37702 11189
37802 30283
37902 47388
38002 34016
38102 4770
38202 47791
38302 50303
38402 57215
38502 1913
38602 49298
38702 34240
38802 2403
38902 3297
39002 38519
39102 17026
39202 25316
39302 35397
39402 54535
39502 5347
39602 15604
39702 5712
39802 60832
39902 42452
40002 56176
40102 58732
40202 44046
40302 54126
40402 19760
40502 14789
40602 384
40702 12893
40802 61586
40902 59052
41002 13803
41102 2483
41202 10871
41302 32422
41402 42566
41502 62233
41602 44000
41702 45882
41802 33975
41902 37474
42002 50566
42102 59353
42202 55070
42302 33270
42402 65443
42502 30649
42602 46162
42702 46027
42802 6700
42902 16980
43002 22156
43102 25287
43202 55750
43302 43804
43402 42937
43502 19158
43602 43567
43702 56097
43802 59716
43902 60931
44002 26065
44102 56103
44202 33139
44302 7560
44402 4459
44502 41511
44602 25621
44702 5087
44802 31286
44902 60496
45002 37953
45102 42228
45202 59869
45302 25521
45402 48822
45502 63930
45602 34647
45702 31858
45802 18161
45902 42155
46002 40617
46102 30646
46202 60153
46302 4816
46402 25099
46502 64567
46602 56458
46702 40795
46802 23799
46902 61157
47002 22815
47102 63222
47202 16453
47302 40802
47402 46950
47502 12027
47602 13051
47702 37132
47802 22243
47902 42045
48002 22585
48102 20539
48202 10351
48302 10665
48402 2658
48502 10390
48602 21953
48702 22593
48802 59793
48902 51884
49002 56586
49102 4796
49202 62475
49302 7250
49402 17246
49502 61620
49602 23113
49702 45258
49802 10952
49902 42592
50002 44496
50102 17898
50202 48826
50302 62509
50402 9611
50502 22731
50602 62358
50702 26173
50802 58573
50902 30028
51002 31047
51102 32136
51202 29930
51302 21211
51402 15182
51502 42019
51602 35368
51702 30752
51802 23367
51902 38189
52002 31258
52102 42614
52202 53213
52302 13782
52402 305
52502 44644
52602 30943
52702 21256
52802 3636
52902 63033
53002 2964
53102 46592
53202 29967
53302 58968
53402 57452
53502 53860
53602 14771
53702 16111
53802 36130
53902 34289
54002 2038
54102 5045
54202 21036
54302 50016
54402 49310
54502 29077
54602 14386
54702 17561
54802 13111
54902 9765
55002 7834
55102 41319
55202 49950
55302 21417
55402 42242
55502 59331
55602 62792
55702 51784
55802 23211
55902 8153
56002 6118
56102 31631
56202 31161
56302 45997
56402 38720
56502 15257
56602 29118
56702 63815
56802 15874
56902 24208
57002 43014
57102 32246
57202 65179
57302 4381
57402 8827
57502 28661
57602 61465
57702 21300
57802 17688
57902 17259
58002 23912
58102 31587
58202 59573
58302 6
58402 24896
58502 21228
58602 65418
58702 24323
58802 42288
58902 36946
59002 54022
59102 34329
59202 34526
59302 23420
59402 36803
59502 57768
59602 39867
59702 6320
59802 15055
59902 2121
60002 8099
60102 11969
60202 2793
60302 57609
60402 1040
60502 30959
60602 29321
60702 11992
60802 41002
60902 63205
61002 12464
61102 57708
61202 47128
61302 22266
61402 20756
61502 14127
61602 58597
61702 9838
61802 16026
61902 55719
62002 54603
62102 30369
62202 64128
62302 37538
62402 5098
62502 60209
62602 53174
62702 65219
62802 38657
62902 44575
63002 34275
63102 60112
63202 45720
63302 20685
63402 4131
63502 46518
63602 8980
63702 16932
63802 59111
63902 10585
64002 26869
64102 13043
64202 46775
64302 7448
64402 17872
64502 37390
64602 23234
64702 41851
64802 59582
64902 36165
65002 24565
65102 52684
65202 53169
65302 28389
65402 22464
65502 64620
65602 47026
65702 458
65802 2053
65902 17900
66002 18788
66102 38415
66202 27008
66302 37285
66402 6606
66502 16837
66602 18968
66702 53602
66802 38153
66902 3159
67002 54783
67102 19484
67202 1962
67302 32351
67402 59908
67502 510
67602 61557
67702 8008
67802 22251
67902 6618
68002 18841
68102 44743
68202 4732
68302 38463
68402 53849
68502 2965
68602 63705
68702 30729
68802 43850
68902 42852
69002 10276
69102 39335
69202 31419
69302 18767
69402 23820
69502 12293
69602 57396
69702 7890
69802 17761
69902 14035
70002 28718
70102 64558
70202 17800
70302 2975
70402 33094
70502 57211
70602 57411
70702 27809
70802 6130
70902 19846
71002 11418
71102 51260
71202 59067
71302 44195
71402 58180
71502 16736
71602 22388
71702 9491
71802 2630
71902 50376
72002 8873
72102 52436
72202 64619
72302 52712
72402 54442
72502 53417
72602 35036
72702 53590
72802 28564
72902 12325
73002 18847
73102 51365
73202 40726
73302 43400
73402 61833
73502 36645
73602 22096
73702 33888
73802 205
73902 62281
74002 5433
74102 39091
74202 16011
74302 58416
74402 7154
74502 51707
74602 64216
74702 50009
74802 50707
74902 25009
75002 18785
75102 53878
75202 51606
75302 20398
75402 50501
75502 49307
75602 16451
75702 38933
75802 5227
75902 43412
76002 43477
76102 7321
76202 57694
76302 40248
76402 53498
76502 8163
76602 24700
76702 26854
76802 44941
76902 60849
77002 50140
77102 13391
77202 52723
77302 32166
77402 55502
77502 8572
77602 49528
77702 19614
77802 11214
77902 30474
78002 23803
78102 65251
78202 22789
78302 17337
78402 60960
78502 65472
78602 23866
78702 39262
78802 7912
78902 4158
79002 3329
79102 36335
79202 65326
79302 49443
79402 23188
79502 13134
79602 8131
79702 23372
79802 64071
79902 3041
80002 48762
80102 23541
80202 11853
80302 1637
80402 26360
80502 12079
80602 31425
80702 20847
80802 54756
80902 51189
81002 15545
81102 28341
81202 7441
81302 56859
81402 1815
81502 20012
81602 36933
81702 44594
81802 36358
81902 30802
82002 3810
82102 21679
82202 11153
82302 10196
82402 31631
82502 49474
82602 52383
82702 17210
82802 18196
82902 14883
83002 10794
83102 40088
83202 34353
83302 32706
83402 12273
83502 40634
83602 59789
83702 6172
83802 5470
83902 61745
84002 15269
84102 61567
84202 61593
84302 39339
84402 47552
84502 36131
84602 6122
84702 23278
84802 13305
84902 14946
85002 23808
85102 37882
85202 61157
85302 26413
85402 33656
85502 54791
85602 15369
85702 26074
85802 35969
85902 46087
86002 7107
86102 30658
86202 54420
86302 30030
86402 14375
86502 38387
86602 38823
86702 25004
86802 44479
86902 32110
87002 20197
87102 15848
87202 50715
87302 64453
87402 65259
87502 52006
87602 38791
87702 8970
87802 8870
87902 39454
88002 19256
88102 25406
88202 53081
88302 41672
88402 55787
88502 55508
88602 40127
88702 6182
88802 2626
88902 17169
89002 34368
89102 52933
89202 41453
89302 63561
89402 11572
89502 52536
89602 20819
89702 34577
89802 6016
89902 1429
90002 48299
90102 23659
90202 50887
