102 22458
202 11965
302 6098
402 5154
502 65422
602 17935
702 22459
802 51648
902 32125
1002 30013
1102 33223
1202 21763
1302 25391
1402 38084
1502 61505
1602 26459
1702 40844
1802 18433
1902 13228
2002 60606
2102 38723
2202 18829
2302 10358
2402 62527
2502 60645
2602 43655
2702 11136
2802 7435
2902 28863
3002 23706
3102 38569
3202 33782
3302 53396
3402 42329
3502 51958
3602 58542
3702 2546
3802 46860
3902 35644
4002 45113
4102 38355
4202 19987
4302 14708
4402 62535
4502 62315
4602 3932
4702 41590
4802 30891
4902 44165
5002 1246
5102 27011
5202 47721
5302 17344
5402 49852
5502 41468
5602 25488
5702 39664
5802 61482
5902 19
6002 521
6102 26259
6202 46875
6302 42475
6402 24859
6502 62909
6602 53127
6702 18717
6802 43919
6902 59759
7002 32981
7102 7820
7202 58179
7302 28343
7402 25005
7502 34809
7602 19594
7702 34304
7802 65005
7902 34973
8002 14635
8102 53869
8202 27477
8302 6372
8402 36001
8502 63277
8602 58758
8702 2038
8802 55399
8902 15642
9002 14346
9102 39857
9202 24826
9302 11795
9402 41408
9502 31935
9602 64355
9702 62248
9802 50496
9902 25527
10002 24216
10102 62543
10202 29002
10302 49214
10402 57004
10502 43579
10602 12344
10702 40155
10802 31921
10902 46639
11002 26575
11102 1395
11202 7156
11302 21280
11402 30599
11502 56226
11602 32165
11702 44606
11802 63394
11902 9510
12002 31528
12102 7592
12202 27180
12302 825
12402 24253
12502 38885
12602 33786
12702 44779
12802 39380
12902 45721
13002 53276
13102 11335
13202 6938
13302 64897
13402 38648
13502 35416
13602 16203
13702 24761
13802 37274
13902 10247
14002 8157
14102 21133
14202 24712
14302 19250
14402 24134
14502 64070
14602 60163
14702 13892
14802 40808
14902 61092
15002 36229
15102 63277
15202 19294
15302 54262
15402 51224
15502 60145
15602 53427
15702 24679
15802 53373
15902 17341
16002 31968
16102 2189
16202 58097
16302 42731
16402 12420
16502 14353
16602 5942
16702 19957
16802 22870
16902 64495
17002 55643
17102 4209
17202 27261
17302 23903
17402 37699
17502 11452
17602 16252
17702 54039
17802 8635
17902 62103
18002 6959
18102 62150
18202 48447
18302 37035
18402 24438
18502 23285
18602 43619
18702 22977
18802 3457
18902 20557
19002 39198
19102 39719
19202 31873
19302 26199
19402 14309
19502 51618
19602 57992
19702 61625
19802 38633
19902 1104
20002 12106
20102 37
20202 26545
20302 63958
20402 50211
20502 29732
20602 36794
20702 42034
20802 49111
20902 4039
21002 29351
21102 43757
21202 58805
21302 26820
21402 55281
21502 24391
21602 51541
21702 16441
21802 45940
21902 44776
22002 5470
22102 48159
22202 59533
22302 49180
22402 61988
22502 26629
22602 14881
22702 26237
22802 18434
22902 1604
23002 6103
23102 63487
23202 40568
23302 17607
23402 58029
23502 6689
23602 62875
23702 59792
23802 39413
23902 32522
24002 6284
24102 29391
24202 50733
24302 28073
24402 24755
24502 59805
24602 35373
24702 6967
24802 21564
24902 44177
25002 37386
25102 35068
25202 22328
25302 24802
25402 51126
25502 32959
25602 22858
25702 45469
25802 42388
25902 53655
26002 38169
26102 61994
26202 54740
26302 62852
26402 46714
26502 1011
26602 12328
26702 48419
26802 6761
26902 29973
27002 33629
27102 60416
27202 51478
27302 14141
27402 36034
27502 54026
27602 34010
27702 2321
27802 32660
27902 63713
28002 31674
28102 52426
28202 6472
28302 65314
28402 3315
28502 12906
28602 48528
28702 6269
28802 44669
28902 30289
29002 58852
29102 52541
29202 19181
29302 12822
29402 53508
29502 18889
29602 44839
29702 31124
29802 53006
29902 34579
30002 64489
30102 36206
30202 45141
30302 7631
30402 35949
30502 19507
30602 38268
30702 18099
30802 30308
30902 41924
31002 5304
31102 8223
31202 14059
31302 51296
31402 39089
31502 52703
31602 15581
31702 59411
31802 26675
31902 22346
32002 52198
32102 31454
32202 21220
32302 59208
32402 1688
32502 51052
32602 59608
32702 8156
32802 15624
32902 53938
33002 23368
33102 40960
33202 15570
33302 12061
33402 12014
33502 45038
33602 60075
33702 61030
33802 61115
33902 17915
34002 1215
34102 10694
34202 50379
34302 21190
34402 2151
34502 23798
34602 35157
34702 50636
34802 17409
34902 3417
35002 21817
35102 50767
35202 33974
35302 47020
35402 47014
35502 26109
35602 45238
35702 62008
35802 8470
35902 42403
36002 52818
36102 41933
36202 64242
36302 29749
36402 41562
36502 17286
36602 42562
36702 51112
36802 49949
36902 2888
37002 65202
