102 55510
202 31389
302 31024
402 13007
502 10391
602 51587
702 49837
802 57526
902 36989
1002 61242
1102 31125
1202 12603
1302 41979
1402 40161
1502 38863
1602 42063
1702 55319
1802 18468
1902 23041
2002 61169
2102 49901
2202 21595
2302 45080
2402 39952
2502 32333
2602 21484
2702 46181
2802 8702
2902 57915
3002 22995
3102 3262
3202 37317
3302 57052
3402 56855
3502 39878
3602 27654
3702 6746
3802 12915
3902 33361
4002 63687
4102 32935
4202 60190
4302 43381
4402 14680
4502 54570
4602 42909
4702 64685
4802 12044
4902 42684
5002 41973
5102 197
5202 56815
5302 12496
5402 56389
5502 63439
5602 54577
5702 32155
5802 26019
5902 44329
6002 24814
6102 20292
6202 29731
6302 38293
6402 40144
6502 33659
6602 42949
6702 14245
6802 42457
6902 29346
7002 38583
7102 29235
7202 55294
7302 15271
7402 26723
7502 28584
7602 33327
7702 9135
7802 42404
7902 63670
8002 20907
8102 55158
8202 33227
8302 28933
8402 10322
8502 38534
8602 59907
8702 779
8802 47747
8902 35444
9002 3214
9102 65280
9202 24754
9302 16879
9402 39956
9502 43877
9602 4941
9702 62663
9802 792
9902 45507
10002 39726
10102 3882
10202 53905
10302 63796
10402 64669
10502 31732
10602 41718
10702 10506
10802 34749
10902 52595
11002 26989
11102 45111
11202 44175
11302 35158
11402 34988
11502 12611
11602 59432
11702 8265
11802 45748
11902 8499
12002 13559
12102 36247
12202 35070
12302 62422
12402 44219
12502 37734
12602 30434
12702 23545
12802 28348
12902 53495
13002 63176
13102 48823
13202 55892
13302 63239
13402 63123
13502 1026
13602 40120
13702 63867
13802 49556
13902 48991
14002 9133
14102 49582
14202 13475
14302 64166
14402 17470
14502 34618
14602 43476
14702 32419
14802 25181
14902 30806
15002 3080
15102 34741
15202 6430
15302 946
15402 8288
15502 41658
15602 24616
15702 14097
15802 2923
15902 17935
16002 61285
16102 49533
16202 21774
16302 29438
16402 58048
16502 1947
16602 20831
16702 47311
16802 18376
16902 29697
17002 42296
17102 39475
17202 45011
17302 34642
17402 10375
17502 34763
17602 47680
17702 3236
17802 34091
17902 14449
18002 4524
18102 58575
18202 39838
18302 12326
18402 13265
18502 41093
18602 55451
18702 15889
18802 3222
18902 51521
19002 26792
19102 38069
19202 10506
19302 51818
19402 61387
19502 10167
19602 37774
19702 55023
19802 14250
19902 63987
20002 15786
20102 5276
20202 53005
20302 41740
20402 59543
20502 61598
20602 4288
20702 63130
20802 19080
20902 35972
21002 64136
21102 54182
21202 26344
21302 57495
21402 46615
21502 13822
21602 55578
21702 64369
21802 55059
21902 47025
22002 9343
22102 47910
22202 13369
22302 47571
22402 44573
22502 32199
22602 24357
22702 216
22802 43483
22902 27461
23002 58883
23102 45789
23202 32110
23302 58384
23402 53993
23502 61233
23602 50046
23702 30131
23802 7670
23902 18016
24002 20348
24102 21755
24202 4243
24302 19056
24402 54667
24502 60760
24602 26349
24702 63056
24802 6000
24902 57907
25002 28858
25102 32666
25202 64225
25302 19881
25402 37812
25502 17594
25602 24956
25702 582
25802 54221
25902 34505
26002 48734
26102 33277
26202 54744
26302 5174
26402 53559
26502 62203
26602 16023
26702 61145
26802 3772
26902 24479
27002 25316
27102 49448
27202 58585
27302 26980
27402 3740
27502 34313
27602 29306
27702 62203
27802 56038
27902 64644
28002 19194
28102 20658
28202 24730
28302 23199
28402 21259
28502 38474
28602 60471
28702 43539
28802 29053
28902 26540
29002 37173
29102 25092
29202 29344
29302 13794
29402 45416
29502 23640
29602 63907
29702 41805
29802 46450
29902 41103
30002 553
30102 47290
30202 3315
30302 10760
30402 11132
30502 21240
30602 25308
30702 61977
30802 3650
30902 4602
31002 56868
31102 28133
31202 39032
31302 50022
31402 57210
31502 55226
31602 60936
31702 24636
31802 5218
31902 18234
32002 36438
32102 37204
32202 48631
32302 34751
32402 32559
32502 49749
32602 2309
32702 9258
32802 39840
32902 33570
33002 23650
33102 28894
33202 59016
33302 37459
33402 35864
33502 41437
33602 17840
33702 2829
33802 35221
33902 19145
34002 57882
34102 48033
34202 49998
34302 6669
34402 39520
34502 26186
