102 6843
202 3306
302 64807
402 7483
502 49712
602 36896
702 39523
802 37452
902 3379
1002 2581
1102 38466
1202 1958
1302 40450
1402 47007
1502 3080
1602 13990
1702 18694
1802 43072
1902 52207
2002 63732
2102 49830
2202 4826
2302 28988
2402 932
2502 58066
2602 18579
2702 64880
2802 1197
2902 10119
3002 51939
3102 22778
3202 50135
3302 12263
3402 55489
3502 46570
3602 47492
3702 60203
3802 47647
3902 41819
4002 17996
4102 11026
4202 9201
4302 60409
4402 24217
4502 19969
4602 7221
4702 17298
4802 33669
4902 11722
5002 25304
5102 18248
5202 52333
5302 37264
5402 25810
5502 36810
5602 40499
5702 11889
5802 53631
5902 26984
6002 53640
6102 58975
6202 16044
6302 46011
6402 11628
6502 38911
6602 36907
6702 25875
6802 53951
6902 61960
7002 60907
7102 61353
7202 63000
7302 56725
7402 1457
7502 48823
7602 26390
7702 39625
7802 61519
7902 13549
8002 34914
8102 56029
8202 12622
8302 50228
8402 5002
8502 36311
8602 47959
8702 40324
8802 44417
8902 22378
9002 38221
9102 34707
9202 29610
9302 18929
9402 21468
9502 9066
9602 15598
9702 26668
9802 27173
9902 10528
10002 50169
10102 18591
10202 16455
10302 5755
10402 46570
10502 56950
10602 37998
10702 12922
10802 52431
10902 43889
11002 33564
11102 5174
11202 55497
11302 22291
11402 26172
11502 62900
11602 57233
11702 56011
11802 7914
11902 62747
12002 8386
12102 2634
12202 27978
12302 9670
12402 25376
12502 54591
12602 17602
12702 8373
12802 24941
12902 3338
13002 17744
13102 53987
13202 32681
13302 2805
13402 54669
13502 22574
13602 41046
13702 44183
13802 22453
13902 15413
14002 47821
14102 49013
14202 9303
14302 26628
14402 46971
14502 50182
14602 14782
14702 33637
14802 19566
14902 24710
15002 36792
15102 20268
15202 25869
15302 24771
15402 27941
15502 26739
15602 11550
15702 62282
15802 10575
15902 63022
16002 8356
16102 46259
16202 36532
16302 35598
16402 46791
16502 53415
16602 32338
16702 8301
16802 15626
16902 13357
17002 37986
17102 51304
17202 27749
17302 3035
17402 38992
17502 14510
17602 8837
17702 6624
17802 41118
17902 9688
18002 33635
18102 53975
18202 42918
18302 48892
18402 15968
18502 31790
18602 25241
18702 41527
18802 45760
18902 39221
19002 48606
19102 56908
19202 10680
19302 60555
19402 53698
19502 21736
19602 4461
19702 16006
19802 7171
19902 62997
20002 24393
20102 34143
20202 45787
20302 41731
20402 41060
20502 5969
20602 50349
20702 49286
20802 11776
20902 25380
21002 25237
21102 25914
21202 29309
21302 57598
21402 62582
21502 4744
21602 33543
21702 18550
21802 59192
21902 26361
22002 40192
22102 45380
22202 10999
22302 23817
22402 3769
22502 51687
22602 10812
22702 6427
22802 43903
22902 55802
23002 8351
23102 55132
23202 7002
23302 6466
23402 54555
23502 9005
23602 10903
23702 17491
23802 49205
23902 18835
24002 22844
24102 47875
24202 21412
24302 28564
24402 6667
24502 12651
24602 42963
24702 42393
24802 61766
24902 42754
25002 64591
25102 1396
25202 60739
25302 11541
25402 57824
25502 38934
25602 47257
25702 2590
25802 4339
25902 8484
26002 33393
26102 65344
26202 41153
26302 63072
26402 23280
26502 8974
26602 13148
26702 39193
26802 53010
26902 16162
27002 13846
27102 7197
27202 59461
27302 13019
27402 47134
27502 62550
27602 51565
27702 62479
27802 31690
27902 51867
28002 56924
28102 64259
28202 29368
28302 64297
28402 15238
28502 52661
28602 8956
28702 39219
28802 33526
28902 64932
29002 12138
29102 51746
29202 34425
29302 25570
29402 38642
29502 7859
29602 26319
29702 49633
29802 26334
29902 29769
30002 25701
30102 26215
30202 24501
30302 16881
30402 22599
30502 9429
30602 51720
30702 304
30802 63876
30902 24607
31002 4984
31102 15330
31202 63756
31302 58943
31402 48450
31502 38903
31602 33889
31702 42182
31802 19182
31902 32351
32002 19424
32102 28695
32202 63792
32302 27987
32402 3657
32502 35327
32602 13170
32702 2740
32802 2350
32902 11437
33002 46227
33102 46065
33202 20180
33302 42872
33402 64934
33502 24788
33602 49759
33702 4099
33802 32609
33902 21579
34002 43233
34102 57249
