102 53084
202 37811
302 54772
402 51646
502 22972
602 41061
702 51972
802 9672
902 9176
1002 34018
1102 52473
1202 21371
1302 27787
1402 2095
1502 34887
1602 51771
1702 48131
1802 50248
1902 56097
2002 11212
2102 2426
2202 64378
2302 18665
2402 24418
2502 29189
2602 43307
2702 18165
2802 53278
2902 30525
3002 64731
3102 48887
3202 57095
3302 49774
3402 3045
3502 9858
3602 21986
3702 62134
3802 4018
3902 26784
4002 37577
4102 9174
4202 61410
4302 25235
4402 12810
4502 62157
4602 3244
4702 9849
4802 34581
4902 3755
5002 9973
5102 62451
5202 38103
5302 42301
5402 10407
5502 56115
5602 58199
5702 63784
5802 58223
5902 52855
6002 24503
6102 1247
6202 16164
6302 13781
6402 31978
6502 2497
6602 60657
6702 29216
6802 55251
6902 36839
7002 60810
7102 24503
7202 38436
7302 49833
7402 62908
7502 61437
7602 30820
7702 50016
7802 468
7902 51805
8002 37625
8102 40013
8202 34291
8302 58516
8402 7791
8502 6962
8602 5221
8702 34974
8802 13109
8902 3651
9002 29783
9102 53243
9202 29470
9302 218
9402 35793
9502 52510
9602 63431
9702 16979
9802 48410
9902 60952
10002 42209
10102 19725
10202 59142
10302 40284
10402 50678
10502 15708
10602 37982
10702 46179
10802 27752
10902 21949
11002 45975
11102 28748
11202 46678
11302 4064
11402 60324
11502 62235
11602 30789
11702 19041
11802 37549
11902 18332
12002 46954
12102 33241
12202 41922
12302 6800
12402 64904
12502 1188
12602 8620
12702 24879
12802 41965
12902 2987
13002 31471
13102 15605
13202 54737
13302 32025
13402 44602
13502 23508
13602 48984
13702 29892
13802 37365
13902 25232
14002 61142
14102 14955
14202 63674
14302 55845
14402 21936
14502 64925
14602 35930
14702 36964
14802 24268
14902 8896
15002 11108
15102 53976
15202 48608
15302 28974
15402 46962
15502 29690
15602 31354
15702 39931
15802 12186
15902 15028
16002 23787
16102 35024
16202 44506
16302 30799
16402 19391
16502 336
16602 23132
16702 16994
16802 20699
16902 32338
17002 46373
17102 2082
17202 27725
17302 56964
17402 8916
17502 51808
17602 63036
17702 49465
17802 63179
17902 60928
18002 43666
18102 62367
18202 44342
18302 51823
18402 33580
18502 7363
18602 42065
18702 46673
18802 33722
18902 33504
19002 47789
19102 43382
19202 11968
19302 3078
19402 46013
19502 29134
19602 46986
19702 2801
19802 47303
19902 16752
20002 14531
20102 53428
20202 5706
20302 51663
20402 21581
20502 36650
20602 52710
20702 10144
20802 33857
20902 35680
21002 61004
21102 7050
21202 65456
21302 37003
21402 35715
21502 49484
21602 56610
21702 4343
21802 60692
21902 58960
22002 9669
22102 21054
22202 51023
22302 26538
22402 40414
22502 24434
22602 25408
22702 47492
22802 15927
22902 43211
23002 564
23102 17997
23202 34634
23302 55302
23402 17681
23502 19441
23602 6815
23702 5496
23802 40484
23902 56526
24002 47914
24102 4579
24202 40571
24302 62265
24402 54350
24502 37155
24602 45797
24702 13336
24802 7070
24902 40663
25002 61526
25102 59268
25202 1998
25302 53042
25402 16417
25502 53755
25602 45692
25702 61440
25802 22241
25902 23201
26002 6870
26102 64323
26202 17017
26302 21660
26402 55411
26502 19370
26602 8189
26702 12979
26802 46922
26902 54128
27002 46304
27102 21223
27202 32955
27302 25723
27402 31223
27502 58414
27602 52381
27702 31526
27802 34069
27902 48984
28002 50748
28102 44347
28202 47548
28302 51419
28402 41309
28502 55591
28602 33169
28702 20305
28802 11207
28902 13498
29002 56239
29102 56993
29202 21487
29302 46738
29402 14785
29502 33963
29602 42594
29702 31567
29802 45993
29902 32300
30002 18413
30102 21774
30202 1333
30302 43307
30402 13835
30502 20545
30602 41365
30702 60406
30802 28214
30902 43197
31002 23506
31102 33844
31202 4626
31302 57611
31402 1007
31502 40005
31602 10462
31702 26097
31802 31686
31902 7494
32002 16224
32102 24863
32202 65090
32302 52487
32402 21149
32502 10118
32602 42433
32702 16449
32802 51562
32902 23659
33002 46110
33102 63876
33202 14422
33302 53496
33402 41344
33502 53079
33602 25560
33702 19054
33802 5299
33902 10736
34002 51710
34102 195
34202 49361
34302 40269
34402 35969
34502 37418
34602 61632
34702 12763
34802 54301
34902 51496
35002 22017
35102 55691
35202 60988
35302 18410
35402 23153
35502 10651
35602 21348
35702 40708
35802 31522
35902 27230
36002 50328
36102 59907
36202 34698
36302 33147
36402 1415
36502 41517
36602 39097
36702 59176
36802 28971
36902 21125
37002 18864
37102 41450
37202 1628
37302 50940
37402 62490
37502 20636
37602 3705
37702 59167
37802 25977
37902 12732
38002 16382
38102 7404
38202 54924
38302 61322
38402 49103
38502 25613
38602 13181
38702 9829
38802 53420
38902 12328
39002 53352
39102 5226
39202 37020
39302 51618
39402 8798
39502 16994
39602 29136
39702 2143
39802 27570
39902 35951
40002 17968
40102 25866
40202 54210
40302 37006
40402 1065
40502 6709
40602 2224
40702 35761
40802 31633
40902 3638
41002 28421
41102 6835
41202 9870
41302 12266
41402 64165
41502 29633
41602 33137
41702 26371
41802 1142
41902 41903
42002 41732
42102 47920
42202 33179
42302 48262
42402 11187
42502 10861
42602 57765
42702 39661
42802 34755
42902 15127
43002 42163
43102 1605
43202 64075
43302 42176
43402 46785
43502 998
43602 64135
43702 44396
43802 60091
43902 26678
44002 54846
44102 60822
44202 2476
44302 21963
44402 28288
44502 1493
44602 57187
44702 55117
44802 12788
44902 2848
45002 51317
45102 48549
45202 19187
45302 34655
45402 34405
45502 85
45602 42745
45702 5757
45802 4478
45902 53036
46002 14082
46102 51231
46202 10901
46302 50739
46402 43887
46502 53960
46602 21119
46702 46912
46802 57256
46902 20167
47002 20759
47102 29239
47202 18353
47302 10918
47402 27163
47502 61685
47602 46862
47702 54164
47802 41148
47902 49777
48002 49900
48102 36948
48202 55988
48302 37641
48402 3862
48502 53316
48602 21360
48702 13634
48802 50807
48902 46750
49002 17690
49102 39893
49202 52730
49302 10255
49402 62453
49502 46062
49602 34974
49702 22503
49802 62515
49902 21441
50002 50257
50102 5197
50202 18707
50302 7729
50402 26736
50502 49424
50602 8167
50702 29808
50802 55452
50902 49821
51002 60530
51102 21155
51202 8523
51302 25862
51402 19033
51502 44095
51602 16584
51702 54153
51802 45552
51902 25609
52002 59114
52102 56842
52202 14221
52302 35792
52402 23917
52502 14115
52602 38984
52702 16571
52802 40427
52902 22271
53002 28668
53102 51017
53202 21508
53302 20967
53402 24667
53502 59985
53602 4324
53702 62438
53802 37631
53902 39712
54002 15666
54102 65305
54202 12453
54302 3789
54402 295
54502 2400
54602 48491
54702 27577
54802 45214
54902 12975
55002 13535
55102 17050
55202 18261
55302 63959
55402 47803
55502 32288
55602 48787
55702 7294
55802 63858
55902 8449
56002 31074
56102 43670
56202 10243
56302 58537
56402 64752
56502 27675
56602 65120
56702 12598
56802 18350
56902 22615
57002 58198
57102 28626
57202 50362
57302 37269
57402 2108
57502 26955
57602 53337
57702 42403
57802 28134
57902 19649
58002 27040
58102 54746
58202 42420
58302 59191
58402 12954
58502 60201
58602 12605
58702 39559
58802 29319
58902 6047
59002 16896
59102 28001
59202 13868
59302 4436
59402 46521
59502 32448
59602 57787
59702 65204
59802 21601
59902 27463
60002 47256
60102 41821
60202 63573
60302 4357
60402 30637
60502 20697
60602 28550
60702 59536
60802 27141
60902 43831
61002 29134
61102 22249
61202 25735
61302 57879
61402 18778
61502 48905
61602 43221
61702 7162
61802 39617
61902 44571
62002 56134
62102 3827
62202 54895
62302 48571
62402 21273
62502 6660
62602 43910
62702 50765
62802 29304
62902 64722
63002 45547
63102 36089
63202 59971
63302 64110
63402 58206
63502 18429
63602 6215
63702 53365
63802 56146
63902 26981
64002 38463
64102 54193
64202 16901
64302 13267
64402 55117
64502 31729
64602 3431
64702 24696
64802 2750
64902 21950
65002 8121
65102 61145
65202 35375
65302 27206
65402 26483
65502 24828
65602 20843
65702 46650
65802 17426
65902 36618
66002 7953
66102 1811
66202 17799
66302 29780
66402 12975
66502 16426
66602 56659
66702 19431
66802 31157
66902 60743
67002 64736
67102 16602
67202 29966
67302 40185
67402 11600
67502 33641
67602 49249
67702 40105
67802 10758
67902 36000
68002 56808
68102 22218
68202 16909
68302 15217
68402 65466
68502 10177
68602 21564
68702 53905
68802 25448
68902 23829
69002 30322
69102 3151
69202 12899
69302 47821
69402 59249
69502 60117
69602 45404
69702 10025
69802 10274
69902 19817
70002 24427
70102 33276
70202 16742
70302 25729
70402 27777
70502 22107
70602 33459
70702 1160
70802 47541
70902 11295
71002 53351
71102 39818
71202 53189
71302 33105
71402 63572
71502 827
71602 49236
71702 60208
71802 28237
71902 2492
72002 16238
72102 41660
72202 18448
72302 38075
72402 18372
72502 43409
72602 7439
72702 54607
72802 50414
72902 62352
73002 6049
73102 39007
73202 16264
73302 3614
73402 45611
73502 6670
73602 32315
73702 15474
73802 9498
73902 11104
74002 60513
74102 6821
74202 14794
74302 63877
74402 12478
74502 25819
74602 2907
74702 1049
74802 26420
74902 62353
75002 65522
75102 24366
75202 31266
75302 59150
75402 40098
75502 1348
75602 48699
75702 57601
75802 45882
75902 19200
76002 23521
76102 22699
76202 52035
76302 29606
76402 18652
76502 13020
76602 42830
76702 31272
76802 37049
76902 54659
77002 10902
77102 40363
77202 35532
77302 14032
77402 28202
77502 41921
77602 36245
77702 52212
77802 53458
77902 1272
78002 31653
78102 55329
78202 38114
78302 15182
78402 13671
78502 57464
78602 18055
78702 48646
78802 9489
78902 3839
79002 57256
79102 9340
79202 53412
79302 19347
79402 5650
79502 40337
79602 39107
79702 3502
79802 23937
79902 63979
80002 33566
80102 7977
80202 36974
80302 37317
80402 24515
80502 49978
80602 48807
80702 48033
80802 17929
80902 40629
81002 7027
81102 868
81202 51360
81302 12087
81402 40938
81502 37124
81602 10807
81702 18206
81802 2261
81902 40452
82002 48921
82102 34425
82202 36577
82302 47541
82402 2922
82502 12915
82602 51673
82702 12734
82802 2280
82902 21403
83002 14743
83102 37515
83202 12482
83302 11832
83402 39450
83502 62522
83602 741
83702 49513
83802 15954
83902 41569
84002 61305
84102 154
84202 16948
84302 60928
84402 21096
84502 37243
84602 24602
84702 57796
84802 28896
84902 7353
85002 37969
85102 52228
85202 42081
85302 56828
85402 58399
85502 29534
85602 28609
85702 3667
85802 54214
85902 60952
86002 19978
86102 53907
86202 12482
86302 32006
86402 30207
86502 46131
86602 42950
86702 2519
86802 39971
86902 58842
87002 32763
87102 43217
87202 47615
87302 45336
87402 26638
87502 15462
87602 17698
87702 55597
87802 19102
87902 8630
88002 30783
88102 39138
88202 63944
88302 62670
88402 1462
88502 8123
88602 995
88702 60051
88802 20365
88902 6133
89002 33278
89102 59232
89202 38635
89302 16919
89402 63404
89502 50407
89602 6806
89702 49446
89802 16321
89902 10930
90002 49809
90102 22181
