102 62583
202 58883
302 34379
402 34331
502 6375
602 53384
702 50437
802 26024
902 59736
1002 42388
1102 30760
1202 15486
1302 30926
1402 30426
1502 20694
1602 34650
1702 21286
1802 13254
1902 45566
2002 63148
2102 15412
2202 48234
2302 34532
2402 38943
2502 5058
2602 56520
2702 59554
2802 35016
2902 58882
3002 31797
3102 6890
3202 60535
3302 28200
3402 17865
3502 52766
3602 36896
3702 27787
3802 36934
3902 55988
4002 50000
4102 50487
4202 46232
4302 60156
4402 29937
4502 52343
4602 4304
4702 37319
4802 19982
4902 12111
5002 14763
5102 33208
5202 40974
5302 14988
5402 39572
5502 13326
5602 2209
5702 60616
5802 4475
5902 10128
6002 64831
6102 23633
6202 35924
6302 26353
6402 34889
6502 11128
6602 2644
6702 42737
6802 6753
6902 47790
7002 19481
7102 37470
7202 10024
7302 31683
7402 57614
7502 19315
7602 36824
7702 7382
7802 22876
7902 62165
8002 37532
8102 47270
8202 6284
8302 48370
8402 4286
8502 2366
8602 60698
8702 22673
8802 57144
8902 5433
9002 28104
9102 51477
9202 38165
9302 3798
9402 50788
9502 35403
9602 44422
9702 3885
9802 3562
9902 27518
10002 51689
10102 36283
10202 46587
10302 18719
10402 4908
10502 34369
10602 52764
10702 14639
10802 9214
10902 20424
11002 52585
11102 25266
11202 61777
11302 14485
11402 57262
11502 18249
11602 3675
11702 17266
11802 2288
11902 8285
12002 180
12102 28147
12202 26564
12302 64531
12402 51187
12502 46530
12602 60572
12702 58947
12802 11630
12902 11513
13002 61784
13102 55872
13202 51311
13302 9212
13402 29122
13502 20935
13602 40969
13702 43372
13802 53431
13902 53037
14002 63055
14102 5745
14202 16047
14302 64857
14402 3631
14502 36125
14602 16181
14702 24872
14802 10
14902 39596
15002 58996
15102 64531
15202 46145
15302 49617
15402 24789
15502 8525
15602 18432
15702 64972
15802 25391
15902 34531
16002 35206
16102 9981
16202 12523
16302 63943
16402 13477
16502 40216
16602 37570
16702 46836
16802 46824
16902 46719
17002 12591
17102 14437
17202 13911
17302 28437
17402 37725
17502 36622
17602 47597
17702 24014
17802 30172
17902 42086
18002 23928
18102 10233
18202 7572
18302 53790
18402 24571
18502 46555
18602 38527
18702 23792
18802 14023
18902 33829
19002 36818
19102 12416
19202 4169
19302 58184
19402 14018
19502 4150
19602 35297
19702 488
19802 48359
19902 22322
20002 8395
20102 26656
20202 44025
20302 34897
20402 785
20502 39971
20602 20847
20702 14021
20802 9815
20902 42658
21002 58140
21102 29683
21202 45123
21302 5907
21402 9725
21502 65313
21602 779
21702 63248
21802 28368
21902 24158
22002 7942
22102 34772
22202 27186
22302 6855
22402 32484
22502 47817
22602 28841
22702 27837
22802 17164
22902 30714
23002 22050
23102 13885
23202 50053
23302 20055
23402 32572
23502 35661
23602 29031
23702 10678
23802 2939
23902 22892
24002 65297
24102 40790
24202 47158
24302 41016
24402 20606
24502 14670
24602 53131
24702 30198
24802 31601
24902 28653
25002 58683
25102 35828
25202 60140
25302 1295
25402 60383
25502 2705
25602 17785
25702 52148
25802 64408
25902 38627
26002 6865
26102 34479
26202 23549
26302 12536
26402 16061
26502 26888
26602 63634
26702 53118
26802 17538
26902 25015
27002 54488
27102 61854
27202 62363
27302 12174
27402 63465
27502 27267
27602 12485
27702 46602
27802 58555
27902 8895
28002 29211
28102 26904
28202 32483
28302 25257
28402 39545
28502 58971
28602 47897
28702 9627
28802 51302
28902 43250
29002 35711
29102 58676
29202 36541
29302 54199
29402 48522
29502 46985
29602 4664
29702 18186
29802 15768
29902 58348
30002 51710
30102 13524
30202 25279
30302 50624
30402 45992
30502 15362
30602 57992
30702 52731
30802 39980
30902 6573
31002 12690
31102 13909
31202 58440
31302 60778
31402 25413
31502 1026
31602 61313
31702 36280
31802 57650
31902 41648
32002 19840
32102 4484
32202 418
32302 56705
32402 23470
32502 40392
32602 3488
32702 10462
32802 26033
32902 49367
33002 12705
33102 36813
33202 60229
33302 42759
33402 65065
33502 2376
33602 64535
33702 38102
33802 54690
33902 31049
34002 15836
34102 31007
34202 29773
34302 38066
34402 51336
34502 58499
34602 51045
34702 36819
34802 29
34902 38935
35002 30421
35102 7487
35202 9753
35302 8950
35402 16004
35502 65473
35602 36209
35702 36763
35802 16401
35902 5337
36002 22812
36102 27375
36202 60123
36302 12173
36402 41057
36502 3335
36602 6380
36702 59059
36802 46855
36902 24378
37002 56212
37102 21474
37202 4712
37302 61324
37402 6724
37502 51792
37602 52416
37702 65383
37802 63713
37902 58753
38002 29408
38102 17049
38202 60668
38302 48816
38402 14995
38502 31646
38602 22377
38702 1252
38802 344
38902 51169
39002 13647
39102 40327
39202 13942
39302 53801
39402 43287
39502 35180
39602 31534
39702 17463
39802 30376
39902 42720
40002 16830
40102 25536
40202 34105
40302 46275
40402 23769
40502 21675
40602 44255
40702 39846
40802 29664
40902 55665
41002 25470
41102 18954
41202 19351
41302 22902
41402 59843
41502 18428
41602 50067
41702 55365
41802 39876
41902 1555
42002 28054
42102 48843
42202 52670
42302 50662
42402 8075
42502 22924
42602 38700
42702 19913
42802 52665
42902 60188
43002 26545
43102 49999
43202 18132
43302 19430
43402 17014
43502 44879
43602 53640
43702 15860
43802 28572
43902 34690
44002 24591
44102 41137
44202 9936
44302 31953
44402 65169
44502 47614
44602 58316
44702 51916
44802 2926
44902 60529
45002 9104
45102 15800
45202 14997
45302 46120
45402 5310
45502 13534
45602 24721
45702 17528
45802 16968
45902 65401
46002 58042
46102 14730
46202 40139
46302 4615
46402 62834
46502 3637
46602 25398
46702 2301
46802 18896
46902 12245
47002 55175
47102 9171
47202 9110
47302 21883
47402 62827
47502 33665
47602 5427
47702 16984
47802 11466
47902 40164
48002 54418
48102 27033
48202 21678
48302 29762
48402 56221
48502 10173
48602 20773
48702 21569
48802 42046
48902 40732
49002 2289
49102 26892
49202 3679
49302 28351
49402 31598
49502 169
49602 8298
49702 63167
49802 28531
49902 30311
50002 27172
50102 34667
50202 63866
50302 23915
50402 46751
50502 37024
50602 52617
50702 6701
50802 3528
50902 8117
51002 65296
51102 25598
51202 6316
51302 9984
51402 55551
51502 32301
51602 8655
51702 61137
51802 9333
51902 47037
52002 36838
52102 44065
52202 39670
52302 46659
52402 58633
52502 28599
52602 8135
52702 22647
52802 5880
52902 3583
53002 28872
53102 54559
53202 50306
53302 5406
53402 58792
53502 56827
53602 63369
53702 22239
53802 51545
53902 21912
54002 52389
54102 31848
54202 41301
54302 46383
54402 33828
54502 54616
54602 64151
54702 5634
54802 48138
54902 29731
55002 52205
55102 38512
55202 29024
55302 2790
55402 52492
55502 23958
55602 38995
55702 34536
55802 56763
55902 56046
56002 34811
56102 24834
56202 1834
56302 31259
56402 41808
56502 31196
56602 42446
56702 42790
56802 46533
56902 22066
57002 51601
57102 38215
57202 47634
57302 33884
57402 20126
57502 18054
57602 28980
57702 30314
57802 29194
57902 14832
58002 30486
58102 34575
58202 40879
58302 21899
58402 2447
58502 64040
58602 27455
58702 28571
58802 4471
58902 9290
59002 49072
59102 4503
59202 40742
59302 8395
59402 46720
59502 36746
59602 65377
59702 26285
59802 58461
59902 20722
60002 43143
60102 1265
60202 56137
60302 983
60402 62542
60502 15371
60602 51527
60702 32245
60802 61061
60902 20586
61002 2894
61102 44874
61202 50416
61302 54633
61402 24129
61502 15401
61602 51795
61702 59782
61802 1934
61902 56357
62002 9881
62102 59357
62202 15352
62302 42372
62402 51695
62502 35915
62602 18597
62702 50660
62802 9933
62902 31125
63002 40750
63102 33452
63202 62269
63302 8462
63402 1604
63502 29976
63602 15682
63702 12350
63802 48016
63902 58349
64002 43616
64102 19016
64202 968
64302 730
64402 23231
64502 9074
64602 58374
64702 43231
64802 39968
64902 35827
65002 25507
65102 18017
65202 63028
65302 48724
65402 33085
65502 35256
65602 20450
65702 24383
65802 54249
65902 46956
66002 2153
66102 6624
66202 9625
66302 52074
66402 53652
66502 44412
66602 21647
66702 50652
66802 11894
66902 14570
67002 14808
67102 45740
67202 30494
67302 11278
67402 6748
67502 20821
67602 62550
67702 40850
67802 61155
67902 55450
68002 59958
68102 6050
68202 28537
68302 26316
68402 32255
68502 19007
68602 9970
68702 59662
68802 34394
68902 56288
69002 10654
69102 54516
69202 36823
69302 17880
69402 62453
69502 59277
69602 22877
69702 28676
69802 60981
69902 61108
70002 5544
70102 17072
70202 59421
70302 40194
70402 12083
70502 27448
70602 23597
70702 43587
70802 2510
70902 36228
71002 47974
71102 14544
71202 42518
71302 5908
71402 24412
71502 18020
71602 10618
71702 46235
71802 54108
71902 56280
72002 42626
72102 63793
72202 15734
72302 55226
72402 23592
72502 25021
72602 56820
72702 10222
72802 59473
72902 37487
73002 14734
73102 61786
73202 28190
73302 35361
73402 63571
73502 25160
73602 56410
73702 29890
73802 25676
73902 52714
74002 58880
74102 48118
74202 14065
74302 22621
74402 58339
74502 5271
74602 19429
74702 47114
74802 1786
74902 50726
75002 40860
75102 47192
75202 8707
75302 13546
75402 39919
75502 47467
75602 34699
75702 51567
75802 61532
75902 63279
76002 11874
76102 47916
76202 52294
76302 40294
76402 33563
76502 28533
76602 44373
76702 43300
76802 3353
76902 10531
77002 42966
77102 42491
77202 42779
77302 42457
77402 5910
77502 22107
77602 7201
77702 34043
77802 31585
77902 27911
78002 11079
78102 58277
78202 28137
78302 38945
78402 50342
78502 909
78602 4789
78702 34908
78802 32208
78902 2259
79002 47395
79102 59045
79202 19094
79302 20503
79402 27887
79502 45140
79602 42680
79702 41030
79802 62052
79902 38837
80002 14243
80102 10066
80202 22887
80302 198
80402 8029
80502 11732
80602 46463
80702 35002
80802 39838
80902 59136
81002 16119
81102 35641
81202 7
81302 15938
81402 12966
81502 27373
81602 43010
81702 7783
81802 56125
81902 58314
82002 5401
82102 17760
82202 37541
82302 21656
82402 31759
82502 914
82602 23765
82702 31718
82802 27272
82902 51738
83002 26706
83102 42580
83202 10477
83302 15206
83402 54941
83502 25321
83602 26917
83702 8917
83802 14140
83902 45262
84002 60186
84102 15587
84202 19541
84302 52172
84402 19808
84502 51983
84602 58179
84702 25825
84802 31826
84902 64002
85002 23767
85102 37638
85202 62218
85302 35313
85402 58627
85502 3582
85602 58271
85702 23468
85802 852
85902 8407
86002 25958
86102 654
86202 10207
86302 33562
86402 53880
86502 21992
86602 36535
86702 5271
86802 61680
86902 35438
87002 22234
87102 38665
87202 25444
87302 9605
87402 1837
87502 61794
87602 44442
87702 2393
87802 6455
87902 3288
88002 39178
88102 2433
88202 31413
88302 48630
88402 61276
88502 27287
88602 59790
88702 36607
88802 4445
88902 48797
89002 31043
89102 17117
89202 3870
89302 10069
89402 42254
89502 55763
89602 37590
89702 11848
89802 62838
89902 47623
90002 55458
90102 31420
90202 12689
