102 2532
202 32105
302 46909
402 480
502 35660
602 10773
702 59477
802 42540
902 3199
1002 8164
1102 38174
1202 7285
1302 18266
1402 3183
1502 27809
1602 58110
1702 28920
1802 32917
1902 27383
2002 49214
2102 44210
2202 2194
2302 7906
2402 31830
2502 20759
2602 20374
2702 26880
2802 49159
2902 44671
3002 62646
3102 38695
3202 36774
3302 41664
3402 45786
3502 26000
3602 38231
3702 50841
3802 26724
3902 35152
4002 21326
4102 11864
4202 35413
4302 35936
4402 11788
4502 23814
4602 29901
4702 23130
4802 55283
4902 23365
5002 6722
5102 55457
5202 46759
5302 63506
5402 19930
5502 36395
5602 10440
5702 13965
5802 16719
5902 17213
6002 12865
6102 32791
6202 64033
6302 23134
6402 48569
6502 15396
6602 34078
6702 6316
6802 6878
6902 64695
7002 38401
7102 62342
7202 51885
7302 20300
7402 14489
7502 33220
7602 60571
7702 102
7802 40603
7902 42810
8002 60224
8102 64762
8202 13457
8302 63858
8402 32782
8502 32858
8602 7079
8702 30424
8802 3503
8902 18805
9002 40919
9102 4683
9202 32071
9302 8952
9402 32433
9502 41027
9602 22332
9702 59676
9802 18955
9902 27598
10002 16995
10102 29499
10202 42735
10302 4002
10402 41060
10502 59947
10602 8481
10702 17198
10802 49773
10902 14329
11002 5851
11102 38283
11202 63534
11302 223
11402 23281
11502 1882
11602 332
11702 53488
11802 38222
11902 44990
12002 53971
12102 478
12202 6560
12302 9023
12402 14856
12502 7145
12602 15799
12702 15580
12802 61309
12902 46665
13002 54888
13102 64801
13202 40874
13302 14021
13402 26182
13502 21740
13602 48862
13702 55177
13802 51691
13902 20442
14002 19796
14102 260
14202 13674
14302 62977
14402 15021
14502 16880
14602 33085
14702 10204
14802 14024
14902 6204
15002 32555
15102 27308
15202 51656
15302 19375
15402 39736
15502 2502
15602 27182
15702 47022
15802 62987
15902 6552
16002 34814
16102 26402
16202 45401
16302 2222
16402 34121
16502 61040
16602 42854
16702 42609
16802 22498
16902 35982
17002 12081
17102 24878
17202 53492
17302 27885
17402 11818
17502 7646
17602 10341
17702 17123
17802 1125
17902 64670
18002 47266
18102 58682
18202 3377
18302 47539
18402 1788
18502 40472
18602 18967
18702 63772
18802 19272
18902 39728
19002 44809
19102 13176
19202 2942
19302 36364
19402 48996
19502 45410
19602 27812
19702 64914
19802 23583
19902 48087
20002 43509
20102 49339
20202 9058
20302 7209
20402 22259
20502 20629
20602 57890
20702 57948
20802 2426
20902 7984
21002 31915
21102 64933
21202 40233
21302 59597
21402 1714
21502 37216
21602 43750
21702 48914
21802 36801
21902 28889
22002 27798
22102 19858
22202 16143
22302 24342
22402 42424
22502 30240
22602 47349
22702 40529
22802 32289
22902 22001
23002 63963
23102 17911
23202 2487
23302 63196
23402 56595
23502 31504
23602 29693
23702 64599
23802 9132
23902 2430
24002 10372
24102 4328
24202 4459
24302 36040
24402 64193
24502 37633
24602 59807
24702 61311
24802 37809
24902 26974
25002 29068
25102 7265
25202 37804
25302 29628
25402 63991
25502 22864
25602 40427
25702 39423
25802 43110
25902 5037
26002 41727
26102 59630
26202 57068
26302 51424
26402 19748
26502 11628
26602 25167
26702 40757
26802 12130
26902 26905
27002 3203
27102 569
27202 36121
27302 54392
27402 13209
27502 60072
27602 7146
27702 38932
27802 60623
27902 10123
28002 51472
28102 33553
28202 43303
28302 26758
28402 29632
28502 25727
28602 18756
28702 64014
28802 51272
28902 3660
29002 32012
29102 61282
29202 5659
29302 44014
29402 47694
29502 25073
29602 40872
29702 62753
29802 26382
29902 59545
30002 28124
30102 59149
30202 26197
30302 49301
30402 10623
30502 15155
30602 38343
30702 64324
30802 60410
