102 7537
202 44141
302 42420
402 49426
502 59523
602 63893
702 16185
802 24175
902 65369
1002 32194
1102 47347
1202 20425
1302 152
1402 9283
1502 56454
1602 38065
1702 19442
1802 53603
1902 6512
2002 64216
2102 13108
2202 44326
2302 37752
2402 7401
2502 45357
2602 48553
2702 25803
2802 49349
2902 7655
3002 6702
3102 13699
3202 43463
3302 32317
3402 17004
3502 52001
3602 34778
3702 45786
3802 45705
3902 14564
4002 9648
4102 2376
4202 45724
4302 19393
4402 41028
4502 39026
4602 55348
4702 233
4802 58070
4902 42502
5002 44406
5102 37697
5202 39046
5302 26408
5402 47934
5502 13509
5602 51286
5702 35513
5802 44101
5902 43151
6002 44344
6102 59620
6202 13235
6302 19294
6402 55996
6502 64154
6602 12173
6702 32104
6802 13515
6902 2286
7002 41186
7102 4028
7202 45952
7302 45745
7402 40094
7502 7895
7602 25637
7702 12472
7802 34352
7902 11303
8002 16686
8102 41401
8202 21233
8302 63174
8402 41985
8502 24222
8602 30443
8702 27561
8802 27052
8902 4226
9002 28617
9102 57706
9202 38413
9302 26438
9402 35100
9502 32086
9602 63670
9702 12230
9802 54672
9902 11396
10002 29885
10102 37472
10202 56374
10302 51188
10402 5795
10502 57492
10602 53511
10702 49282
10802 8118
10902 20389
11002 15033
11102 11546
11202 39069
11302 45715
11402 16816
11502 13137
11602 36391
11702 38944
11802 45404
11902 48670
12002 36317
12102 33752
12202 7267
12302 40072
12402 54675
12502 42398
12602 29120
12702 54048
12802 27759
12902 6219
13002 24404
13102 13833
13202 32162
13302 6002
13402 45393
13502 34354
13602 163
13702 42783
13802 39810
13902 65474
14002 41016
14102 17732
14202 19519
14302 25243
14402 9102
14502 57974
14602 46334
14702 58559
14802 54083
14902 62761
15002 22395
15102 63040
15202 18898
15302 28520
15402 41208
15502 7127
15602 53200
15702 17388
15802 53584
15902 60298
16002 43380
16102 23320
16202 41789
16302 65213
16402 9162
16502 65457
16602 38789
16702 36258
16802 34971
16902 18383
17002 59644
17102 47342
17202 38337
17302 29911
17402 54202
17502 48525
17602 32869
17702 29049
17802 26525
17902 37737
18002 29014
18102 32567
18202 24267
18302 8668
18402 32120
18502 31473
18602 41483
18702 45431
18802 55658
18902 37543
19002 52982
19102 16556
19202 23020
19302 33452
19402 51900
19502 7055
19602 24907
19702 35110
19802 51648
19902 54448
20002 45460
20102 55530
20202 43615
20302 51466
20402 12059
20502 61247
20602 29504
20702 8492
20802 5493
20902 53299
21002 34256
21102 2684
21202 16804
21302 4450
21402 59552
21502 28870
21602 52085
21702 19630
21802 24882
21902 37748
22002 32946
22102 12702
22202 49222
22302 21209
22402 40930
22502 39454
22602 55551
22702 62981
22802 28927
22902 36386
23002 63418
23102 30163
23202 7714
23302 9946
23402 60835
23502 59529
23602 22315
23702 6319
23802 38425
23902 43978
24002 53572
24102 25266
24202 36665
24302 33414
24402 11706
24502 48109
24602 7195
24702 35284
24802 6166
24902 38504
25002 18616
25102 23304
25202 7488
25302 53539
25402 33631
25502 44892
25602 717
25702 46343
25802 2364
25902 21563
26002 17992
26102 33446
26202 16222
26302 25280
26402 3415
26502 45967
26602 38921
26702 8428
26802 14887
26902 38530
27002 45634
27102 21297
27202 55694
27302 11847
27402 38646
27502 27723
27602 5408
27702 34088
27802 59603
27902 50448
28002 38980
28102 41989
28202 41383
28302 48814
28402 43997
28502 49714
28602 32202
28702 43191
28802 32576
28902 6920
29002 37744
29102 39341
29202 52882
29302 50092
29402 22550
29502 273
29602 6345
29702 2854
29802 10226
29902 44376
30002 65108
30102 25797
30202 50501
30302 45733
30402 16425
30502 6160
30602 57892
30702 8262
30802 45581
30902 58628
31002 60543
31102 64830
31202 34629
31302 25288
31402 19099
31502 27234
31602 59995
31702 15121
31802 42135
31902 64791
32002 56663
32102 39865
32202 39387
32302 59723
32402 8
32502 22999
32602 40309
32702 22830
32802 16790
32902 34896
33002 7823
33102 7519
33202 61771
33302 27631
33402 48326
33502 11181
33602 21966
33702 53943
33802 2192
33902 55718
34002 49668
34102 32426
34202 47335
34302 4646
34402 46865
34502 23819
34602 38403
34702 60024
34802 25959
34902 42219
35002 37710
35102 24885
35202 35471
35302 19176
35402 9439
35502 18089
35602 49730
35702 3066
35802 28149
35902 49246
36002 21938
36102 17442
36202 57592
36302 13663
36402 60553
36502 58568
36602 43669
36702 34873
36802 2220
36902 11452
37002 15902
37102 62905
37202 29790
37302 5731
37402 503
37502 65206
37602 65042
37702 42571
37802 48730
37902 2577
38002 9795
38102 31778
38202 4661
38302 13215
38402 40469
38502 42502
38602 55279
38702 39948
38802 30239
38902 1330
39002 5688
39102 18645
39202 55584
39302 60842
39402 42236
39502 60643
39602 8741
39702 37752
39802 807
39902 33230
40002 58419
40102 44088
40202 44180
40302 47251
40402 48385
40502 33155
40602 51419
40702 47622
40802 6769
40902 24473
41002 40641
41102 63146
41202 752
41302 17666
41402 24322
41502 27870
41602 40328
41702 43276
41802 56930
41902 38003
42002 41973
42102 63862
42202 45271
42302 26426
42402 39719
42502 45026
42602 47524
42702 23381
42802 35455
42902 31626
43002 9090
43102 6955
43202 5667
43302 43745
43402 17358
43502 34863
43602 60798
43702 3495
43802 33713
43902 31129
44002 47694
44102 29339
44202 63987
44302 37605
44402 2728
44502 36038
44602 6993
44702 40245
44802 24350
44902 15493
45002 52640
45102 24382
45202 56569
45302 2215
45402 19118
45502 49619
45602 50075
45702 14260
45802 46117
45902 40892
46002 33313
46102 65162
46202 4645
46302 16276
46402 11896
46502 18100
46602 9115
46702 10053
46802 47422
46902 54194
47002 57347
47102 21533
47202 37890
47302 46553
47402 56827
47502 51799
47602 62806
47702 61611
47802 29164
47902 22761
48002 22981
48102 64518
48202 37391
48302 59362
48402 63901
48502 3629
48602 18884
48702 58965
48802 57826
48902 53317
49002 28936
49102 39071
49202 27926
49302 54316
49402 23396
49502 7120
49602 3172
49702 14927
49802 27920
49902 7796
50002 46237
50102 63079
50202 158
50302 17769
50402 16653
50502 57105
50602 26118
50702 42797
50802 7722
50902 48440
51002 7618
51102 46837
51202 38996
51302 25654
51402 48676
51502 45411
51602 21389
51702 64296
51802 40642
51902 746
52002 56349
52102 39865
52202 25498
52302 50321
52402 28740
52502 31737
52602 51621
52702 65063
52802 36766
52902 16240
53002 10243
53102 45569
53202 11258
53302 26998
53402 9789
53502 30767
53602 63483
53702 20999
53802 40636
53902 60274
54002 54339
54102 5511
54202 57058
54302 45894
54402 31917
54502 60920
54602 17627
54702 60734
54802 34883
54902 56434
55002 46468
55102 2399
55202 57730
55302 56889
55402 27560
55502 36920
55602 64264
55702 17038
55802 11134
55902 20602
56002 20807
56102 39653
56202 3535
56302 30905
56402 20960
56502 9425
56602 60938
56702 47199
56802 47658
56902 58951
57002 6189
57102 13136
57202 25647
57302 60184
57402 10616
57502 40821
57602 50922
57702 53125
57802 5473
57902 56835
58002 14697
58102 1499
58202 23503
58302 63302
58402 28799
58502 8988
58602 50521
58702 3539
58802 12323
58902 59038
59002 4293
59102 58476
59202 64062
59302 25523
59402 974
59502 27187
59602 7394
59702 23214
59802 12059
59902 26219
60002 8493
60102 64424
60202 36762
60302 8786
60402 50430
60502 62220
60602 33175
60702 12472
60802 41898
60902 46792
61002 24282
61102 51420
61202 33763
61302 64750
61402 10749
61502 62066
61602 18955
61702 48882
61802 20332
61902 28491
62002 1622
62102 5474
62202 55626
62302 25234
62402 30180
62502 50017
62602 19516
62702 1193
62802 48869
62902 41647
63002 40567
63102 38015
63202 43304
63302 35946
63402 38622
63502 37575
63602 42001
63702 42706
63802 61398
63902 25950
64002 35254
64102 14956
64202 12119
64302 31246
64402 31045
64502 22048
64602 10637
64702 527
64802 43956
64902 64837
65002 59049
65102 18762
65202 53515
65302 30559
65402 37482
65502 58909
65602 57043
65702 20695
65802 1475
65902 14863
66002 58486
66102 20402
66202 35855
66302 57092
66402 6079
66502 45057
66602 37088
66702 56469
66802 63646
66902 16026
67002 50026
67102 60619
67202 21764
67302 59986
67402 14877
67502 45872
67602 17348
67702 8463
67802 62756
67902 18188
68002 13612
68102 16842
68202 10627
68302 10743
68402 39819
68502 33745
68602 57397
68702 23262
68802 58365
68902 57098
69002 11997
69102 52649
69202 8488
69302 2329
69402 205
69502 15372
69602 42915
69702 62802
69802 4886
69902 62138
70002 36238
70102 84
70202 13852
70302 44682
70402 40296
70502 14688
70602 43765
70702 10045
70802 48671
70902 13903
71002 35709
71102 48144
71202 61139
71302 50380
71402 6839
71502 24924
71602 57341
71702 34623
71802 40700
71902 19623
72002 2827
72102 64186
72202 40944
72302 46309
72402 30972
72502 35872
72602 24942
72702 61815
72802 55295
72902 3289
73002 1968
73102 50230
73202 24270
73302 31134
73402 3977
73502 9051
73602 62059
73702 5270
73802 63566
73902 54443
74002 48770
74102 13414
74202 39029
74302 61000
74402 21594
74502 7003
74602 2638
74702 31945
74802 21740
74902 418
75002 10004
75102 24743
75202 7646
75302 6583
75402 58469
75502 58846
75602 38166
75702 5663
75802 35076
75902 626
76002 59919
76102 44208
76202 10319
76302 49471
76402 5890
76502 33451
76602 59091
76702 46655
76802 24486
76902 64240
77002 54825
77102 5257
77202 41078
77302 38496
77402 5858
77502 29095
77602 8848
77702 54110
77802 27811
77902 12371
78002 58176
78102 39884
78202 65531
78302 42573
78402 27448
78502 22453
78602 43737
78702 19965
78802 21657
78902 2808
79002 12575
79102 36571
79202 53284
79302 1966
79402 3479
79502 13817
79602 28907
79702 40696
79802 7947
79902 61322
80002 40122
80102 45109
80202 23641
80302 61309
80402 13004
80502 60533
80602 60859
80702 62294
80802 59256
80902 3516
81002 45531
81102 26611
81202 61836
81302 17573
81402 15603
81502 2641
81602 15130
81702 44686
81802 20800
81902 46884
82002 21791
82102 19184
82202 7081
82302 45766
82402 50090
82502 19402
82602 58269
82702 40915
82802 52503
82902 64461
83002 65335
83102 38745
83202 14267
83302 1195
83402 32677
83502 62913
83602 15508
83702 26480
83802 50287
83902 29065
84002 12632
84102 62192
84202 64928
84302 34061
84402 39541
84502 16370
84602 20848
84702 57991
84802 47155
84902 14273
85002 20218
85102 43300
85202 48689
85302 19080
85402 65458
85502 16776
85602 19697
85702 46764
85802 17848
85902 59533
86002 9781
86102 46173
86202 48911
86302 49404
86402 53569
86502 64482
86602 62060
86702 45031
86802 17937
86902 23662
87002 42740
87102 18644
87202 39821
87302 42235
87402 24612
87502 829
87602 61089
87702 31744
87802 21532
87902 20995
88002 24901
88102 10964
88202 35491
88302 15724
88402 61453
88502 15402
88602 46173
88702 16669
88802 49133
88902 1605
89002 22900
89102 56385
89202 27591
89302 44207
89402 20967
89502 11360
89602 41322
89702 14875
89802 5441
89902 37439
90002 38464
90102 26797
