102 62065
202 23459
302 29480
402 4868
502 24071
602 5684
702 34970
802 20783
902 9085
1002 3793
1102 10816
1202 33615
1302 12188
1402 3873
1502 28987
1602 55520
1702 3638
1802 33875
1902 35431
2002 38097
2102 60546
2202 26594
2302 9379
2402 12984
2502 42725
2602 3165
2702 4244
2802 2004
2902 6934
3002 51348
3102 6884
3202 30759
3302 28556
3402 18284
3502 1008
3602 48975
3702 60764
3802 15544
3902 23151
4002 28444
4102 1374
4202 49572
4302 18907
4402 42535
4502 21740
4602 33458
4702 40451
4802 14164
4902 59882
5002 20950
5102 35233
5202 41292
5302 56013
5402 28925
5502 34532
5602 64958
5702 30950
5802 21510
5902 46834
6002 61229
6102 47735
6202 64976
6302 2028
6402 62719
6502 9797
6602 54305
6702 6841
6802 40011
6902 20728
7002 25474
7102 58648
7202 16312
7302 52589
7402 50032
7502 64013
7602 12234
7702 60339
7802 31746
7902 45326
8002 63021
8102 61320
8202 61007
8302 7763
8402 54720
8502 1086
8602 5336
8702 61472
8802 52742
8902 2088
9002 16589
9102 21480
9202 28816
9302 21622
9402 44264
9502 48161
9602 51534
9702 7614
9802 1865
9902 54265
10002 54399
10102 9043
10202 19823
10302 17727
10402 28686
10502 57589
10602 36635
10702 41269
10802 44502
10902 62622
11002 34804
11102 18765
11202 45680
11302 4799
11402 39271
11502 64278
11602 12305
11702 33919
11802 2748
11902 33632
12002 44475
12102 36752
12202 5336
12302 13822
12402 10336
12502 51940
12602 46373
12702 35716
12802 54204
12902 46450
13002 8469
13102 29064
13202 11798
13302 23501
13402 9712
13502 29859
13602 46689
13702 17320
13802 57404
13902 54557
14002 1570
14102 38355
14202 58523
14302 49896
14402 27567
14502 17458
14602 12833
14702 52036
14802 26749
14902 17066
15002 57176
15102 15476
15202 3800
15302 17352
15402 21440
15502 40357
15602 58035
15702 25441
15802 6463
15902 5519
16002 28820
16102 7750
16202 6747
16302 51516
16402 14978
16502 10870
16602 51196
16702 42251
16802 33872
16902 51335
17002 34340
17102 49830
17202 44506
17302 41017
17402 12283
17502 31401
17602 46626
17702 52415
17802 23763
17902 58896
18002 40771
18102 45684
18202 10907
18302 23471
18402 5945
18502 6473
18602 9163
18702 22172
18802 58629
18902 11932
19002 63802
19102 7946
19202 65297
19302 22238
19402 40253
19502 38436
19602 47366
19702 59652
19802 59991
19902 24923
20002 44587
20102 50577
20202 38726
20302 54717
20402 43332
20502 12060
20602 21704
20702 51113
20802 4191
20902 62832
21002 15592
21102 12920
21202 18209
21302 59809
21402 5832
21502 59889
21602 63547
21702 58846
21802 8685
21902 6682
22002 26307
22102 1111
22202 7095
22302 713
22402 61231
22502 34996
22602 45512
22702 34401
22802 23503
22902 51468
23002 50816
23102 21046
23202 20837
23302 32132
23402 9300
23502 39191
23602 32648
23702 35951
23802 23152
23902 40686
24002 43897
24102 62906
24202 59646
24302 55827
24402 59630
24502 7532
24602 20003
24702 38803
24802 18470
24902 46314
25002 21424
25102 46535
25202 44562
25302 16467
25402 42643
25502 42438
25602 12490
25702 56842
25802 10888
25902 125
26002 22091
26102 33509
26202 508
26302 5990
26402 64986
26502 32292
26602 15545
26702 15885
26802 10555
26902 23903
27002 16298
27102 16359
27202 18270
27302 47024
27402 40498
27502 40840
27602 26955
27702 12423
27802 39955
27902 9948
28002 20263
28102 39727
28202 25058
28302 10662
28402 6012
28502 10392
28602 9393
28702 8245
28802 44270
28902 22709
29002 1548
29102 49768
29202 62441
29302 62302
29402 38441
29502 34519
29602 7248
29702 63834
29802 26861
29902 39955
30002 21193
30102 41686
30202 21321
30302 59633
30402 52585
30502 10008
30602 50967
30702 10993
30802 12386
30902 44533
31002 7219
31102 64919
31202 63255
31302 60276
31402 28942
31502 2587
31602 63127
31702 46665
31802 53025
31902 10505
32002 14631
32102 14450
32202 17242
32302 14706
32402 3494
32502 6461
32602 13782
32702 47111
32802 30245
32902 63659
33002 14461
33102 4394
33202 58501
33302 53750
33402 33657
33502 52905
33602 21830
33702 31194
33802 29493
33902 24674
34002 10647
34102 38916
34202 44272
34302 31919
34402 63894
34502 45765
34602 1520
34702 34476
34802 5428
34902 12025
35002 52518
35102 12955
35202 41584
35302 53984
35402 56584
35502 31503
35602 5579
35702 48921
35802 37818
35902 18063
36002 52410
36102 22007
36202 40505
36302 28243
36402 18223
36502 364
36602 44521
36702 49942
36802 32065
36902 23280
37002 48487
37102 58405
37202 42350
37302 25674
37402 35363
37502 39789
37602 21066
37702 13917
37802 18357
37902 61952
38002 30168
38102 50121
38202 36731
38302 53238
38402 33144
38502 65490
38602 58928
38702 57759
38802 33646
38902 65129
39002 15363
39102 13495
39202 27224
39302 44823
39402 19244
39502 57641
39602 34351
39702 33067
39802 35772
39902 24539
40002 6349
40102 4844
40202 36109
40302 35216
40402 40895
40502 27406
40602 59015
40702 64601
40802 44576
40902 64789
41002 5590
41102 27150
41202 21683
41302 1916
41402 28672
41502 5208
41602 25157
41702 37647
41802 5861
41902 6664
42002 7525
42102 826
42202 55331
42302 37352
42402 13176
42502 3801
42602 63838
42702 38048
42802 44867
42902 11885
43002 9919
43102 5604
43202 29805
43302 5074
43402 46652
43502 46164
43602 40691
43702 34703
43802 62055
43902 8490
44002 5861
44102 15093
44202 58294
44302 41963
44402 8483
44502 55761
44602 16195
44702 22947
44802 24749
44902 55527
45002 3951
45102 60775
45202 61476
45302 25442
45402 13361
45502 56335
45602 13432
45702 31464
45802 2759
45902 42730
46002 60073
46102 22847
46202 4856
46302 43902
46402 28755
46502 8100
46602 5320
46702 60515
46802 28512
46902 51143
47002 4622
47102 21336
47202 7941
47302 848
47402 51331
47502 19338
47602 27621
47702 15223
47802 15116
47902 4914
48002 54425
48102 8790
48202 22310
48302 19925
48402 52294
48502 5437
48602 27993
48702 55861
48802 53815
48902 65338
49002 63252
49102 43854
49202 27221
49302 47968
49402 63665
49502 51476
49602 15031
49702 49239
49802 49883
49902 55786
50002 64865
50102 30120
50202 44283
50302 26527
50402 12027
50502 740
50602 24887
50702 38715
50802 20364
50902 7149
51002 11386
51102 26113
51202 19484
51302 13808
51402 54781
51502 50034
51602 12799
51702 28410
51802 9366
51902 24594
52002 44398
52102 42410
52202 45465
52302 40304
52402 57619
52502 29438
52602 20407
52702 13551
52802 31815
52902 33874
53002 20007
53102 8913
53202 33262
53302 59151
53402 54516
53502 58079
53602 15541
53702 20602
53802 5162
53902 6308
54002 46582
54102 50619
54202 13334
54302 48467
54402 11867
54502 35080
54602 46885
54702 39978
54802 64968
54902 23404
55002 26214
55102 16052
55202 19167
55302 35446
55402 60991
55502 60516
55602 40591
55702 16921
55802 50415
55902 19947
56002 35438
56102 3801
56202 21414
56302 3679
56402 30515
56502 33916
56602 14742
56702 26548
56802 35371
56902 51638
57002 46445
57102 29552
57202 21549
57302 30368
57402 30953
57502 41681
57602 53173
57702 43773
57802 41614
57902 46882
58002 14877
58102 28876
58202 2694
58302 24896
58402 38786
58502 64722
58602 18900
58702 56525
58802 24406
58902 34410
59002 13760
59102 46009
59202 63011
59302 2528
59402 55738
59502 62500
59602 45020
59702 4325
59802 36060
59902 639
60002 23973
60102 27886
60202 20966
60302 43048
60402 41480
60502 151
60602 43909
60702 62894
60802 49208
60902 36882
61002 47644
61102 59694
61202 18869
61302 28580
61402 1773
61502 20638
61602 36329
61702 24741
61802 44421
61902 20650
62002 11076
62102 46442
62202 4353
62302 50139
62402 48312
62502 49983
62602 58899
62702 10892
62802 52727
62902 62128
63002 26976
63102 50131
63202 64978
63302 52451
63402 23220
63502 24071
63602 31443
63702 55558
63802 20788
63902 12054
64002 63533
64102 38778
64202 40716
64302 6816
64402 52920
64502 12591
64602 63137
64702 42418
64802 6524
64902 10117
65002 52370
65102 47789
65202 26831
65302 28803
65402 28504
65502 12749
65602 52714
65702 44287
65802 58032
65902 39549
66002 46659
66102 60758
66202 30737
66302 33447
66402 55509
66502 41755
66602 65192
66702 24910
66802 61018
66902 50475
67002 9595
67102 3499
67202 2833
67302 17098
67402 45415
67502 216
67602 2189
67702 55291
67802 22683
67902 37491
68002 17680
68102 33713
68202 55741
68302 24315
68402 35220
68502 32068
68602 49489
68702 59423
68802 41719
68902 58598
69002 4206
69102 64817
69202 46368
69302 31422
69402 8979
69502 20142
69602 47162
69702 6506
69802 22960
69902 21356
70002 5897
70102 47064
70202 4848
70302 47653
70402 7621
70502 37605
70602 21848
70702 43327
70802 20965
70902 62736
71002 20722
71102 24000
71202 42134
71302 24400
71402 8289
71502 28706
71602 56371
71702 40828
71802 13506
71902 10735
72002 40320
72102 41631
72202 10018
72302 58175
72402 16489
72502 12876
72602 20137
72702 2698
72802 34562
72902 46683
73002 19905
73102 50296
73202 7661
73302 29456
73402 10489
73502 41376
73602 53734
73702 1496
73802 56610
73902 35994
74002 20457
74102 35133
74202 47171
74302 4116
74402 173
74502 30232
74602 39686
74702 1903
74802 9960
74902 57975
75002 29510
75102 47751
75202 3933
75302 21636
75402 10269
75502 13289
75602 13183
75702 29773
75802 38370
75902 7181
76002 10791
76102 4273
76202 45406
76302 6004
76402 46035
76502 18209
76602 38821
76702 11390
76802 31354
76902 31125
77002 56960
77102 6016
77202 43942
77302 7472
77402 17431
77502 61245
77602 55147
77702 9932
77802 25893
77902 9097
78002 42350
78102 23061
78202 55208
78302 34645
78402 31796
78502 10574
78602 57747
78702 6679
78802 44388
78902 62660
79002 40752
79102 39902
79202 1396
79302 20127
79402 46027
79502 57577
79602 7652
79702 25411
79802 5998
79902 25676
80002 121
80102 5442
80202 46683
80302 1804
80402 31741
80502 34897
80602 10804
80702 41210
80802 60635
80902 48303
81002 42459
81102 27770
81202 19697
81302 8506
81402 43817
81502 3184
81602 62485
81702 52622
81802 43930
81902 57630
82002 9347
82102 27285
82202 27957
82302 42844
82402 8760
82502 3645
82602 33461
82702 3679
82802 54504
82902 28747
83002 56275
83102 14412
83202 63225
83302 27559
83402 60963
83502 52903
83602 42196
83702 13237
83802 61703
83902 19165
84002 59578
84102 32381
84202 16436
84302 29106
84402 23348
84502 42668
84602 25181
84702 33349
84802 33716
84902 19201
85002 37947
85102 17195
85202 47418
85302 46522
85402 2610
85502 34792
85602 843
85702 46252
85802 15876
85902 59447
86002 9401
86102 44113
86202 12642
86302 6913
86402 14075
86502 6960
86602 16134
86702 18948
86802 28703
86902 10810
87002 12265
87102 47534
87202 56391
87302 26166
87402 34981
87502 11800
87602 55526
87702 12588
87802 8151
87902 33223
88002 8867
88102 1095
88202 31984
88302 32918
88402 56480
88502 56739
88602 37056
88702 9940
88802 43784
88902 595
89002 4769
89102 21645
89202 13004
89302 3103
89402 29083
89502 45942
89602 58873
89702 58155
89802 46630
89902 11499
90002 10870
90102 48179
