102 59229
202 42382
302 22819
402 29680
502 8779
602 13479
702 40233
802 36509
902 47800
1002 42665
1102 38864
1202 33014
1302 2176
1402 2865
1502 5632
1602 1301
1702 35486
1802 64000
1902 46251
2002 1069
2102 28274
2202 39346
2302 29330
2402 65530
2502 23749
2602 51213
2702 2297
2802 27625
2902 21575
3002 30905
3102 2541
3202 46656
3302 25810
3402 15419
3502 48258
3602 50555
3702 36437
3802 57928
3902 19530
4002 15639
4102 6022
4202 39086
4302 29114
4402 10572
4502 54615
4602 17980
4702 42285
4802 16160
4902 15427
5002 31538
5102 55031
5202 44871
5302 14095
5402 49789
5502 8484
5602 17341
5702 30713
5802 2224
5902 52502
6002 21315
6102 23465
6202 34075
6302 27577
6402 56050
6502 28642
6602 14878
6702 37376
6802 12193
6902 25364
7002 44266
7102 1730
7202 41637
7302 49619
7402 8711
7502 13075
7602 2673
7702 13185
7802 57053
7902 41074
8002 2670
8102 13345
8202 39165
8302 827
8402 55684
8502 44555
8602 13289
8702 2172
8802 22704
8902 8307
9002 52705
9102 44957
9202 4044
9302 1446
9402 15762
9502 23385
9602 60035
9702 30346
9802 46271
9902 12970
10002 13576
10102 19470
10202 39550
10302 55268
10402 32710
10502 36207
10602 47322
10702 5308
10802 47079
10902 42175
11002 42792
11102 13873
11202 4199
11302 28806
11402 31310
11502 28131
11602 37892
11702 13413
11802 4330
11902 18607
12002 52658
12102 3313
12202 57029
12302 43636
12402 10582
12502 47638
12602 59720
12702 47305
12802 1297
12902 62318
13002 12825
13102 3749
13202 31397
13302 21741
13402 4576
13502 54142
13602 23760
13702 21680
13802 20238
13902 14944
14002 53066
14102 20631
14202 23926
14302 46748
14402 12368
14502 9200
14602 9574
14702 13214
14802 56621
14902 19982
15002 39391
15102 21500
15202 58841
15302 30614
15402 18176
15502 12211
15602 6307
15702 61789
15802 23195
15902 59107
16002 62038
16102 65117
16202 22485
16302 59553
16402 14420
16502 64554
16602 51674
16702 37309
16802 62226
16902 19676
17002 9107
17102 10032
17202 12247
17302 53531
17402 15651
17502 21476
17602 2513
17702 31052
17802 23494
17902 7497
18002 51565
18102 27131
18202 15723
18302 16246
18402 5119
18502 17852
18602 53770
18702 11333
18802 45898
18902 22489
19002 47310
19102 45011
19202 52663
19302 57476
19402 35231
19502 52728
19602 59912
19702 50686
19802 11945
19902 31400
20002 42975
20102 35820
20202 32492
20302 29939
20402 61107
20502 28099
20602 3068
20702 17626
20802 10013
20902 27739
21002 5662
21102 18116
21202 38482
21302 1041
21402 49425
21502 53646
21602 51882
21702 29236
21802 13002
21902 2659
22002 34503
22102 55522
22202 10875
22302 21401
22402 19896
22502 43078
22602 46702
22702 44255
22802 60246
22902 7642
23002 61289
23102 60695
23202 44664
23302 12983
23402 45271
23502 20264
23602 342
23702 45020
23802 34409
23902 63459
24002 5674
24102 2881
24202 10117
24302 21713
24402 53052
24502 58610
24602 32342
24702 14980
24802 21088
24902 24075
25002 54740
25102 61268
25202 27478
25302 42673
25402 53412
25502 52378
25602 13808
25702 47092
25802 38008
25902 11434
26002 59310
26102 15939
26202 62385
26302 1866
26402 59580
26502 56637
26602 60433
26702 24424
26802 16502
26902 13649
27002 6220
27102 51442
27202 54458
27302 36441
27402 12709
27502 52499
27602 54508
27702 39954
27802 38271
27902 3473
28002 49221
28102 22716
28202 61710
28302 51120
28402 51311
28502 59150
28602 15256
28702 45875
28802 8196
28902 29357
29002 104
29102 58068
29202 39673
29302 49614
29402 2983
29502 57164
29602 9523
29702 242
29802 20272
29902 47080
30002 55393
30102 8712
30202 33190
30302 27827
30402 55524
30502 23712
30602 15839
30702 38045
30802 30444
30902 25152
31002 54545
31102 37585
31202 11747
31302 64876
31402 19209
31502 48114
31602 36700
31702 3763
31802 17925
31902 5141
32002 19758
32102 1015
32202 54160
32302 141
32402 37511
32502 61689
32602 41633
32702 39511
32802 10391
32902 60001
33002 50756
33102 34913
33202 18564
33302 20408
33402 48854
33502 57956
33602 55033
33702 2137
33802 47704
33902 37445
34002 26773
34102 3560
34202 17210
34302 57401
34402 35449
34502 25720
34602 36568
34702 34654
34802 27943
34902 41717
35002 21914
35102 1326
35202 6574
35302 63436
35402 39475
35502 36215
35602 26250
35702 25454
35802 46719
35902 1651
36002 15350
36102 2201
36202 24508
36302 30985
36402 27351
36502 60117
36602 61224
36702 59851
36802 15227
36902 4152
37002 61032
37102 33765
37202 28746
37302 53413
37402 31993
37502 35393
37602 15703
37702 5904
37802 55067
37902 4445
38002 26167
38102 32937
38202 35888
38302 2575
38402 19788
38502 31496
38602 41225
38702 16442
38802 48153
38902 22710
39002 38843
39102 50113
39202 27263
39302 40015
39402 55550
39502 8627
39602 22448
39702 47081
39802 18695
39902 5368
40002 41915
40102 28771
40202 36065
40302 53424
40402 45250
40502 41297
40602 54262
40702 52880
40802 31320
40902 61159
41002 6557
41102 28778
41202 36939
41302 17506
41402 16772
41502 21978
41602 51850
41702 33250
41802 51745
41902 4325
42002 64816
42102 36621
42202 61015
42302 61298
42402 55005
42502 31699
42602 43474
42702 29018
42802 57996
42902 16594
43002 19134
43102 56274
43202 59622
43302 40662
43402 32193
43502 11991
43602 17167
43702 60720
43802 25613
43902 45443
44002 62053
44102 39952
44202 6455
44302 2560
44402 4119
44502 64069
44602 2352
44702 39284
44802 15372
44902 23769
45002 4884
45102 39319
45202 15942
45302 62236
45402 61290
45502 23091
45602 56511
45702 43368
45802 30207
45902 59856
46002 31850
46102 6082
46202 25648
46302 29287
46402 9697
46502 5288
46602 59750
46702 17339
46802 35345
46902 58213
47002 13076
47102 36098
47202 54975
47302 2796
47402 14186
47502 28524
47602 63389
47702 64824
47802 45397
47902 1939
48002 62568
48102 50392
48202 61464
48302 58175
48402 51630
48502 53848
48602 1128
48702 31817
48802 30480
48902 58038
49002 48141
49102 6138
49202 33005
49302 5291
49402 21088
49502 33958
49602 46401
49702 49875
49802 45322
49902 4019
50002 17894
50102 63157
50202 9259
50302 36005
50402 4776
50502 1014
50602 51245
50702 23332
50802 4129
50902 47082
51002 54631
51102 22128
51202 24606
51302 12913
51402 44519
51502 58019
51602 48541
51702 48291
51802 44227
51902 50136
52002 31858
52102 49541
52202 16419
52302 457
52402 14278
52502 19981
52602 18280
52702 24814
52802 40551
52902 63678
53002 37753
53102 39035
53202 45347
53302 19891
53402 28811
53502 63215
53602 56136
53702 6979
53802 17267
53902 62429
54002 61143
54102 12103
54202 53496
54302 32842
54402 18922
54502 9498
54602 44461
54702 10905
54802 29417
54902 36352
55002 3229
55102 5563
55202 928
55302 20264
55402 12673
55502 20155
55602 9595
55702 26648
55802 14005
55902 8389
56002 32333
56102 33931
56202 28542
56302 11496
56402 48688
56502 46865
56602 208
56702 42743
56802 11025
56902 61614
57002 61737
57102 27671
57202 34649
57302 22057
57402 32732
57502 46638
57602 58291
57702 12831
57802 13362
57902 50245
58002 21197
58102 64652
58202 1960
58302 41227
58402 24290
58502 43838
58602 54487
58702 61242
58802 8872
58902 50610
59002 19230
59102 57210
59202 17824
59302 53262
59402 34117
59502 39756
59602 60432
59702 63851
59802 20338
59902 23629
60002 14160
60102 11258
60202 38792
60302 65045
60402 14333
60502 13084
60602 920
60702 21740
60802 5827
60902 4017
61002 21049
61102 47209
61202 44311
61302 47138
61402 9318
61502 11438
61602 8556
61702 27285
61802 48603
61902 57557
62002 57033
62102 29057
62202 57482
62302 27336
62402 59377
62502 60062
62602 44645
62702 47901
62802 31364
62902 35250
63002 26421
63102 15373
63202 23891
63302 26063
63402 19307
63502 8559
63602 42713
63702 12419
63802 38786
63902 11310
64002 16140
64102 52583
64202 46312
64302 4124
64402 40073
64502 47430
64602 26441
64702 9327
64802 50165
64902 35842
65002 23347
65102 30743
65202 64366
65302 40690
65402 50383
65502 35596
65602 56755
65702 33925
65802 54113
65902 19344
66002 48510
66102 14361
66202 1342
66302 47673
66402 34155
66502 34879
66602 419
66702 45717
66802 34093
66902 36177
67002 44968
67102 28245
67202 47545
67302 16393
67402 41923
67502 34446
67602 24170
67702 39480
67802 15613
67902 32902
68002 50421
68102 6383
68202 13038
68302 22775
68402 63227
68502 11362
68602 36456
68702 41945
68802 50435
68902 37996
69002 60950
69102 31274
69202 47357
69302 53137
69402 18590
69502 12204
69602 42595
69702 28222
69802 64435
69902 30493
70002 40134
70102 19413
70202 24579
70302 50797
70402 10443
70502 34078
70602 34766
70702 51752
70802 32406
70902 27305
71002 660
71102 27535
71202 17812
71302 17214
71402 8683
71502 8617
71602 8902
71702 37259
71802 48294
71902 6340
72002 7221
72102 28215
72202 20025
72302 227
72402 31630
72502 16134
72602 61989
72702 51084
72802 35846
72902 24777
73002 59302
73102 41655
73202 54919
73302 4458
73402 53006
73502 7315
73602 12090
73702 49759
73802 63457
73902 53933
74002 10099
74102 10426
74202 24611
74302 1447
74402 36424
74502 62161
74602 14530
74702 31162
74802 31345
74902 11600
75002 18978
75102 10662
75202 34880
75302 4869
75402 45923
75502 6230
75602 46436
75702 55991
75802 13280
75902 39137
76002 47077
76102 14394
76202 26091
76302 34767
76402 7975
76502 49209
76602 37935
76702 31183
76802 24449
76902 12937
77002 4235
77102 31929
77202 29621
77302 11619
77402 4111
77502 11315
77602 52470
77702 1013
77802 35433
77902 36783
78002 6358
78102 36233
78202 58510
78302 48381
78402 50237
78502 36550
78602 58568
78702 17093
78802 65497
78902 64776
79002 41318
79102 48878
79202 18042
79302 7014
79402 25752
79502 6037
79602 60841
79702 38394
79802 29531
79902 27638
80002 14679
80102 9692
80202 28952
80302 1114
80402 3048
80502 944
80602 51469
80702 18436
80802 36586
80902 44679
81002 51664
81102 7662
81202 5402
81302 32218
81402 5216
81502 33810
81602 14302
81702 5313
81802 20383
81902 63341
82002 27848
82102 46411
82202 35403
82302 46240
82402 15153
82502 46048
82602 13417
82702 40869
82802 50102
82902 29488
83002 55843
83102 41940
83202 16952
83302 43659
83402 51372
83502 42409
83602 6149
83702 5849
83802 47847
83902 38104
84002 6044
84102 4383
84202 50665
84302 37802
84402 3310
84502 7499
84602 30490
84702 14191
84802 2826
84902 31522
85002 38812
85102 29376
85202 8063
85302 41485
85402 63482
85502 49309
85602 63273
85702 62017
85802 19793
85902 14411
86002 65230
86102 21069
86202 54192
86302 15504
86402 13347
86502 14846
86602 33814
86702 54420
86802 2766
86902 43215
87002 56478
87102 45407
87202 4024
87302 46861
87402 10969
87502 1973
87602 39433
87702 15759
87802 30856
87902 9367
88002 19578
88102 32281
88202 51527
88302 11425
88402 24431
88502 1376
88602 27328
88702 51813
88802 27390
88902 39577
89002 22084
89102 59051
89202 45376
89302 13463
89402 57493
89502 3700
89602 21183
89702 53446
89802 30642
89902 42125
90002 16906
90102 51265
