102 13933
202 36303
302 8304
402 16590
502 6093
602 32130
702 44739
802 12539
902 27339
1002 34037
1102 25292
1202 40114
1302 31100
1402 14238
1502 44630
1602 10806
1702 62977
1802 47247
1902 13112
2002 17491
2102 22971
2202 30056
2302 10030
2402 48141
2502 64156
2602 55314
2702 7065
2802 543
2902 35369
3002 49754
3102 63610
3202 15294
3302 25258
3402 26870
3502 43852
3602 56587
3702 16193
3802 12579
3902 34017
4002 43424
4102 52757
4202 48791
4302 58044
4402 33905
4502 53044
4602 11826
4702 60536
4802 38428
4902 9416
5002 31214
5102 8223
5202 42997
5302 3287
5402 46561
5502 36480
5602 9710
5702 35872
5802 54650
5902 50822
6002 52957
6102 46559
6202 44177
6302 51264
6402 60749
6502 54481
6602 39628
6702 30232
6802 61890
6902 15395
7002 45973
7102 39644
7202 25679
7302 36206
7402 49994
7502 46710
7602 16422
7702 47159
7802 12088
7902 2893
8002 60399
8102 31983
8202 2792
8302 3230
8402 44185
8502 25737
8602 46679
8702 1105
8802 21379
8902 17183
9002 30241
9102 14399
9202 49494
9302 33149
9402 36468
9502 25676
9602 64605
9702 32625
9802 47646
9902 60337
10002 59464
10102 22337
