102 59229
202 29358
302 39377
402 48889
502 6709
602 54492
702 26918
802 46663
902 47863
1002 32800
1102 4543
1202 41367
1302 47830
1402 44823
1502 21947
1602 24762
1702 64576
1802 30856
1902 52482
2002 3697
2102 61949
2202 14420
2302 3076
2402 14493
2502 51293
2602 36469
2702 45913
2802 50641
2902 661
3002 16837
3102 31131
3202 21532
3302 19635
3402 60710
3502 36406
3602 2551
3702 27935
3802 53002
3902 32881
4002 4412
4102 22815
4202 904
4302 22082
4402 14750
4502 1245
4602 55986
4702 7605
4802 37210
4902 57415
5002 5558
5102 132
5202 59418
5302 8408
5402 46145
5502 25833
5602 35238
5702 59484
5802 20173
5902 18843
6002 40523
6102 32966
6202 21753
6302 41192
6402 63969
6502 43844
6602 61840
6702 58640
6802 15952
6902 55086
7002 51439
7102 36214
7202 44023
7302 41754
7402 43454
7502 50301
7602 3911
7702 5384
7802 42705
7902 17700
8002 43903
8102 61079
8202 64376
8302 32170
8402 57952
8502 2322
8602 15432
8702 6353
8802 24132
8902 29876
9002 13962
9102 30956
9202 50225
9302 37042
9402 5258
9502 17057
9602 33327
9702 11779
9802 44023
9902 34495
10002 53838
10102 30227
10202 46819
10302 11754
10402 25746
10502 32466
10602 24640
10702 25971
10802 35549
10902 46973
11002 3742
11102 20132
11202 50732
11302 60646
11402 36969
11502 22129
11602 23139
11702 18843
11802 43699
11902 37464
12002 26757
12102 59668
12202 33448
12302 16263
12402 21000
12502 23297
12602 39642
12702 39792
12802 11731
12902 7584
13002 49753
13102 39873
13202 25714
13302 28418
13402 56835
13502 12784
13602 40054
13702 52675
13802 34772
13902 39050
14002 437
14102 41699
14202 57052
14302 51810
14402 41923
14502 17401
14602 1696
14702 33890
14802 25268
14902 52663
15002 30403
15102 7609
15202 62012
15302 62136
15402 37651
15502 21868
15602 6739
15702 45464
15802 11550
15902 31494
16002 26
16102 24511
16202 64545
16302 12818
16402 7671
16502 4126
16602 46938
16702 3098
16802 12968
16902 55263
17002 46564
17102 59816
17202 36970
17302 20711
17402 64479
17502 20746
17602 57507
17702 28515
17802 62651
17902 42394
18002 3597
18102 52904
18202 41939
18302 5801
18402 7843
18502 34097
18602 29045
18702 40779
18802 44976
18902 5087
19002 1377
19102 12983
19202 53980
19302 46963
19402 44442
19502 57229
19602 65451
19702 18035
19802 5473
19902 32148
20002 59123
20102 64273
20202 25310
20302 53856
20402 45717
20502 52750
20602 24444
20702 27242
20802 30322
20902 12440
21002 13143
21102 12126
21202 55205
21302 25002
21402 46052
21502 32965
21602 14815
21702 24244
21802 54227
21902 45733
22002 54172
22102 13638
22202 48411
22302 131
22402 12861
22502 24600
22602 2728
22702 17724
22802 42451
22902 57889
23002 43140
23102 22183
23202 30288
23302 24480
23402 17909
23502 63730
23602 46755
23702 60643
23802 24154
23902 22438
24002 28045
24102 51125
24202 12832
24302 37959
24402 35659
24502 30573
24602 22873
24702 9139
24802 9781
24902 13482
25002 63770
25102 8595
25202 41593
25302 10515
25402 60134
25502 5196
25602 45656
25702 52840
25802 21556
25902 34647
26002 32874
26102 26655
26202 42435
26302 20918
26402 5815
26502 12323
26602 32904
26702 4634
26802 39207
26902 16188
27002 64019
27102 35709
27202 7926
27302 13971
27402 55857
27502 64703
27602 18474
27702 15025
27802 15886
27902 61869
28002 38904
28102 64616
28202 18726
28302 62645
28402 38914
28502 25223
28602 55534
28702 20845
28802 48102
28902 64380
29002 41267
29102 2028
29202 64654
29302 63427
29402 54545
29502 37246
29602 34375
29702 49034
29802 42818
29902 57169
30002 38185
30102 9793
30202 27035
30302 12060
30402 49549
30502 25024
30602 62189
30702 51549
30802 62674
30902 5955
31002 8473
31102 44470
31202 9657
31302 50923
31402 58770
31502 45674
31602 2180
31702 45905
31802 16358
31902 54058
32002 38601
32102 52768
32202 58144
32302 2181
32402 28473
32502 31764
32602 36164
32702 39153
32802 58912
32902 49614
33002 63778
33102 40018
33202 17916
33302 9869
33402 53032
33502 2934
33602 19223
33702 45880
33802 45089
33902 28750
34002 15138
34102 17002
34202 20283
34302 57185
34402 60281
34502 59666
34602 4787
34702 36143
34802 36189
34902 32975
35002 61787
35102 3647
35202 7697
35302 64146
35402 2967
35502 39762
35602 1771
35702 8376
35802 57675
35902 5599
36002 39267
36102 55845
36202 6614
36302 64198
36402 63550
36502 54043
36602 42738
36702 5654
36802 5174
36902 28739
37002 39129
37102 43510
37202 52280
37302 14453
37402 46202
37502 55534
37602 24416
37702 23717
37802 34490
37902 15554
38002 58883
38102 8738
38202 43874
38302 15733
38402 31264
38502 57445
38602 26155
38702 21850
38802 11724
38902 15804
39002 65026
39102 19127
39202 63176
39302 15388
39402 9546
39502 21841
39602 4141
39702 23440
39802 20867
39902 32920
40002 34858
40102 34811
40202 47639
40302 2936
40402 49875
40502 53266
40602 16251
40702 26453
40802 30179
40902 30136
41002 10358
41102 50107
41202 9230
41302 25670
41402 35960
41502 19040
41602 56517
41702 16570
41802 33100
41902 21336
42002 53191
42102 29135
42202 35534
42302 13246
42402 53278
42502 41368
42602 58705
42702 9629
42802 46050
42902 28846
43002 37409
43102 7731
43202 1496
43302 39779
43402 63421
43502 59164
43602 52555
43702 8334
43802 54
43902 37293
44002 50077
44102 49703
44202 44490
44302 59100
44402 40780
44502 27063
44602 55620
44702 27650
44802 22205
44902 26785
45002 21659
45102 49310
45202 39712
45302 45335
45402 49169
45502 38968
45602 9690
45702 49714
45802 23650
45902 4117
46002 37597
46102 12162
46202 51668
46302 27631
46402 52207
46502 60414
46602 37735
46702 26798
46802 41766
46902 27773
47002 21408
47102 43548
47202 54898
47302 51346
47402 60473
47502 22190
47602 682
47702 20598
47802 60786
47902 23422
48002 20943
48102 14368
48202 16550
48302 23553
48402 28713
48502 1900
48602 42667
48702 64004
48802 32497
48902 22647
49002 20529
49102 1153
49202 53013
49302 35223
49402 24722
49502 3708
49602 56664
49702 61902
49802 1301
49902 32108
50002 21103
50102 45497
50202 50536
50302 25326
50402 40548
50502 24436
50602 7396
50702 5321
50802 61042
50902 41000
51002 21355
51102 2312
51202 64772
51302 9938
51402 7204
51502 25684
51602 33469
51702 61664
51802 48706
51902 20835
52002 54128
52102 38312
52202 47665
52302 11685
52402 24197
52502 10436
52602 20829
52702 16217
52802 49125
52902 22974
53002 35113
53102 30583
53202 3596
53302 40869
53402 58591
53502 47255
53602 7655
53702 53773
53802 19051
53902 51803
54002 18675
54102 59227
54202 16313
54302 46411
54402 25065
54502 25363
54602 34001
54702 28657
54802 60741
54902 44874
55002 51167
55102 62049
55202 7381
55302 12027
55402 56012
55502 11162
55602 2391
55702 31013
55802 1960
55902 31967
56002 9588
56102 57567
56202 49471
56302 6119
56402 44918
56502 63396
56602 42603
56702 46854
56802 30316
56902 43573
57002 23003
57102 44663
57202 45247
57302 28759
57402 58138
57502 43435
57602 34395
57702 11593
57802 61657
57902 25217
58002 41544
58102 41875
58202 54909
58302 51857
58402 64614
58502 20341
58602 44609
58702 44787
58802 3517
58902 3440
59002 7143
59102 10711
59202 41065
59302 1045
59402 11371
59502 9197
59602 61477
59702 41251
59802 42229
59902 4998
60002 36392
60102 64451
60202 58700
60302 18491
60402 8523
60502 64968
60602 59014
60702 44212
60802 56547
60902 40319
61002 40579
61102 28317
61202 30735
61302 34190
61402 37722
61502 3306
61602 26228
61702 14889
61802 60042
61902 9161
62002 39195
62102 2677
62202 1304
62302 50623
62402 51728
62502 29896
62602 8054
62702 57123
62802 8203
62902 10972
63002 29320
63102 64368
63202 23443
63302 21106
63402 32346
63502 51587
63602 50632
63702 3721
63802 58357
63902 42658
64002 11322
64102 23618
64202 59267
64302 60905
64402 10668
64502 21816
64602 52854
64702 49000
64802 32206
64902 3739
65002 13251
65102 8599
65202 7951
65302 43029
65402 64241
65502 49893
65602 40842
65702 700
65802 15739
65902 6092
66002 27339
66102 242
66202 11855
66302 1874
66402 11072
66502 42631
66602 3746
66702 9068
66802 31691
66902 47389
67002 41717
67102 9820
67202 22533
67302 23629
67402 55583
67502 61521
67602 64814
67702 41225
67802 5297
67902 22023
68002 23440
68102 50155
68202 31899
68302 23747
68402 1576
68502 9310
68602 12790
68702 47199
68802 8624
68902 25874
69002 15087
69102 32775
69202 851
69302 43893
69402 23744
69502 64477
69602 23238
69702 3980
69802 772
69902 6882
70002 45632
70102 32934
70202 28507
70302 62100
70402 52928
70502 57663
70602 35981
70702 29849
70802 47866
70902 45880
71002 39888
71102 44882
71202 45563
71302 28101
71402 61694
71502 11908
71602 35827
71702 24230
71802 61593
71902 55872
72002 58073
72102 12366
72202 726
72302 21091
72402 7301
72502 29861
72602 51554
72702 34649
72802 54386
72902 35737
73002 35224
73102 51523
73202 63023
73302 33535
73402 28505
73502 2300
73602 29133
73702 49646
73802 56935
73902 3422
74002 39500
74102 8913
74202 14939
74302 58770
74402 43043
74502 33898
74602 6776
74702 13042
74802 60236
74902 51418
75002 27887
75102 11704
75202 44848
75302 32725
75402 44400
75502 10362
75602 12466
75702 3631
75802 22501
75902 56125
76002 14744
76102 42681
76202 1858
76302 12685
76402 54918
76502 54023
76602 1409
76702 46868
76802 37789
76902 53559
77002 38345
77102 13875
77202 8814
77302 19616
77402 39579
77502 19826
77602 62093
77702 25346
77802 55561
77902 49872
78002 25218
78102 24790
78202 39401
78302 28313
78402 12462
78502 37323
78602 62199
78702 35148
78802 43778
78902 52555
79002 434
79102 60186
79202 42781
79302 37281
79402 536
79502 4363
79602 34116
79702 17399
79802 8679
79902 58898
80002 34031
80102 31550
80202 38684
80302 10128
80402 15874
80502 44504
80602 19403
80702 8044
80802 55765
80902 12981
81002 31320
81102 11352
81202 1272
81302 54349
81402 20906
81502 42490
81602 13647
81702 58898
81802 27308
81902 30700
82002 51154
82102 42558
82202 32884
82302 46773
82402 25450
82502 33834
82602 23391
82702 8750
82802 39064
82902 20485
83002 32401
83102 6170
83202 49808
83302 22586
83402 33558
83502 48077
83602 24698
83702 56045
83802 51933
83902 23914
84002 48633
84102 59367
84202 59445
84302 5031
84402 44495
84502 41375
84602 61702
84702 2392
84802 8432
84902 24403
85002 11921
85102 33419
85202 12995
85302 58600
85402 27847
85502 16295
85602 44091
85702 22808
85802 47064
85902 16668
86002 55973
86102 32681
86202 47011
86302 24815
86402 15128
86502 22553
86602 42476
86702 6802
86802 33838
86902 716
87002 14562
87102 34702
87202 36581
87302 46090
87402 10508
87502 13919
87602 40362
87702 35255
87802 40506
87902 35731
88002 35755
88102 27499
88202 60404
88302 16402
88402 7109
88502 43346
88602 35806
88702 6155
88802 50359
88902 34900
89002 58494
89102 55764
89202 18119
89302 41044
89402 574
89502 24330
89602 36666
89702 40923
89802 25691
89902 19317
90002 17622
90102 34777
