102 26814
202 42595
302 35343
402 61960
502 17905
602 28655
702 59521
802 27665
902 24378
1002 12687
1102 16467
1202 44100
1302 17298
1402 50856
1502 22744
1602 56537
1702 6199
1802 26449
1902 42650
2002 36003
2102 34673
2202 16097
2302 22162
2402 41245
2502 49115
2602 51919
2702 8206
2802 42973
2902 64338
3002 44940
3102 45308
3202 31179
3302 42527
3402 22699
3502 36872
3602 7057
3702 2867
3802 50174
3902 64308
4002 37238
4102 28408
4202 28425
4302 12673
4402 21163
4502 13575
4602 39525
4702 532
4802 55971
4902 47412
5002 32521
5102 45652
5202 7621
5302 42423
5402 43029
5502 41477
5602 31268
5702 17787
5802 65181
5902 55157
6002 52360
6102 33182
6202 31699
6302 36626
6402 32437
6502 54309
6602 18
6702 41694
6802 24674
6902 34024
7002 52619
7102 37804
7202 41307
7302 57057
7402 12905
7502 47306
7602 11796
7702 42970
7802 12844
7902 62067
8002 14571
8102 23269
8202 31080
8302 27620
8402 49407
8502 26322
8602 60529
8702 63400
8802 49435
8902 37576
9002 59399
9102 42666
9202 17147
9302 37965
9402 19687
9502 36778
9602 31599
9702 17433
9802 49117
9902 20354
10002 59193
10102 994
10202 59716
10302 41364
10402 40691
10502 63284
10602 3394
10702 3846
10802 30498
10902 52970
11002 51542
11102 45458
11202 32289
11302 4337
11402 45101
11502 7412
11602 33556
11702 3058
11802 56864
11902 26646
12002 18342
12102 53620
12202 63206
12302 41007
12402 50956
12502 194
12602 8989
12702 9063
12802 63541
12902 46318
13002 850
13102 28672
13202 35095
13302 65206
13402 31007
13502 14742
13602 21695
13702 57915
13802 57634
13902 53938
14002 2282
14102 3970
14202 13151
14302 44584
14402 12600
14502 44276
14602 27834
14702 27340
14802 26084
14902 48055
15002 17494
15102 18505
15202 49678
15302 56335
15402 61482
15502 28524
15602 50883
15702 48990
15802 38609
15902 40787
16002 45898
16102 54141
16202 9091
16302 57988
16402 65206
16502 43384
16602 65227
16702 41693
16802 27739
16902 57797
17002 6118
17102 33068
17202 44406
17302 1373
17402 57213
17502 22408
17602 39411
17702 43533
17802 64339
17902 49739
18002 24454
18102 65308
18202 8023
18302 57925
18402 38673
18502 32940
18602 65059
18702 59025
18802 47662
18902 15433
19002 56348
19102 42263
19202 11647
19302 4147
19402 57820
19502 26538
19602 37056
19702 53804
19802 47063
19902 34529
20002 6342
20102 3446
20202 57727
20302 19659
20402 15127
20502 50137
20602 65102
20702 35744
20802 6908
20902 10126
21002 24515
21102 27005
21202 64839
21302 4346
21402 36541
21502 24786
21602 43437
21702 41845
21802 42225
21902 16636
22002 32479
22102 3502
22202 1504
22302 56605
22402 2845
22502 64602
22602 26065
22702 65187
22802 13275
22902 36138
23002 44409
23102 29927
23202 32453
23302 8030
23402 11818
23502 37759
23602 12719
23702 58715
23802 46146
23902 13290
24002 6940
24102 32906
24202 38049
24302 60576
24402 31341
24502 7104
24602 18073
24702 6077
24802 43867
24902 18106
25002 43089
25102 9026
25202 6747
25302 56649
25402 28041
25502 55547
25602 50191
25702 39954
25802 18373
25902 10442
26002 26148
26102 42929
26202 20695
26302 53492
26402 39557
26502 44934
26602 14148
26702 41951
26802 4675
26902 36750
27002 9868
27102 9420
27202 28717
27302 51410
27402 7576
27502 54145
27602 506
27702 46281
27802 25598
27902 22723
28002 38455
28102 41745
28202 64731
28302 20368
28402 934
28502 17634
28602 11170
28702 36868
28802 14450
28902 51677
29002 6819
29102 61118
29202 27319
29302 56592
29402 41433
29502 61101
29602 8630
29702 17061
29802 25983
29902 33507
30002 38316
30102 65318
30202 58766
30302 44909
30402 36312
30502 52114
30602 14356
30702 21626
30802 1043
30902 53397
31002 2556
31102 21757
31202 29875
31302 65178
31402 8163
31502 64399
31602 40105
31702 57315
31802 12531
31902 21608
32002 41494
32102 6083
32202 28447
32302 64809
32402 55820
32502 60008
32602 40974
32702 2324
32802 14384
32902 8271
33002 13540
33102 16071
33202 21784
33302 44752
33402 34730
33502 53043
33602 10598
33702 20549
33802 14239
33902 43523
34002 57414
34102 45283
34202 51148
34302 17670
34402 51987
34502 31683
34602 21151
34702 46751
34802 19305
34902 55873
35002 17870
35102 16903
35202 18407
35302 32049
35402 26429
35502 8105
35602 53436
35702 9349
35802 39704
35902 48910
36002 7073
36102 59109
36202 62881
36302 46480
36402 17532
36502 53660
36602 42360
36702 41782
36802 33610
36902 65401
37002 5120
37102 60970
37202 62868
37302 10416
37402 37180
37502 29183
37602 31158
37702 45931
37802 20282
37902 14007
38002 39220
38102 48131
38202 51087
38302 17274
38402 30506
38502 9183
38602 17136
38702 14935
38802 15307
38902 322
39002 40459
39102 32359
39202 5925
39302 51857
39402 50958
39502 47248
39602 442
39702 62536
39802 59788
39902 45526
40002 34870
40102 17689
40202 12285
40302 24834
40402 3894
40502 8227
40602 27743
40702 8801
40802 31772
40902 6418
41002 57807
41102 48727
41202 47034
41302 50874
41402 63107
41502 34478
41602 58434
41702 773
41802 31985
41902 61031
42002 41302
42102 46763
42202 35081
42302 50719
42402 37467
42502 14236
42602 36089
42702 40516
42802 55051
42902 44219
43002 57593
43102 57434
43202 11315
43302 5310
43402 58930
43502 35112
43602 463
43702 39181
43802 32769
43902 36231
44002 25999
44102 31802
44202 32411
44302 24965
44402 25012
44502 64519
44602 60501
44702 29309
44802 11801
44902 35520
45002 16800
45102 51128
45202 17396
45302 26457
45402 46357
45502 5311
45602 41651
45702 59935
45802 1147
45902 50444
46002 40619
46102 37075
46202 22904
46302 52058
46402 21877
46502 38481
46602 45513
46702 28819
46802 770
46902 38887
47002 4698
47102 26757
47202 2505
47302 44414
47402 12914
47502 41261
47602 35591
47702 61015
47802 8739
47902 51009
48002 28206
48102 4800
48202 46705
48302 2955
48402 44799
48502 38099
48602 58893
48702 14660
48802 6570
48902 2542
49002 63870
49102 591
49202 60677
49302 59602
49402 13852
49502 17496
49602 41615
49702 11769
49802 59087
49902 29649
50002 57458
50102 14646
50202 17743
50302 39390
50402 23090
50502 10240
50602 13119
50702 50293
50802 36928
50902 40069
51002 12535
51102 59516
51202 32141
51302 30381
51402 8494
51502 12206
51602 32623
51702 56301
51802 59835
51902 33721
52002 50499
52102 35471
52202 21495
52302 48950
52402 24992
52502 8523
52602 38512
52702 3028
52802 52360
52902 3060
53002 18594
53102 23965
53202 257
53302 61079
53402 54991
53502 50890
53602 58065
53702 20622
53802 39897
53902 50950
54002 26140
54102 45731
54202 14681
54302 2739
54402 23756
54502 47741
54602 53999
54702 10781
54802 52738
54902 23869
55002 58660
55102 46419
55202 26959
55302 20910
55402 32086
55502 63018
55602 29524
55702 6493
55802 8114
55902 43637
56002 25269
56102 31469
56202 8517
56302 44908
56402 45147
56502 24160
56602 52233
56702 30990
56802 40587
56902 59076
57002 63360
57102 41258
57202 19915
57302 25627
57402 17690
57502 51558
57602 49207
57702 16153
57802 42038
57902 22992
58002 11967
58102 31167
58202 21991
58302 44089
58402 5935
58502 2997
58602 11860
58702 17813
58802 30308
58902 20231
59002 20248
59102 3643
59202 51318
59302 36864
59402 33698
59502 46854
59602 15835
59702 46866
59802 37691
59902 37962
60002 14438
60102 43484
60202 31518
60302 33045
60402 17772
60502 24302
60602 13959
60702 9549
60802 24683
60902 51033
61002 46079
61102 1209
61202 37500
61302 44518
61402 28084
61502 50458
61602 44072
61702 36802
61802 43249
61902 14148
62002 16362
62102 49708
62202 54191
62302 4929
62402 29275
62502 26646
62602 49118
62702 3266
62802 34160
62902 53538
63002 4481
63102 37813
63202 13454
63302 48004
63402 59822
63502 28691
63602 47885
63702 20600
63802 17289
63902 12430
64002 50823
64102 8595
64202 2130
64302 51032
64402 20342
64502 61965
64602 50583
64702 53550
64802 16675
64902 22967
65002 8645
65102 64
65202 46461
65302 22178
65402 61829
65502 30201
65602 16237
65702 21836
65802 12492
65902 18580
66002 64883
66102 22967
66202 59693
66302 42468
66402 41708
66502 44048
66602 42395
66702 16020
66802 5252
66902 7898
67002 7167
67102 32631
67202 53883
67302 11928
67402 38866
67502 6300
67602 58981
67702 23924
67802 22301
67902 54777
68002 34717
68102 31012
68202 63382
68302 64933
68402 50766
68502 36856
68602 56030
68702 44531
68802 37859
68902 9764
69002 21378
69102 59765
69202 46722
69302 56822
69402 20537
69502 27525
69602 42957
69702 41160
69802 40901
69902 8848
70002 1068
70102 20359
70202 27659
70302 2278
70402 50436
70502 50005
70602 9727
70702 44216
70802 8335
70902 54076
71002 51544
71102 12394
71202 21994
71302 65467
71402 27807
71502 21433
71602 64795
71702 27441
71802 26575
71902 27972
72002 17064
72102 37393
72202 40964
72302 64048
72402 34294
72502 50907
72602 27862
72702 28464
72802 25439
72902 33199
73002 25254
73102 51691
73202 57416
73302 14140
73402 15992
73502 61275
73602 50869
73702 15910
73802 41449
73902 16214
74002 29808
74102 56609
74202 28741
74302 35546
74402 58816
74502 60373
74602 14759
74702 38124
74802 52523
74902 18979
75002 52100
75102 41373
75202 51002
75302 23354
75402 44526
75502 21134
75602 57004
75702 59247
75802 58511
75902 46138
76002 25054
76102 47755
76202 7368
76302 3894
76402 31583
76502 33009
76602 34688
76702 54258
76802 60485
76902 3542
77002 52314
77102 49316
77202 101
77302 64637
77402 47259
77502 24778
77602 52977
77702 44761
77802 27941
77902 2593
78002 33451
78102 21836
78202 54131
78302 20432
78402 64244
78502 21065
78602 52133
78702 60306
78802 24117
78902 12158
79002 12265
79102 41538
79202 13094
79302 62850
79402 3263
79502 45545
79602 58888
79702 24484
79802 61871
79902 10080
80002 44732
80102 56187
80202 21100
80302 60981
80402 20726
80502 46478
80602 34199
80702 26250
80802 36085
80902 54977
81002 29211
81102 19008
81202 21198
81302 34710
81402 51040
81502 26352
81602 5832
81702 26780
81802 862
81902 48130
82002 50586
82102 4454
82202 456
82302 14708
82402 23782
82502 20304
82602 35072
82702 771
82802 1435
82902 43853
83002 44719
83102 32796
83202 55991
83302 28430
83402 14737
83502 9358
83602 28490
83702 253
83802 56452
83902 14686
84002 41287
84102 21817
84202 27462
84302 36423
84402 10827
84502 43457
84602 16510
84702 8217
84802 18278
84902 45057
85002 61217
85102 13242
85202 21465
85302 47529
85402 2245
85502 41084
85602 64685
85702 2398
85802 956
85902 41720
86002 57297
86102 4282
86202 15875
86302 44518
86402 53728
86502 28562
86602 2049
86702 26395
86802 42652
86902 60824
87002 29949
87102 56234
87202 42358
87302 64747
87402 13225
87502 41465
87602 38457
87702 44263
87802 62019
87902 17631
88002 38679
88102 31009
88202 26029
88302 5438
88402 54388
88502 62282
88602 38292
88702 37565
88802 32397
88902 54421
89002 12975
89102 54360
89202 41956
89302 19797
89402 41860
89502 57654
89602 5745
89702 18840
89802 10132
89902 50745
90002 47127
90102 64991
