102 28994
202 12400
302 41278
402 30422
502 62249
602 30813
702 63946
802 60574
902 25785
1002 64571
1102 56171
1202 38553
1302 37236
1402 6736
1502 11375
1602 65096
1702 4187
1802 23130
1902 18967
2002 35510
2102 44420
2202 13986
2302 27736
2402 2740
2502 59406
2602 13758
2702 54682
2802 22001
2902 41960
3002 38447
3102 13147
3202 19005
3302 37641
3402 29553
3502 10414
3602 27033
3702 1414
3802 60011
3902 54076
4002 61989
4102 32098
4202 54284
4302 45374
4402 50736
4502 65081
4602 15657
4702 25390
4802 52305
4902 40959
5002 23960
5102 7099
5202 52764
5302 28499
5402 56587
5502 44610
5602 7998
5702 7422
5802 52761
5902 24734
6002 44136
6102 59455
6202 11861
6302 32547
6402 64133
6502 19699
6602 23892
6702 40091
6802 26691
6902 12229
7002 61537
7102 27103
7202 35419
7302 36341
7402 9193
7502 246
7602 6793
7702 57389
7802 33643
7902 54931
8002 18310
8102 50664
8202 53893
8302 50724
8402 15749
8502 45153
8602 29272
8702 38507
8802 6402
8902 27500
9002 50943
9102 11494
9202 56194
9302 17490
9402 20589
9502 21021
9602 62792
9702 24787
9802 63981
9902 44358
10002 43820
10102 50036
10202 25864
10302 15719
10402 60092
10502 20711
10602 56959
10702 59486
10802 31925
10902 60707
11002 5611
11102 39971
11202 4779
11302 600
11402 8629
11502 63833
11602 63164
11702 27738
11802 13658
11902 50380
12002 51821
12102 36424
12202 38958
12302 28819
12402 9010
12502 52075
12602 10199
12702 24764
12802 32887
12902 23459
13002 39119
13102 20037
13202 57490
13302 23549
13402 376
13502 1043
13602 39636
13702 56296
13802 35772
13902 10333
14002 17895
14102 3707
14202 1710
14302 979
14402 19979
14502 30854
14602 35487
14702 50631
14802 46606
14902 36164
15002 60528
15102 43769
15202 47875
15302 44636
15402 603
15502 59758
15602 14649
15702 14215
15802 57207
15902 25531
16002 10109
16102 57299
16202 4253
16302 31435
16402 47094
16502 12165
16602 64294
16702 34041
16802 16895
16902 22092
17002 25177
17102 32308
17202 4897
17302 37572
17402 24908
17502 62802
17602 1024
17702 22124
17802 43304
17902 39799
18002 1215
18102 8042
18202 29927
18302 40127
18402 9525
18502 48661
18602 18613
18702 44378
18802 35126
18902 58896
19002 12138
19102 38811
19202 15563
19302 11724
19402 58503
19502 28165
19602 36076
19702 12683
19802 10356
19902 63958
20002 27412
20102 22320
20202 55968
20302 5145
20402 48419
20502 14216
20602 18214
20702 37694
20802 57288
20902 52012
21002 7591
21102 20225
21202 31530
21302 32214
21402 61840
21502 22319
21602 57056
21702 19040
21802 41134
21902 53396
22002 17083
22102 43327
22202 56693
22302 54817
22402 26437
22502 15897
22602 16950
22702 38287
22802 25752
22902 58836
23002 21505
23102 29419
23202 38103
23302 20056
23402 888
23502 41588
23602 49731
23702 58688
23802 57563
23902 37535
24002 8077
24102 14595
24202 9085
24302 3756
24402 15555
24502 40549
24602 53869
24702 53254
24802 11542
24902 46512
25002 25191
25102 2849
25202 28811
25302 20590
25402 21270
25502 164
25602 53674
25702 64508
25802 27975
25902 57665
26002 12788
26102 45096
26202 2741
26302 23262
26402 60827
26502 25675
26602 30987
26702 58486
26802 33751
26902 63189
27002 25372
27102 33193
27202 43507
27302 62299
27402 46984
27502 53124
27602 51007
27702 27073
27802 28509
27902 2060
28002 48058
28102 60000
28202 20711
28302 4033
28402 45951
28502 55825
28602 21828
28702 65413
28802 32692
28902 40053
29002 62873
29102 44504
29202 9684
29302 51836
29402 47765
29502 54511
29602 53045
29702 45682
29802 52289
29902 12637
30002 58674
30102 759
30202 41465
30302 57009
30402 22788
30502 58476
30602 317
30702 55678
30802 11407
30902 52103
31002 3729
31102 34977
31202 26542
31302 59239
31402 45054
31502 21538
31602 33702
31702 28217
31802 39081
31902 36359
32002 41625
32102 58948
32202 44096
32302 62019
32402 18082
32502 63351
32602 48903
32702 40330
32802 38319
32902 11305
33002 213
33102 64795
33202 50036
33302 28688
33402 1971
33502 54422
33602 13481
33702 40377
33802 27477
33902 10398
34002 50226
34102 33341
34202 3025
34302 12181
34402 36
34502 41170
34602 57635
34702 48352
34802 10502
34902 47757
35002 14771
35102 50414
35202 15198
35302 15556
35402 10557
35502 19414
35602 20756
35702 31173
35802 59493
35902 24340
36002 30942
36102 35285
36202 30298
36302 13554
36402 1588
36502 14469
36602 48600
36702 42961
36802 34513
36902 46990
37002 10526
37102 44365
37202 59666
37302 29685
37402 52353
37502 46724
37602 460
37702 4139
37802 5228
37902 10907
38002 17741
38102 31228
38202 48187
38302 49429
38402 49510
38502 10801
38602 1968
38702 1148
38802 48873
38902 45027
39002 15279
39102 32028
39202 65508
39302 36524
39402 45685
39502 22792
39602 34473
39702 36666
39802 64089
39902 59032
40002 30472
40102 24868
40202 56090
40302 47001
40402 34117
40502 38196
40602 31225
40702 51730
40802 28698
40902 21992
41002 28151
41102 4022
41202 9216
41302 25587
41402 8943
41502 59672
41602 33427
41702 44235
41802 52129
41902 44401
42002 37021
42102 58645
42202 6362
42302 46420
42402 15896
42502 44732
42602 45365
42702 40901
42802 16142
42902 26004
43002 30152
43102 19330
43202 27870
43302 60556
43402 25616
43502 19378
43602 22712
43702 53486
43802 33092
43902 28775
44002 39368
44102 43785
44202 4927
44302 51719
44402 47227
44502 2648
44602 9875
44702 41308
44802 38440
44902 17395
45002 43602
45102 44327
45202 4496
45302 29182
45402 13604
45502 7738
45602 38152
45702 49529
45802 22555
45902 59674
46002 46272
46102 60726
46202 63456
46302 55785
46402 64500
46502 49829
46602 26861
46702 7459
46802 61713
46902 24945
47002 7113
47102 31466
47202 45781
47302 41758
47402 20533
47502 64613
47602 30974
47702 40904
47802 16585
47902 47971
48002 62940
48102 64735
48202 16196
48302 18233
48402 36934
48502 16759
48602 5918
48702 36554
48802 34768
48902 5050
49002 38759
49102 3579
49202 49726
49302 55887
49402 63657
49502 55648
49602 26618
49702 10126
49802 40819
49902 3995
50002 38693
50102 5262
50202 15283
50302 10272
50402 28654
50502 58213
50602 833
50702 58013
50802 18892
50902 14962
51002 19701
51102 35586
51202 3927
51302 48823
51402 1958
51502 26193
51602 26462
51702 37426
51802 51752
51902 59352
52002 62147
52102 1646
52202 45280
52302 28358
52402 65164
52502 34742
52602 32248
52702 62745
52802 24120
52902 11104
53002 60462
53102 23477
53202 2238
53302 3496
53402 39201
53502 60524
53602 29043
53702 12368
53802 36524
53902 63842
54002 9649
54102 42227
54202 24892
54302 52859
54402 5372
54502 27387
54602 51522
54702 7312
54802 45778
54902 62221
55002 29070
55102 44059
55202 39271
55302 41445
55402 52922
55502 12319
55602 19721
55702 64955
55802 24629
55902 4571
56002 47725
56102 36289
56202 11154
56302 44801
56402 59293
56502 23456
56602 31877
56702 436
56802 10639
56902 42635
57002 50257
57102 26297
57202 43485
57302 9108
57402 30272
57502 26426
57602 10930
57702 56236
57802 54833
57902 13022
58002 65263
58102 58085
58202 57585
58302 31771
58402 54583
58502 30147
58602 32129
58702 14396
58802 18215
58902 13941
59002 56060
59102 23195
59202 9500
59302 1790
59402 40588
59502 12449
59602 21196
59702 38850
59802 51331
59902 37955
60002 45947
60102 41405
60202 62367
60302 35724
60402 16257
60502 36985
60602 49167
60702 26640
60802 4478
60902 47755
61002 58240
61102 14053
61202 33413
61302 21844
61402 1095
61502 55047
61602 64363
61702 17307
61802 14977
61902 34869
62002 22625
62102 17319
62202 57225
62302 53334
62402 6598
62502 18016
62602 61746
62702 18880
62802 8049
62902 36356
63002 36227
63102 50381
63202 24493
63302 43850
63402 32005
63502 45669
63602 4742
63702 55025
63802 25082
63902 11272
64002 28922
64102 19479
64202 21413
64302 41842
64402 40742
64502 1675
64602 37917
64702 5970
64802 44884
64902 52598
65002 53459
65102 55341
65202 21579
65302 36427
65402 13500
65502 63814
65602 44166
65702 46811
65802 25139
65902 15711
66002 54663
66102 15968
66202 59387
66302 27933
66402 48599
66502 43601
66602 21863
66702 41704
66802 10105
66902 40671
67002 26269
67102 41102
67202 63953
67302 18695
67402 13442
67502 9992
67602 19387
67702 1454
67802 36747
67902 24516
68002 51206
68102 56556
68202 49838
68302 42480
68402 5281
68502 12137
68602 34132
68702 41288
68802 17309
68902 22945
69002 39118
69102 6546
69202 48723
69302 50508
69402 23742
69502 8720
69602 60098
69702 8525
69802 48272
69902 27632
70002 5201
70102 62486
70202 4774
70302 59982
70402 2332
70502 53260
70602 10195
70702 27501
70802 23815
70902 43746
71002 4116
71102 63911
71202 44543
71302 15038
71402 63201
71502 18223
71602 63359
71702 35792
71802 61469
71902 6911
72002 58342
72102 63312
72202 4608
72302 59005
72402 47448
72502 38656
72602 33523
72702 63672
72802 43727
72902 34611
73002 31324
73102 40019
73202 28857
73302 11081
73402 19749
73502 28827
73602 44981
73702 49356
73802 60925
73902 13409
74002 22991
74102 38958
74202 54251
74302 15459
74402 11420
74502 37053
74602 46529
74702 47388
74802 2970
74902 19654
75002 1020
75102 47818
75202 27417
75302 32194
75402 2334
75502 45182
75602 24646
75702 24101
75802 21437
75902 21562
76002 59393
76102 4936
76202 47863
76302 40389
76402 21056
76502 50292
76602 42383
76702 44993
76802 24577
76902 17424
77002 23786
77102 6649
77202 24765
77302 375
77402 61164
77502 48215
77602 23803
77702 40613
77802 19023
77902 30732
78002 7453
78102 24928
78202 18679
78302 10653
78402 51511
78502 29069
78602 4161
78702 28619
78802 52234
78902 17126
79002 3918
79102 52586
79202 26468
79302 3608
79402 7276
79502 24021
79602 12610
79702 48187
79802 38281
79902 7359
80002 33600
80102 59287
80202 22285
80302 51878
80402 4581
80502 24380
80602 3708
80702 1081
80802 59754
80902 51356
81002 22258
81102 2051
81202 56185
81302 14607
81402 42568
81502 64555
81602 23423
81702 9955
81802 15944
81902 58455
82002 52525
82102 41470
82202 6268
82302 35346
82402 42534
82502 23771
82602 49822
82702 33021
82802 51385
82902 545
83002 21237
83102 23558
83202 17905
83302 59851
83402 12332
83502 13802
83602 23307
83702 49763
83802 18838
83902 20313
84002 16065
84102 2386
84202 12014
84302 26561
84402 60910
84502 64962
84602 41572
84702 41746
84802 47334
84902 5075
85002 3790
85102 35295
85202 45140
85302 52562
85402 4801
85502 11563
85602 38822
85702 47061
85802 38723
85902 7360
86002 38344
86102 55520
86202 45297
86302 56262
86402 55507
86502 34058
86602 16812
86702 51969
86802 8962
86902 59721
87002 44408
87102 1516
87202 22072
87302 22889
87402 28785
87502 26476
87602 6684
87702 41534
87802 41250
87902 48225
88002 62636
88102 34993
88202 64516
88302 7838
88402 28028
88502 29807
88602 11664
88702 24181
88802 13185
88902 34788
89002 31572
89102 15201
89202 55573
89302 59083
89402 43415
89502 1166
89602 61051
89702 57505
89802 24345
89902 7866
90002 16650
90102 18812
90202 35765
90302 50725
90402 3157
