102 43966
202 28115
302 47576
402 63859
502 20952
602 54501
702 14624
802 44351
902 38522
1002 59355
1102 33863
1202 30675
1302 62529
1402 41697
1502 2124
1602 28245
1702 59592
1802 29369
1902 2403
2002 31532
2102 51028
2202 21861
2302 55694
2402 29519
2502 65350
2602 47371
2702 16959
2802 62093
2902 44497
3002 12383
3102 57128
3202 3469
3302 39322
3402 61413
3502 60114
3602 9192
3702 9975
3802 59364
3902 38056
4002 40684
4102 28741
4202 39586
4302 17646
4402 37289
4502 14230
4602 41415
4702 23954
4802 23665
4902 4531
5002 12168
5102 16084
5202 39080
5302 4636
5402 5788
5502 9558
5602 50373
5702 61975
5802 18388
5902 63221
6002 32191
6102 56565
6202 38369
6302 38849
6402 60320
6502 63624
6602 20084
6702 6168
6802 16520
6902 9471
7002 10725
7102 45505
7202 40512
7302 6233
7402 48241
7502 32443
7602 44624
7702 4357
7802 20502
7902 11889
8002 48672
8102 63833
8202 29621
8302 20831
8402 15555
8502 52528
8602 25273
8702 24078
8802 12169
8902 45606
9002 3873
9102 44804
9202 54269
9302 10845
9402 7920
9502 46964
9602 18046
9702 813
9802 1507
9902 21676
10002 43569
10102 49489
10202 10707
10302 11094
10402 53215
10502 12175
10602 29331
10702 43931
10802 31676
10902 39647
11002 19456
11102 61046
11202 179
11302 23456
11402 33823
11502 55963
11602 63234
11702 36700
11802 64232
11902 50268
12002 553
12102 41225
12202 16815
12302 16331
12402 27199
12502 61370
12602 34289
12702 33636
12802 13060
12902 32893
13002 60453
13102 28430
13202 9228
13302 11563
13402 10586
13502 538
13602 20908
13702 59442
13802 13977
13902 19333
14002 63639
14102 42093
14202 46738
14302 3548
14402 59519
14502 819
14602 2793
14702 40545
14802 49522
14902 48614
15002 38641
15102 32143
15202 6724
15302 48167
15402 63225
15502 22557
15602 40751
15702 64776
15802 3552
15902 41302
16002 29566
16102 34996
16202 30365
16302 36643
16402 19721
16502 57559
16602 44845
16702 44284
16802 49483
16902 7491
17002 52938
17102 50970
17202 15902
17302 31279
17402 44906
17502 60784
17602 9950
17702 25563
17802 51942
17902 53183
18002 9260
18102 42319
18202 8585
18302 38315
18402 22490
18502 2713
18602 42656
18702 45097
18802 7942
18902 54924
19002 47585
19102 35278
19202 25996
19302 8478
19402 2998
19502 59769
19602 20610
19702 17719
19802 50632
19902 64516
20002 5690
20102 17740
20202 44678
20302 1074
20402 60871
20502 51795
20602 28531
20702 23749
20802 34389
20902 29842
21002 23833
21102 55030
21202 58316
21302 19305
21402 16073
21502 49761
21602 335
21702 19789
21802 55315
21902 65114
22002 23504
22102 60610
22202 44336
22302 4835
22402 41707
22502 35051
22602 1722
22702 17767
22802 43319
22902 22455
23002 56720
23102 21488
23202 53332
23302 18670
23402 28460
23502 27211
23602 4910
23702 33776
23802 63194
23902 17253
24002 44405
24102 25627
24202 65031
24302 13185
24402 23238
24502 58737
24602 36335
24702 21546
24802 23947
24902 32209
25002 38573
25102 56439
25202 27189
25302 53668
25402 49925
25502 4008
25602 16964
25702 44004
25802 30209
25902 12044
26002 48559
26102 63317
26202 16097
26302 52569
26402 1546
26502 59557
26602 33927
26702 6953
26802 13655
26902 1155
27002 60773
27102 35403
27202 26402
27302 58555
27402 22324
27502 25616
27602 26469
27702 37328
27802 7225
27902 46810
28002 6286
28102 5505
28202 45309
28302 55357
28402 49582
28502 41891
28602 58545
28702 63258
28802 50669
28902 11560
29002 771
29102 35027
29202 12433
29302 45622
29402 33362
29502 52765
29602 56378
29702 42068
29802 50890
29902 30075
30002 7
30102 64093
30202 53831
30302 62471
30402 17819
30502 57904
30602 49317
30702 13546
30802 20841
30902 23414
31002 56408
31102 17122
31202 21980
31302 62447
31402 48796
31502 61295
31602 49904
31702 11521
31802 18782
31902 61065
32002 18732
32102 22409
32202 30730
32302 3625
32402 31758
32502 38101
32602 28563
32702 27508
32802 49226
32902 61230
33002 64088
33102 56037
33202 14523
33302 2030
33402 44925
33502 51643
33602 8389
33702 22867
33802 48173
33902 1135
34002 1073
34102 54429
34202 53292
34302 42771
34402 6715
34502 57308
34602 51596
34702 39703
34802 59653
34902 41453
35002 37519
35102 62693
35202 39761
35302 55035
35402 42730
35502 62553
35602 47189
35702 34335
35802 57940
35902 39962
36002 43789
36102 38446
36202 59386
36302 61713
36402 13577
36502 25761
36602 25225
36702 47652
36802 38166
36902 40195
37002 58918
37102 57090
37202 3831
37302 17036
37402 8652
37502 17874
37602 62201
37702 12601
37802 47222
37902 45849
38002 35195
38102 28198
38202 7677
38302 22360
38402 54528
38502 38797
38602 51754
38702 53881
38802 42201
38902 53562
39002 42784
39102 56747
39202 47325
39302 64090
39402 33845
39502 64454
39602 32663
39702 26549
39802 35547
39902 40234
40002 61279
40102 10168
40202 14545
40302 3542
40402 14896
40502 32935
40602 11769
40702 482
40802 48370
40902 10794
41002 20601
41102 36785
41202 56201
41302 61204
41402 8866
41502 28853
41602 4384
41702 35345
41802 42446
41902 55614
42002 31641
42102 54126
42202 27081
42302 64930
42402 18709
42502 17006
42602 51324
42702 33923
42802 35079
42902 11664
43002 34506
43102 24633
43202 24903
43302 6738
43402 19416
43502 27581
43602 8694
43702 63752
43802 32961
43902 47442
44002 54938
44102 39264
44202 12347
44302 56138
44402 53843
44502 43469
44602 59177
44702 26723
44802 30057
44902 34119
45002 44593
45102 10437
45202 11236
45302 38094
45402 43542
45502 30659
45602 38932
45702 11177
45802 45578
45902 16822
46002 7146
46102 41894
46202 31268
46302 57258
46402 49321
46502 44595
46602 35998
46702 26032
46802 32604
46902 36484
47002 32294
47102 57213
47202 58006
47302 58778
47402 38696
47502 64519
47602 26587
47702 8354
47802 56076
47902 57331
48002 50322
48102 10231
48202 52405
48302 10716
48402 53709
48502 24992
48602 60534
48702 63514
48802 44872
48902 17447
49002 55636
49102 38601
49202 62024
49302 26674
49402 33182
49502 16265
49602 37957
49702 5407
49802 54555
49902 44533
50002 50128
50102 37282
50202 1752
50302 1941
50402 20286
50502 2447
50602 55094
50702 29623
50802 61510
50902 56126
51002 42042
51102 30171
51202 626
51302 28759
51402 349
51502 26242
51602 48921
51702 15063
51802 41485
51902 4760
52002 24989
52102 64146
52202 362
52302 42799
52402 54222
52502 64041
52602 49390
52702 689
52802 5561
52902 22769
53002 28926
53102 14496
53202 18606
53302 44547
53402 29445
53502 51186
53602 46189
53702 42641
53802 37190
53902 16347
54002 42155
54102 28734
54202 47356
54302 19059
54402 56112
54502 31224
54602 16481
54702 15185
54802 55128
54902 25289
55002 4507
55102 31547
55202 6428
55302 24460
55402 58694
55502 8113
55602 35401
55702 61671
55802 16642
55902 28376
56002 3084
56102 12057
56202 30556
56302 27139
56402 11348
56502 49837
56602 20786
56702 25179
56802 61254
56902 63922
57002 23017
57102 58866
57202 28065
57302 46343
57402 26816
57502 61995
57602 47027
57702 62827
57802 9704
57902 23300
58002 60547
58102 8443
58202 11383
58302 59735
58402 7580
58502 8358
58602 59164
58702 57427
58802 32627
58902 4547
59002 13196
59102 26425
59202 41650
59302 6835
59402 50194
59502 11147
59602 54923
59702 18414
59802 52148
59902 4271
60002 13108
60102 59921
60202 36903
60302 62942
60402 62135
60502 41608
60602 8845
60702 4827
60802 46393
60902 37496
61002 20490
61102 54567
61202 41419
61302 20174
61402 8939
61502 15120
61602 12225
61702 9831
61802 37295
61902 32792
62002 54958
62102 230
62202 45861
62302 20596
62402 53602
62502 62228
62602 40078
62702 64442
62802 22071
62902 1742
63002 18454
63102 27418
63202 38097
63302 10988
63402 2012
63502 60123
63602 57438
63702 4730
63802 50321
63902 53593
64002 47063
64102 58294
64202 1676
64302 32927
64402 13093
64502 18
64602 54621
64702 3789
64802 31783
64902 9633
65002 30223
65102 51010
65202 63521
65302 46464
65402 25767
65502 48288
65602 3915
65702 58155
65802 19443
65902 29468
66002 48607
66102 41691
66202 22821
66302 46131
66402 40005
66502 41513
66602 16292
66702 50236
66802 58789
66902 18850
67002 25686
67102 45621
67202 61766
67302 38792
67402 46875
67502 49871
67602 54741
67702 3738
67802 53389
67902 21902
68002 44918
68102 50679
68202 3546
68302 51901
68402 38925
68502 3038
68602 17568
68702 25752
68802 22194
68902 23875
69002 17078
69102 22283
69202 35494
69302 52067
69402 14835
69502 19360
69602 41539
69702 15443
69802 17814
69902 44062
70002 16926
70102 16365
70202 63115
70302 24598
70402 49121
70502 55937
70602 30555
70702 57441
70802 40543
70902 51113
71002 48987
71102 7510
71202 54764
71302 24208
71402 42263
71502 50020
71602 52850
71702 30036
71802 33203
71902 24362
72002 6565
72102 50583
72202 36541
72302 34703
72402 40551
72502 48292
72602 31285
72702 20382
72802 42841
72902 18654
73002 32719
73102 2078
73202 33529
73302 57897
73402 19028
73502 53254
73602 53931
73702 30543
73802 39806
73902 32352
74002 48257
74102 47155
74202 18547
74302 12001
74402 8297
74502 37066
74602 37995
74702 5807
74802 52343
74902 2671
75002 39117
75102 7262
75202 52632
75302 51113
75402 16585
75502 18835
75602 50310
75702 770
75802 985
75902 32080
76002 52796
76102 41974
76202 54605
76302 48873
76402 34858
76502 63166
76602 57062
76702 62633
76802 19048
76902 20797
77002 39789
77102 50281
77202 27493
77302 44675
77402 40454
77502 55507
77602 56861
77702 13175
77802 51056
77902 4911
78002 18512
78102 7498
78202 19381
78302 61100
78402 55106
78502 19458
78602 56672
78702 57595
78802 38558
78902 62506
79002 41279
79102 6606
79202 10059
79302 3525
79402 20981
79502 55836
79602 10667
79702 23830
79802 48794
79902 25286
80002 1139
80102 12225
80202 59332
80302 11153
80402 44129
80502 31465
80602 32903
80702 50947
80802 32724
80902 3477
81002 45690
81102 48788
81202 63189
81302 43585
81402 39379
81502 32908
81602 3104
81702 27390
81802 41094
81902 27616
82002 33453
82102 48803
82202 6680
82302 35781
82402 12473
82502 57162
82602 54053
82702 7589
82802 41805
82902 22577
83002 47372
83102 50915
83202 24956
83302 6877
83402 21164
83502 26682
83602 13639
83702 64366
83802 38090
83902 44928
84002 26358
84102 16095
84202 25707
84302 21419
84402 23789
84502 41357
84602 4166
84702 727
84802 7936
84902 3119
85002 6718
85102 17183
85202 2259
85302 54573
85402 45997
85502 38734
85602 27889
85702 14157
85802 47013
85902 47098
86002 35605
86102 11897
86202 60521
86302 15828
86402 50450
86502 41182
86602 48506
86702 31571
86802 26496
86902 50408
87002 33197
87102 52896
87202 32413
87302 15649
87402 20005
87502 39194
87602 11655
87702 8951
87802 34746
87902 23135
88002 1191
88102 55316
88202 19441
88302 58091
88402 24028
88502 60823
88602 61022
88702 44116
88802 45241
88902 51605
89002 47596
89102 29400
89202 63608
89302 17809
89402 7130
89502 5367
89602 14626
89702 48921
89802 37912
89902 30612
90002 59309
90102 42131
