102 22876
202 58063
302 56337
402 24414
502 44613
602 20598
702 5356
802 48994
902 4573
1002 55160
1102 45216
1202 16402
1302 1944
1402 41927
1502 44622
1602 47948
1702 59176
1802 59471
1902 45233
2002 53762
2102 863
2202 19180
2302 59510
2402 35454
2502 61271
2602 52722
2702 20145
2802 8290
2902 17008
3002 22948
3102 12043
3202 34157
3302 52795
3402 14785
3502 57193
3602 31131
3702 48711
3802 5780
3902 53458
4002 16138
4102 30370
4202 6690
4302 62013
4402 19071
4502 51611
4602 28876
4702 56682
4802 51297
4902 62183
5002 56769
5102 14423
5202 7548
5302 29884
5402 31971
5502 54317
5602 8569
5702 30402
5802 53153
5902 54971
6002 24472
6102 2286
6202 24468
6302 15594
6402 5460
6502 16288
6602 2139
6702 17335
6802 14031
6902 50666
7002 42392
7102 12701
7202 35585
7302 17284
7402 35528
7502 9138
7602 49143
7702 46449
7802 27573
7902 15656
8002 4905
8102 35475
8202 36654
8302 28067
8402 46155
8502 9749
8602 25941
8702 37905
8802 27501
8902 10173
9002 33612
9102 24061
9202 7865
9302 9030
9402 38810
9502 46126
9602 39316
9702 3615
9802 37412
9902 7872
10002 54715
10102 4065
10202 14709
10302 49122
10402 27103
10502 24295
10602 65239
10702 23979
10802 2375
10902 42804
11002 21025
11102 30198
11202 26104
11302 2175
11402 59104
11502 50235
11602 44526
11702 20448
11802 47864
11902 29100
12002 40065
12102 25156
12202 39919
12302 21487
12402 40574
12502 31856
12602 43546
12702 35041
12802 57481
12902 5691
13002 57630
13102 62866
13202 11467
13302 29159
13402 6078
13502 62107
13602 49956
13702 1328
13802 51015
13902 54793
14002 59685
14102 16936
14202 43295
14302 31575
14402 6618
14502 40101
14602 51271
14702 28893
14802 56060
14902 39540
15002 15705
15102 1338
15202 33246
15302 25888
15402 51767
15502 23705
15602 230
15702 18650
15802 54594
15902 22538
16002 58705
16102 50050
16202 17313
16302 24989
16402 4825
16502 42066
16602 33950
16702 10108
16802 28173
16902 52565
17002 57495
17102 4770
17202 10716
17302 23431
17402 62518
17502 18281
17602 16024
17702 49414
17802 51300
17902 50000
18002 17473
18102 33055
18202 45265
18302 2679
18402 58678
18502 2392
18602 55566
18702 5825
18802 41638
18902 42405
19002 50461
19102 47475
19202 24145
19302 44474
19402 59377
19502 53190
19602 7876
19702 27204
19802 33754
19902 41146
20002 48685
20102 46555
20202 53960
20302 61952
20402 19668
20502 37926
20602 13936
20702 33570
20802 48797
20902 46894
21002 59796
21102 64205
21202 17174
21302 16553
21402 4332
21502 38045
21602 4890
21702 8380
21802 12210
21902 63639
22002 54072
22102 27361
22202 19024
22302 60069
22402 46588
22502 36311
22602 58647
22702 28123
22802 47539
22902 44177
23002 39529
23102 62744
23202 19575
23302 39554
23402 49458
23502 51221
23602 21943
23702 6570
23802 4037
23902 16049
24002 5302
24102 26757
24202 34819
24302 32298
24402 32636
24502 56194
24602 5012
24702 5698
24802 22659
24902 16358
25002 26245
25102 17805
25202 47626
25302 52787
25402 61402
25502 41889
25602 49414
25702 27522
25802 18840
25902 52596
26002 14244
26102 29846
26202 24445
26302 40800
26402 21301
26502 42459
26602 32727
26702 49964
26802 9399
26902 7562
27002 27238
27102 579
27202 18109
27302 49311
27402 61946
27502 49342
27602 30603
27702 42128
27802 35003
27902 63540
28002 16413
28102 53147
28202 32174
28302 5006
28402 64696
28502 61318
28602 63482
28702 62312
28802 55180
28902 30880
29002 60703
29102 45609
29202 33415
29302 38285
29402 53539
29502 59043
29602 10863
29702 5150
29802 53639
29902 35536
30002 61447
30102 49778
30202 31349
30302 11598
30402 13683
30502 46928
30602 14013
30702 410
30802 43949
30902 40039
31002 11875
31102 33389
31202 43
31302 46317
31402 5569
31502 27313
31602 56178
31702 37045
31802 44204
31902 10233
32002 27788
32102 7538
32202 63744
32302 3001
32402 64780
32502 62760
32602 35225
32702 60510
32802 9722
32902 13996
33002 62810
33102 37687
33202 7915
33302 52972
33402 9733
33502 56037
33602 42789
33702 45519
33802 18185
33902 29887
34002 41267
34102 28578
34202 4418
34302 60849
34402 7970
34502 12016
34602 46024
34702 33192
34802 64957
34902 483
35002 38459
35102 50999
35202 19249
35302 53458
35402 38568
35502 60954
35602 14590
35702 9880
35802 25532
35902 51980
36002 8668
36102 29765
36202 1918
36302 53157
36402 26952
36502 26825
36602 58666
36702 20224
36802 50569
36902 15267
37002 6464
37102 45
37202 40749
37302 5279
37402 38810
37502 27694
37602 63118
37702 42218
37802 49971
37902 44345
38002 10428
38102 33714
38202 46174
38302 36409
38402 65119
38502 9604
38602 65096
38702 19141
38802 25426
38902 10011
39002 2688
39102 2400
39202 25200
39302 55242
39402 29198
39502 63690
39602 17909
39702 33274
39802 24026
39902 38146
40002 47405
40102 40256
40202 24756
40302 947
40402 64170
40502 4175
40602 18242
40702 53716
40802 17890
40902 54490
41002 63560
41102 22129
41202 47704
41302 2411
41402 4045
41502 30999
41602 25737
41702 35438
41802 48909
41902 64691
42002 42521
42102 38258
42202 40744
42302 26332
42402 43005
42502 44273
42602 34381
42702 16102
42802 40856
42902 31942
43002 32026
43102 4375
43202 8901
43302 23524
43402 54462
43502 2604
43602 39906
43702 42489
43802 55020
43902 18222
44002 21957
44102 48783
44202 51798
44302 47181
44402 29852
44502 58105
44602 30944
44702 22438
44802 34516
44902 49407
45002 28316
45102 10032
45202 55331
45302 28085
45402 5654
45502 60208
45602 29499
45702 44124
45802 39538
45902 2444
46002 9464
46102 31526
46202 50247
46302 26882
46402 31028
46502 57939
46602 59651
46702 49698
46802 19966
46902 14903
47002 62518
47102 40073
47202 53379
47302 59106
47402 48523
47502 19610
47602 60710
47702 11554
47802 44247
47902 20556
48002 8532
48102 30457
48202 6360
48302 48576
48402 38179
48502 62113
48602 47375
48702 2239
48802 51093
48902 62220
49002 37521
49102 50163
49202 58908
49302 45375
49402 13366
49502 26208
49602 57083
49702 58089
49802 2950
49902 11701
50002 41527
50102 13783
50202 54046
50302 34444
50402 36601
50502 64479
50602 55600
50702 7241
50802 49362
50902 38032
51002 52039
51102 64138
51202 27261
51302 48437
51402 41755
51502 44500
51602 30359
51702 61638
51802 7665
51902 61365
52002 5030
52102 55179
52202 46028
52302 27635
52402 61431
52502 4910
52602 14768
52702 43163
52802 57849
52902 14213
53002 2070
53102 21444
53202 8414
53302 47848
53402 36193
53502 28806
53602 50762
53702 52610
53802 47220
53902 10826
54002 27811
54102 24985
54202 31029
54302 54755
54402 44492
54502 57567
54602 796
54702 5538
54802 48606
54902 29452
55002 24715
55102 47799
55202 19164
55302 62377
55402 2786
55502 64943
55602 24191
55702 54156
55802 20559
55902 32140
56002 57774
56102 29737
56202 62880
56302 3635
56402 4788
56502 35183
56602 56240
56702 51255
56802 16306
56902 9273
57002 65457
57102 41584
57202 64425
57302 51801
57402 64978
57502 19410
57602 24542
57702 28750
57802 47681
57902 59909
58002 43533
58102 50348
58202 1918
58302 40996
58402 29680
58502 19207
58602 47615
58702 46869
58802 44143
58902 45992
59002 3515
59102 20946
59202 36196
59302 58879
59402 25088
59502 44095
59602 12685
59702 22299
59802 49220
59902 7250
60002 46054
60102 57339
60202 521
60302 40123
60402 33972
60502 58424
60602 23702
60702 58547
60802 33611
60902 62921
61002 24405
61102 36327
61202 50559
61302 27750
61402 61478
61502 59882
61602 41678
61702 39781
61802 65204
61902 50243
62002 2918
62102 63140
62202 57708
62302 40576
62402 30466
62502 25449
62602 17233
62702 34773
62802 20048
62902 59376
63002 4933
63102 35111
63202 55383
63302 63717
63402 55156
63502 56043
63602 30078
63702 52060
63802 24337
63902 59999
64002 32368
64102 8254
64202 13666
64302 27440
64402 43665
64502 24243
64602 455
64702 55569
64802 58933
64902 44145
65002 15255
65102 30454
65202 50599
65302 48212
65402 18076
65502 19307
65602 47774
65702 39814
65802 57111
65902 56175
66002 16633
66102 61055
66202 7152
66302 17863
66402 26772
66502 7927
66602 18040
66702 47964
66802 35767
66902 15980
67002 2140
67102 52412
67202 34094
67302 13825
67402 48113
67502 36003
67602 51051
67702 34320
67802 7632
67902 31849
68002 39759
68102 16029
68202 26748
68302 23544
68402 56855
68502 49394
68602 39998
68702 53986
68802 61445
68902 37215
69002 47791
69102 58672
69202 43517
69302 10303
69402 12731
69502 16025
69602 43264
69702 18692
69802 29388
69902 1824
70002 4613
70102 53559
70202 31702
70302 61195
70402 52737
70502 40924
70602 44797
70702 32412
70802 38964
70902 56699
71002 29210
71102 4476
71202 29270
71302 57116
71402 30068
71502 56826
71602 38915
71702 46317
71802 30260
71902 49152
72002 42886
72102 16720
72202 13440
72302 17843
72402 33713
72502 64312
72602 47452
72702 38921
72802 5321
72902 53237
73002 17672
73102 25442
73202 29847
73302 12811
73402 9647
73502 43799
73602 17417
73702 6706
73802 17284
73902 45882
74002 27696
74102 34708
74202 58975
74302 63684
74402 36007
74502 23107
74602 52978
74702 5036
74802 63124
74902 54281
75002 50334
75102 6343
75202 8434
75302 40166
75402 54933
75502 36071
75602 5386
75702 16543
75802 42933
75902 43388
76002 14646
76102 6308
76202 46463
76302 63738
76402 25640
76502 20976
76602 32554
76702 25163
76802 1698
76902 59738
77002 34066
77102 23444
77202 35886
77302 6667
77402 58061
77502 7489
77602 63266
77702 28985
77802 46099
77902 51808
78002 57261
78102 48301
78202 33591
78302 11858
78402 60966
78502 47860
78602 27466
78702 49647
78802 5622
78902 62368
79002 22454
79102 60361
79202 36937
79302 19814
79402 61596
79502 13737
79602 41211
79702 28158
79802 531
79902 38245
80002 7077
80102 33915
80202 28431
80302 14284
80402 10709
80502 33208
80602 41640
80702 15167
80802 49467
80902 11023
81002 61975
81102 57062
81202 29447
81302 38222
81402 22932
81502 11996
81602 21684
81702 23686
81802 32724
81902 32462
82002 61970
82102 45160
82202 20913
82302 54819
82402 47836
82502 57305
82602 54694
82702 52051
82802 26916
82902 5149
83002 36836
83102 19929
83202 47942
83302 14172
83402 48827
83502 36182
83602 30487
83702 29458
83802 15464
83902 24788
84002 44092
84102 54313
84202 48324
84302 17483
84402 1493
84502 3011
84602 9829
84702 56441
84802 20959
84902 5587
85002 49007
85102 8671
85202 62717
85302 32243
85402 2678
85502 15600
85602 54083
85702 27531
85802 60345
85902 14255
86002 56981
86102 6601
86202 5312
86302 30886
86402 30357
86502 53273
86602 59861
86702 55061
86802 64251
86902 54810
87002 61079
87102 52211
87202 41524
87302 49967
87402 13550
87502 61485
87602 30927
87702 48578
87802 33017
87902 39341
88002 23391
88102 58057
88202 26567
88302 2749
88402 21068
88502 1966
88602 35955
88702 22576
88802 51518
88902 26511
89002 46651
89102 59374
89202 8996
89302 14404
89402 44035
89502 29
89602 18136
89702 57317
89802 780
89902 55098
90002 15668
90102 64056
90202 51501
90302 40431
90402 47971
