102 50757
202 63995
302 19314
402 4545
502 36304
602 47207
702 62443
802 56531
902 42652
1002 49841
1102 38600
1202 54587
1302 47658
1402 61715
1502 33938
1602 5123
1702 1419
1802 42710
1902 43856
2002 30287
2102 51571
2202 491
2302 30400
2402 3827
2502 7165
2602 32687
2702 54524
2802 10721
2902 55503
3002 34366
3102 52449
3202 15846
3302 10701
3402 55819
3502 41257
3602 18381
3702 4753
3802 64552
3902 6364
4002 5963
4102 63985
4202 39650
4302 52795
4402 37074
4502 16812
4602 60488
4702 46800
4802 8997
4902 23482
5002 31714
5102 23587
5202 12229
5302 47023
5402 36177
5502 51490
5602 46922
5702 46610
5802 55999
5902 31173
6002 48840
6102 34238
6202 18436
6302 58817
6402 29471
6502 55477
6602 51434
6702 44395
6802 35240
6902 51082
7002 46520
7102 3541
7202 14636
7302 17213
7402 63234
7502 24332
7602 328
7702 9
7802 35441
7902 61367
8002 23003
8102 50046
8202 55821
8302 47687
8402 9382
8502 63680
8602 37245
8702 615
8802 43033
8902 19305
9002 26678
9102 23724
9202 60632
9302 59721
9402 43523
9502 53268
9602 59190
9702 45987
9802 56277
9902 63271
10002 43053
10102 60656
10202 60881
10302 53568
10402 6933
10502 20379
10602 60196
10702 56558
10802 13722
10902 60649
11002 41615
11102 33764
11202 61474
11302 37384
11402 33224
11502 65456
11602 58958
11702 40220
11802 5541
11902 53416
12002 8681
12102 4936
12202 48000
12302 13464
12402 231
12502 37388
12602 60656
12702 31252
12802 7569
12902 7378
13002 22217
13102 47478
13202 6559
13302 31583
13402 12554
13502 59519
13602 64781
13702 19648
13802 33808
13902 29481
14002 21742
14102 6548
14202 4149
14302 35590
14402 27792
14502 22472
14602 4488
14702 6398
14802 36878
14902 36712
15002 7920
15102 2768
15202 59386
15302 37056
15402 32293
15502 43770
15602 45440
15702 8550
15802 21370
15902 45844
16002 58353
16102 3684
16202 54305
16302 22640
16402 18907
16502 61202
16602 3680
16702 25489
16802 37545
16902 1954
17002 7544
17102 45079
17202 46462
17302 33352
17402 39242
17502 3752
17602 12072
17702 27271
17802 54466
17902 8993
18002 59994
18102 41922
18202 48643
18302 60221
18402 2815
18502 3715
18602 51941
18702 43679
18802 13120
18902 29064
19002 16460
19102 48383
19202 61222
19302 52777
19402 2206
19502 2169
19602 11781
19702 31553
19802 64345
19902 13051
20002 29228
20102 24302
20202 35678
20302 3586
20402 47338
20502 56819
20602 40050
20702 2141
20802 4462
20902 34229
21002 59528
21102 9171
21202 54382
21302 41804
21402 24885
21502 35494
21602 37391
21702 41659
21802 61177
21902 55678
22002 42678
22102 25931
22202 3774
22302 7778
22402 28001
22502 33049
22602 38642
22702 52944
22802 41889
22902 27227
23002 5404
23102 24344
23202 40309
23302 31988
23402 56656
23502 30662
23602 32207
23702 3986
23802 61215
23902 36453
24002 55293
24102 15131
24202 60615
24302 6830
24402 61788
24502 49407
24602 20697
24702 42864
24802 49243
24902 21346
25002 26868
25102 2786
25202 28333
25302 24832
25402 64957
25502 732
25602 47418
25702 6608
25802 742
25902 57131
26002 15239
26102 5842
26202 8208
26302 33184
26402 41629
26502 53949
26602 59469
26702 44073
26802 15395
26902 17370
27002 60096
27102 22998
27202 114
27302 9781
27402 3547
27502 18510
27602 8815
27702 24557
27802 9451
27902 39666
28002 25784
28102 20350
28202 30499
28302 18336
28402 51835
28502 19650
28602 34908
28702 15819
28802 59178
28902 16404
29002 22823
29102 14576
29202 9249
29302 15747
29402 49491
29502 57153
29602 28973
29702 58578
29802 54395
29902 12308
30002 25349
30102 46735
30202 38831
30302 38899
30402 27250
30502 34360
30602 27152
30702 64606
30802 16917
30902 30907
31002 49377
31102 36771
31202 9921
31302 61604
31402 15184
31502 44843
31602 6269
31702 19383
31802 12116
31902 46534
32002 12086
32102 23653
32202 34799
32302 26793
32402 60942
32502 9409
32602 41872
32702 13937
32802 30632
32902 52767
33002 5903
33102 55973
33202 47779
33302 5248
33402 8305
33502 47574
33602 52517
33702 10995
33802 61137
33902 6969
34002 35558
34102 3335
34202 64924
34302 23933
34402 1711
34502 52872
34602 22204
34702 3419
34802 20544
34902 30010
35002 26483
35102 59414
35202 13806
35302 53419
35402 23776
35502 46449
35602 16168
35702 52222
35802 22826
35902 23989
36002 57756
36102 31226
36202 48226
36302 58087
36402 13258
36502 11055
36602 28370
36702 23107
36802 27017
36902 3165
37002 48522
37102 28457
37202 57447
37302 18640
37402 14848
37502 45255
37602 58000
37702 32329
37802 3046
37902 32691
38002 52515
38102 13024
38202 10067
38302 49605
38402 53225
38502 9546
38602 10413
38702 5747
38802 57220
38902 20769
39002 9371
39102 54826
39202 63334
39302 17086
39402 44743
39502 54716
39602 39818
39702 60504
39802 10013
39902 29117
40002 48325
40102 41474
40202 29413
40302 52346
40402 28456
40502 21553
40602 31869
40702 7394
40802 46302
40902 4014
41002 21719
41102 11132
41202 12384
41302 49023
41402 19038
41502 45278
41602 2825
41702 63135
41802 24757
41902 29384
42002 15367
42102 54662
42202 25599
42302 15104
42402 18008
42502 27062
42602 1048
42702 26825
42802 15723
42902 40140
43002 27019
43102 59216
43202 26186
43302 54402
43402 45566
43502 31142
43602 1597
43702 54800
43802 44735
43902 15344
44002 16216
44102 28961
44202 22659
44302 36712
44402 11582
44502 34608
44602 6097
44702 13377
44802 50305
44902 21250
45002 63892
45102 13325
45202 14734
45302 6511
45402 25835
45502 19988
45602 2968
45702 62034
45802 9775
45902 44951
46002 57551
46102 56965
46202 43436
46302 31254
46402 57638
46502 8913
46602 31918
46702 39816
46802 56515
46902 19516
47002 34747
47102 6713
47202 13467
47302 44396
47402 25167
47502 3092
47602 15339
47702 41261
47802 19965
47902 39346
48002 44122
48102 38894
48202 5611
48302 17511
48402 61823
48502 45442
48602 32783
48702 48034
48802 39438
48902 42117
49002 21750
49102 25366
49202 47234
49302 44312
49402 22849
49502 11130
49602 18697
49702 59638
49802 19173
49902 4637
50002 230
50102 51567
50202 1889
50302 40479
50402 55593
50502 38715
50602 16025
50702 48109
50802 41111
50902 41222
51002 36904
51102 60729
51202 8512
51302 21613
51402 27294
51502 841
51602 58588
51702 24026
51802 16311
51902 26670
52002 32573
52102 61742
52202 40561
52302 46671
52402 19896
52502 46383
52602 12223
52702 31525
52802 63311
52902 52995
53002 35684
53102 24066
53202 43041
53302 23976
53402 24343
53502 37566
53602 3775
53702 44991
53802 14894
53902 5565
54002 963
54102 42440
54202 61249
54302 15563
54402 26636
54502 45889
54602 63411
54702 4951
54802 63670
54902 24371
55002 51455
55102 46306
55202 51420
55302 36111
55402 20511
55502 21467
55602 64450
55702 2042
55802 41494
55902 46913
56002 35975
56102 33646
56202 63998
56302 36469
56402 15032
56502 38845
56602 11623
56702 5365
56802 42668
56902 37700
57002 32927
57102 18358
57202 27996
57302 55382
57402 24891
57502 29892
57602 28286
57702 22693
57802 35927
57902 50836
58002 8888
58102 64792
58202 8168
58302 46301
58402 16816
58502 13882
58602 29495
58702 62513
58802 36360
58902 42924
59002 21229
59102 49827
59202 20552
59302 15764
59402 45622
59502 59011
59602 25697
59702 49793
59802 48849
59902 40855
60002 1449
60102 16804
60202 25702
60302 19943
60402 38851
60502 54254
60602 63415
60702 41676
60802 7311
60902 39004
61002 21109
61102 62461
61202 39392
61302 51829
61402 54095
61502 21165
61602 56453
61702 3275
61802 20147
61902 44651
62002 38528
62102 65213
62202 9553
62302 60970
62402 54035
62502 29998
62602 6470
62702 12188
62802 60416
62902 34965
63002 154
63102 55151
63202 30200
63302 49316
63402 55705
63502 56530
63602 6924
63702 22696
63802 15687
63902 7833
64002 43766
64102 31830
64202 23841
64302 65291
64402 62600
64502 57588
64602 54158
64702 39630
64802 3881
64902 25542
65002 53611
65102 54619
65202 60447
65302 29466
65402 6691
65502 56337
65602 31411
65702 32533
65802 24779
65902 56028
66002 60075
66102 2146
66202 6174
66302 22142
66402 41000
66502 36283
66602 25075
66702 11506
66802 18940
66902 19590
67002 34983
67102 36651
67202 30779
67302 13931
67402 34009
67502 64468
67602 30425
67702 41281
67802 47636
67902 8560
68002 12077
68102 3454
68202 11792
68302 9998
68402 12976
68502 54134
68602 28614
68702 2033
68802 50308
68902 27040
69002 17140
69102 63098
69202 29971
69302 13392
69402 31543
69502 20140
69602 34675
69702 6563
69802 30134
69902 29378
70002 22051
70102 59343
70202 14069
70302 39277
70402 31679
70502 25650
70602 41653
70702 9914
70802 1998
70902 15280
71002 37242
71102 59713
71202 60630
71302 32884
71402 185
71502 44319
71602 60182
71702 34559
71802 16462
71902 47203
72002 35619
72102 21036
72202 10206
72302 28598
72402 47063
72502 33925
72602 10007
72702 42890
72802 47715
72902 28875
73002 3703
73102 40894
73202 57376
73302 59270
73402 12463
73502 32910
73602 407
73702 18851
73802 21161
73902 53333
74002 2550
74102 47002
74202 858
74302 19520
74402 12011
74502 59804
74602 27558
74702 9668
74802 10667
74902 9240
75002 4993
75102 4346
75202 55609
75302 48122
75402 30956
75502 37291
75602 25528
75702 7856
75802 45639
75902 29436
76002 15868
76102 33169
76202 64495
76302 31683
76402 64461
76502 28524
76602 53032
76702 7510
76802 1009
76902 46782
77002 32161
77102 8811
77202 17952
77302 60772
77402 23079
77502 1687
77602 10947
77702 46580
77802 20072
77902 51729
78002 32729
78102 38488
78202 46612
78302 26447
78402 7191
78502 32045
78602 41205
78702 57646
78802 61483
78902 22558
79002 28493
79102 46796
79202 42726
79302 11003
79402 32231
79502 39545
79602 36285
79702 65270
79802 47775
79902 52317
80002 19110
80102 23721
80202 55644
80302 52562
80402 20079
80502 6651
80602 11191
80702 33810
80802 23867
80902 6688
81002 17349
81102 40961
81202 61813
81302 23098
81402 54792
81502 55642
81602 121
81702 41602
81802 36650
81902 12196
82002 64338
82102 40567
82202 56080
82302 48596
82402 23516
82502 18376
82602 9093
82702 18353
82802 63771
82902 53509
83002 1708
83102 13070
83202 52104
83302 41393
83402 18539
83502 511
83602 5483
83702 45306
83802 20548
83902 1021
84002 4756
84102 62411
84202 41712
84302 610
84402 22214
84502 24264
84602 46633
84702 22785
84802 13411
84902 28033
85002 49737
85102 42996
85202 31965
85302 61227
85402 28938
85502 8791
85602 15695
85702 7465
85802 10947
85902 58511
86002 5384
86102 21846
86202 51882
86302 31118
86402 44558
86502 30303
86602 9309
86702 11598
86802 58035
86902 24634
87002 63688
87102 18683
87202 4583
87302 32140
87402 18700
87502 4036
87602 59566
87702 38804
87802 27228
87902 28347
88002 58064
88102 13920
88202 54716
88302 37356
88402 29276
88502 51618
88602 18647
88702 40262
88802 24335
88902 40024
89002 54582
89102 27996
89202 2678
89302 63478
89402 35220
89502 63980
89602 33926
89702 3596
89802 24808
89902 34932
90002 58086
90102 34860
