102 34666
202 5956
302 4969
402 59767
502 59179
602 42463
702 11729
802 9964
902 14191
1002 46156
1102 57831
1202 62578
1302 36498
1402 34685
1502 55985
1602 29344
1702 64490
1802 60113
1902 37470
2002 51695
2102 46986
2202 22703
2302 8248
2402 55633
2502 22542
2602 43793
2702 38746
2802 63129
2902 18250
3002 29227
3102 23906
3202 25919
3302 37676
3402 458
3502 40693
3602 63577
3702 29182
3802 39894
3902 36547
4002 59751
4102 46190
4202 48993
4302 23778
4402 30265
4502 9832
4602 43247
4702 49879
4802 21368
4902 25857
5002 29212
5102 27159
5202 51750
5302 56886
5402 9994
5502 57021
5602 51454
5702 65453
5802 30522
5902 7709
6002 14185
6102 28427
6202 24074
6302 52371
6402 33717
6502 24171
6602 37725
6702 6091
6802 44549
6902 11009
7002 56749
7102 55847
7202 19897
7302 36658
7402 26580
7502 26109
7602 20461
7702 42740
7802 47291
7902 57977
8002 19699
8102 6399
8202 56477
8302 45456
8402 51817
8502 42731
8602 34969
8702 34867
8802 24434
8902 25559
9002 39552
9102 57210
9202 20795
9302 29312
9402 50668
9502 5572
9602 9880
9702 29875
9802 58477
9902 20071
10002 58803
10102 26214
10202 28380
10302 6496
10402 61438
10502 27961
10602 38235
10702 56343
10802 15190
10902 46674
11002 22508
11102 44717
11202 16843
11302 58193
11402 64290
11502 333
11602 1616
11702 26530
11802 25767
11902 61933
12002 48869
12102 44510
12202 38846
12302 45966
12402 29884
12502 61362
12602 45725
12702 19161
12802 20888
12902 12796
13002 36758
13102 20275
13202 13181
13302 21885
13402 9886
13502 19509
13602 59230
13702 4496
13802 3919
13902 49162
14002 43945
14102 44452
14202 37893
14302 18171
14402 41220
14502 51805
14602 23695
14702 46688
14802 52320
14902 51123
15002 41680
15102 34322
15202 36553
15302 17439
15402 42877
15502 4822
15602 6707
15702 9232
15802 21185
15902 751
16002 16409
16102 32464
16202 12514
16302 59251
16402 49093
16502 22604
16602 64671
16702 52514
16802 3182
16902 41873
17002 45843
17102 21657
17202 64299
17302 63630
17402 63025
17502 40338
17602 21713
17702 58537
17802 21154
17902 39422
18002 24298
18102 41107
18202 62355
18302 43750
18402 52355
18502 37029
18602 49112
18702 13906
18802 24959
18902 23073
19002 33711
19102 28945
19202 51607
19302 36326
19402 43986
19502 9028
19602 20966
19702 34032
19802 34475
19902 23404
20002 38388
20102 25088
20202 34833
20302 32443
20402 56418
20502 31497
20602 28561
20702 4620
20802 54165
20902 42925
21002 16509
21102 39791
21202 36706
21302 16730
21402 56576
21502 1019
21602 61155
21702 44163
21802 46857
21902 2738
22002 50141
22102 12603
22202 29240
22302 59741
22402 45996
22502 29952
22602 40178
22702 4931
22802 43001
22902 19267
23002 3
23102 2302
23202 2444
23302 19785
23402 55807
23502 12810
23602 58534
23702 62060
23802 37072
23902 53150
24002 38376
24102 23106
24202 31955
24302 62041
24402 55668
24502 63179
24602 38983
24702 21038
24802 13016
24902 2152
25002 12051
25102 33803
25202 44313
25302 41657
25402 47433
25502 38223
25602 22399
25702 14254
25802 49611
25902 31169
26002 59613
26102 29791
26202 58011
26302 41323
26402 42531
26502 42176
26602 49826
26702 51862
26802 51218
26902 1870
27002 5062
27102 59199
27202 63807
27302 46168
27402 6983
27502 22727
27602 25643
27702 18457
27802 63331
27902 6788
28002 16773
28102 37574
28202 7874
28302 11337
28402 58281
28502 65440
28602 41372
28702 5653
28802 28159
28902 58060
29002 12401
29102 10327
29202 919
29302 27515
29402 37149
29502 52232
29602 34160
29702 46726
29802 23467
29902 46467
30002 57939
30102 47334
30202 42573
30302 51953
30402 51321
30502 64785
30602 18219
30702 3835
30802 65114
30902 35148
31002 61572
31102 44778
31202 9390
31302 29923
31402 55881
31502 5966
31602 41677
31702 13567
31802 40492
31902 16621
32002 51412
32102 65218
32202 41964
32302 50994
32402 19283
32502 11821
32602 38925
32702 3589
32802 65030
32902 20665
33002 12508
33102 7861
33202 27159
33302 44776
33402 51565
33502 12732
33602 15563
33702 57518
33802 51006
33902 54872
34002 50699
34102 22423
34202 18708
34302 24726
34402 41545
34502 63174
34602 9628
34702 47909
34802 2896
34902 16326
35002 33769
35102 35575
35202 45145
35302 46840
35402 56156
35502 57879
35602 30960
35702 62396
35802 56061
35902 54739
36002 22270
36102 39041
36202 28947
36302 52687
36402 35320
36502 14663
36602 16291
36702 60099
36802 5668
36902 55538
37002 33881
37102 55405
37202 47894
37302 30561
37402 12938
37502 8171
37602 9655
37702 64797
37802 12298
37902 21822
38002 418
38102 24851
38202 12555
38302 47651
38402 20179
38502 31778
38602 33128
38702 26982
38802 33170
38902 15219
39002 7277
39102 43466
39202 28271
39302 363
39402 10591
39502 25893
39602 1516
39702 2931
39802 47274
39902 48551
40002 38415
40102 50395
40202 31199
40302 39926
40402 53460
40502 26432
40602 42044
40702 39190
40802 30402
40902 24065
41002 36563
41102 38527
41202 15361
41302 9459
41402 48432
41502 41293
41602 16220
41702 32762
41802 27709
41902 58635
42002 42097
42102 34933
42202 23593
42302 16654
42402 25678
42502 1542
42602 64662
42702 40619
42802 50276
42902 49650
43002 49862
43102 1310
43202 913
43302 35329
43402 11868
43502 38326
43602 10586
43702 65352
43802 15214
43902 47967
44002 49608
44102 17502
44202 35744
44302 56642
44402 39238
44502 30167
44602 27301
44702 60805
44802 47115
44902 30011
45002 7108
45102 4367
45202 34474
45302 57128
45402 6127
45502 44607
45602 2679
45702 29364
45802 23435
45902 3979
46002 52221
46102 29759
46202 24310
46302 30880
46402 49805
46502 3671
46602 24905
46702 30278
46802 4169
46902 34560
47002 59155
47102 3922
47202 6288
47302 7465
47402 19269
47502 51077
47602 10039
47702 58202
47802 39952
47902 53138
48002 30224
48102 65433
48202 43405
48302 14668
48402 61557
48502 7601
48602 5940
48702 43396
48802 49070
48902 58786
49002 23413
49102 36805
49202 65008
49302 10823
49402 22439
49502 13875
49602 46090
49702 17515
49802 25979
49902 21123
50002 18747
50102 43077
50202 14929
50302 7962
50402 33827
50502 29026
50602 36856
50702 52639
50802 4431
50902 41711
51002 60730
51102 25762
51202 57557
51302 4862
51402 25694
51502 17849
51602 39775
51702 22514
51802 40176
51902 53571
52002 6527
52102 28866
52202 19122
52302 64288
52402 39996
52502 22560
52602 45347
52702 46536
52802 60237
52902 44058
53002 19247
53102 25005
53202 11956
53302 60888
53402 56076
53502 44144
53602 3083
53702 5584
53802 9342
53902 23800
54002 37649
54102 38443
54202 24865
54302 2906
54402 25477
54502 17609
54602 56440
54702 19793
54802 22190
54902 34208
55002 33850
55102 601
55202 5886
55302 16615
55402 13759
55502 4055
55602 237
55702 212
55802 5932
55902 15854
56002 31476
56102 21354
56202 26949
56302 8544
56402 56972
56502 37963
56602 7292
56702 7240
56802 32084
56902 23183
57002 19255
57102 32114
57202 37544
57302 2781
57402 8452
57502 52140
57602 36951
57702 2081
57802 45502
57902 19272
58002 60776
58102 11203
58202 30916
58302 57280
58402 21342
58502 48627
58602 2538
58702 22806
58802 49700
58902 55335
59002 24566
59102 64670
59202 14084
59302 55847
59402 61934
59502 16883
59602 60005
59702 55376
59802 37799
59902 47549
60002 54138
60102 33407
60202 26807
60302 42685
60402 3104
60502 47447
60602 15660
60702 27227
60802 29960
60902 27618
61002 30327
61102 43928
61202 38360
61302 31788
61402 11503
61502 64132
61602 59127
61702 9751
61802 42565
61902 58519
62002 2453
62102 45491
62202 13270
62302 41988
62402 23156
62502 59418
62602 58646
62702 36506
62802 51696
62902 33990
63002 53166
63102 61326
63202 31303
63302 14465
63402 6080
63502 48186
63602 39968
63702 42412
63802 64414
63902 16521
64002 18511
64102 16572
64202 31145
64302 49053
64402 31874
64502 17668
64602 44191
64702 39386
64802 45806
64902 61762
65002 51892
65102 19415
65202 2477
65302 12083
65402 16412
65502 63736
65602 45153
65702 14657
65802 28205
65902 18212
66002 3539
66102 21136
66202 43673
66302 36390
66402 32170
66502 21514
66602 33105
66702 44630
66802 16777
66902 7039
67002 55982
67102 27296
67202 63516
67302 10706
67402 16657
67502 31880
67602 23366
67702 22757
67802 26660
67902 53852
68002 38097
68102 48451
68202 19423
68302 56568
68402 29286
68502 6383
68602 40729
68702 19151
68802 46116
68902 16480
69002 18238
69102 37663
69202 64333
69302 47730
69402 53725
69502 29685
69602 24181
69702 35099
69802 452
69902 13833
70002 54838
70102 60058
70202 62546
70302 5959
70402 43011
70502 22661
70602 2940
70702 27465
70802 50596
70902 2856
71002 56897
71102 59400
71202 46261
71302 652
71402 13397
71502 64132
71602 27550
71702 22758
71802 5218
71902 64409
72002 35979
72102 5789
72202 45280
72302 14470
72402 16858
72502 36479
72602 44561
72702 64904
72802 24654
72902 23093
73002 53544
73102 14808
73202 60413
73302 2914
73402 44786
73502 23103
73602 60815
73702 2050
73802 33155
73902 2795
74002 20548
74102 48232
74202 20699
74302 22498
74402 17039
74502 19450
74602 39911
74702 153
74802 32593
74902 44478
75002 18393
75102 58274
75202 54285
75302 44830
75402 58911
75502 13450
75602 40638
75702 31370
75802 51350
75902 33641
76002 8481
76102 49349
76202 46280
76302 52679
76402 8076
76502 47593
76602 40315
76702 53322
76802 64343
76902 27818
77002 25435
77102 39212
77202 62089
77302 49566
77402 57583
77502 32731
77602 24029
77702 24100
77802 54100
77902 24725
78002 7183
78102 2240
78202 23161
78302 39849
78402 51356
78502 59254
78602 850
78702 40323
78802 16546
78902 25717
79002 44740
79102 42060
79202 11528
79302 27943
79402 20413
79502 60707
79602 56159
79702 32915
79802 52135
79902 41623
80002 41905
80102 23668
80202 11888
80302 45859
80402 31146
80502 92
80602 58652
80702 13957
80802 9589
80902 2288
81002 677
81102 46945
81202 20242
81302 35377
81402 50486
81502 13577
81602 35959
81702 11786
81802 60144
81902 26494
82002 23883
82102 23321
82202 17427
82302 9536
82402 51414
82502 63435
82602 37107
82702 19222
82802 45103
82902 11111
83002 59633
83102 52101
83202 31798
83302 21620
83402 33071
83502 30047
83602 40093
83702 58962
83802 6097
83902 11428
84002 16927
84102 45180
84202 41118
84302 63267
84402 42887
84502 33349
84602 44760
84702 26753
84802 3713
84902 34590
85002 5008
85102 40043
85202 37536
85302 31268
85402 46429
85502 7291
85602 18952
85702 10267
85802 3465
85902 42400
86002 36008
86102 48125
86202 6309
86302 27797
86402 39471
86502 34429
86602 57642
86702 9501
86802 39686
86902 52034
87002 3400
87102 13057
87202 50364
87302 1940
87402 30211
87502 13929
87602 42129
87702 12184
87802 31141
87902 32727
88002 2314
88102 27900
88202 46274
88302 42557
88402 11547
88502 57882
88602 2791
88702 15428
88802 45234
88902 63088
89002 16801
89102 48062
89202 42757
89302 25333
89402 46147
89502 985
89602 1553
89702 5004
89802 39878
89902 53266
90002 7795
90102 38148
