102 9750
202 60054
302 6308
402 6240
502 23526
602 25562
702 5009
802 22315
902 22085
1002 54512
1102 15307
1202 58810
1302 35055
1402 27869
1502 2451
1602 20834
1702 6297
1802 37682
1902 53627
2002 5412
2102 7695
2202 43249
2302 7173
2402 62736
2502 17075
2602 49124
2702 25007
2802 55957
2902 48414
3002 829
3102 47310
3202 2400
3302 37115
3402 49673
3502 13424
3602 25954
3702 5392
3802 64895
3902 56227
4002 8622
4102 14116
4202 46488
4302 57390
4402 40921
4502 40197
4602 55720
4702 36630
4802 18243
4902 56574
5002 3759
5102 13580
5202 51925
5302 7373
5402 33901
5502 63429
5602 3557
5702 48131
5802 64998
5902 64595
6002 15102
6102 44970
6202 33574
6302 47224
6402 57906
6502 39258
6602 44805
6702 37791
6802 33690
6902 50029
7002 18029
7102 59923
7202 61271
7302 35859
7402 41618
7502 50583
7602 50120
7702 19710
7802 47132
7902 49907
8002 7605
8102 48548
8202 11162
8302 36125
8402 49645
8502 22889
8602 37407
8702 61917
8802 57273
8902 3557
9002 6979
9102 59562
9202 6048
9302 39027
9402 16217
9502 39323
9602 17540
9702 62629
9802 34200
9902 58459
10002 54990
10102 14991
10202 41195
10302 15734
10402 46784
10502 36889
10602 5692
10702 29628
10802 25160
10902 23715
11002 40032
11102 57974
11202 35590
11302 46573
11402 771
11502 47117
11602 47215
11702 36615
11802 65159
11902 63795
12002 48506
12102 41202
12202 43675
12302 21850
12402 59518
12502 57684
12602 64679
12702 49026
12802 38226
12902 51287
13002 4806
13102 21996
13202 41820
13302 50907
13402 34918
13502 56171
13602 7271
13702 65318
13802 63537
13902 16581
14002 19508
14102 37309
14202 55765
14302 24496
14402 48587
14502 25453
14602 10307
14702 27443
14802 57416
14902 25659
15002 42013
15102 16928
15202 35997
15302 588
15402 19190
15502 7831
15602 46796
15702 57586
15802 25785
15902 50460
16002 22950
16102 10270
16202 53902
16302 29777
16402 32043
16502 1729
16602 37550
16702 31595
16802 50509
16902 32722
17002 18775
17102 65233
17202 59397
17302 35789
17402 1948
17502 15849
17602 40088
17702 9046
17802 58473
17902 22705
18002 26638
18102 1414
18202 35788
18302 10898
18402 27790
18502 33629
18602 48466
18702 58809
18802 13892
18902 62936
19002 18071
19102 38465
19202 62992
19302 6803
19402 43829
19502 34374
19602 51088
19702 38971
19802 19662
19902 24427
20002 63545
20102 48112
20202 64441
20302 15925
20402 37865
20502 59765
20602 16140
20702 32800
20802 60171
20902 55838
21002 22814
21102 48211
21202 28729
21302 6841
21402 37327
21502 15955
21602 949
21702 19902
21802 4488
21902 30727
22002 19381
22102 24747
22202 1791
22302 54503
22402 33978
22502 15955
22602 51884
22702 44233
22802 61701
22902 6984
23002 36635
23102 40076
23202 50968
23302 22812
23402 38266
23502 228
23602 40858
23702 64050
23802 16807
23902 56654
24002 4430
24102 44071
24202 43148
24302 17572
24402 43486
24502 54541
24602 33664
24702 47688
24802 25690
24902 63519
25002 36010
25102 53167
25202 35659
25302 5896
25402 53056
25502 38433
25602 29029
25702 32805
25802 51414
25902 36238
26002 6090
26102 37654
26202 42720
26302 32446
26402 43164
26502 59151
26602 32753
26702 45919
26802 4445
26902 24606
27002 59319
27102 37960
27202 49746
27302 53621
27402 33602
27502 29630
27602 27600
27702 32324
27802 47525
27902 17690
28002 58208
28102 11215
28202 13334
28302 25897
28402 51258
28502 63145
28602 60270
28702 24691
28802 24779
28902 28884
29002 25047
29102 34423
29202 62300
29302 60283
29402 52193
29502 7522
29602 43585
29702 62634
29802 60662
29902 15915
30002 30472
30102 48216
30202 22949
30302 22191
30402 62326
30502 9668
30602 29584
30702 5960
30802 36472
30902 19500
31002 22360
31102 6679
31202 8589
31302 33386
31402 29491
31502 51884
31602 62380
31702 53009
31802 18478
31902 12316
32002 18831
32102 27272
32202 1148
32302 52851
32402 39906
32502 50585
32602 18583
32702 17803
32802 52192
32902 44883
33002 35262
33102 32314
33202 62549
33302 63211
33402 7567
33502 56791
33602 5481
33702 38155
33802 50246
33902 39968
34002 1502
34102 9511
34202 47213
34302 64110
34402 5565
34502 35761
34602 23490
34702 23882
34802 56179
34902 57483
35002 54876
35102 63213
35202 749
35302 12438
35402 46932
35502 51261
35602 16926
35702 42158
35802 3453
35902 23771
36002 19991
36102 18630
36202 52628
36302 36377
36402 52187
36502 64708
36602 47117
36702 60585
36802 9184
36902 5261
37002 51061
37102 4296
37202 5056
37302 12230
37402 24257
37502 49246
37602 55149
37702 19574
37802 32151
37902 35989
38002 11904
38102 12141
38202 2093
38302 61368
38402 34820
38502 56422
38602 28834
38702 22050
38802 36341
38902 1874
39002 48447
39102 9041
39202 44632
39302 51419
39402 28730
39502 29454
39602 44401
39702 4743
39802 249
39902 19053
40002 740
40102 23889
40202 219
40302 62273
40402 63971
40502 18407
40602 62754
40702 57848
40802 13491
40902 25201
41002 26104
41102 51450
41202 30972
41302 39525
41402 45652
41502 26855
41602 45314
41702 31443
41802 8882
41902 51178
42002 38796
42102 14002
42202 24105
42302 9749
42402 56402
42502 43988
42602 50186
42702 38648
42802 947
42902 17746
43002 37369
43102 37740
43202 27226
43302 5217
43402 42565
43502 47034
43602 17758
43702 25714
43802 29023
43902 49292
44002 52745
44102 33270
44202 7025
44302 37453
44402 30008
44502 35201
44602 2428
44702 1883
44802 13822
44902 53152
45002 24392
45102 17382
45202 47657
45302 11383
45402 64022
45502 42926
45602 10202
45702 23172
45802 63257
45902 59794
46002 61956
46102 18281
46202 34628
46302 57964
46402 31874
46502 23042
46602 5276
46702 23873
46802 1893
46902 58909
47002 7493
47102 21113
47202 8020
47302 87
47402 27822
47502 802
47602 55773
47702 44129
47802 5008
47902 7218
48002 19406
48102 21353
48202 2044
48302 23164
48402 25402
48502 15220
48602 25488
48702 18144
48802 53756
48902 49862
49002 25126
49102 7664
49202 31025
49302 48270
49402 21102
49502 43143
49602 55814
49702 21549
49802 10099
49902 31357
50002 37581
50102 52441
50202 52375
50302 53807
50402 62364
50502 63854
50602 32667
50702 14160
50802 56793
50902 50645
51002 29768
51102 16078
51202 25097
51302 61063
51402 60417
51502 20999
51602 5274
51702 35946
51802 25778
51902 7332
52002 18025
52102 15202
52202 58856
52302 42626
52402 1977
52502 43939
52602 51723
52702 60464
52802 41918
52902 11650
53002 11282
53102 574
53202 41359
53302 10549
53402 32588
53502 23388
53602 4331
53702 43928
53802 14792
53902 21037
54002 32683
54102 2355
54202 604
54302 3079
54402 59348
54502 2133
54602 6129
54702 25576
54802 10226
54902 40666
55002 53539
55102 29748
55202 10242
55302 24397
55402 43027
55502 61310
55602 65210
55702 60046
55802 16687
55902 7125
56002 30747
56102 52305
56202 57534
56302 44828
56402 55041
56502 41491
56602 35445
56702 54248
56802 33861
56902 58098
57002 3893
57102 28529
57202 37109
57302 11067
57402 15004
57502 21365
57602 54716
57702 2848
57802 19848
57902 30796
58002 39945
58102 61274
58202 2178
58302 23579
58402 60216
58502 40739
58602 34217
58702 63051
58802 18825
58902 13496
59002 54517
59102 29065
59202 52244
59302 27487
59402 58851
59502 4958
59602 52445
59702 36822
59802 62060
59902 52185
60002 50608
60102 37849
60202 56277
60302 44377
60402 1058
60502 29980
60602 57426
60702 37498
60802 505
60902 31752
61002 7375
61102 5381
61202 24471
61302 28965
61402 44603
61502 22050
61602 16571
61702 36272
61802 29605
61902 15566
62002 19396
62102 43275
62202 48240
62302 364
62402 49415
62502 28862
62602 60397
62702 51290
62802 25055
62902 39378
63002 52581
63102 7157
63202 1602
63302 45280
63402 7667
63502 50482
63602 38129
63702 33990
63802 48020
63902 56861
64002 15620
64102 62256
64202 19444
64302 13556
64402 64770
64502 34718
64602 15208
64702 57002
64802 20727
64902 44676
65002 62153
65102 6729
65202 24657
65302 36159
65402 28983
65502 28893
65602 25800
65702 8323
65802 26721
65902 13595
66002 22269
66102 32520
66202 48260
66302 63110
66402 17964
66502 27983
66602 8979
66702 60138
66802 15400
66902 18542
67002 33354
67102 13214
67202 15636
67302 6618
67402 17679
67502 58147
67602 49739
67702 17759
67802 57587
67902 54337
68002 16316
68102 3996
68202 62647
68302 19995
68402 53911
68502 17413
68602 49251
68702 27085
68802 63236
68902 8905
69002 22413
69102 15028
69202 58447
69302 5452
69402 37578
69502 26200
69602 12070
69702 24072
69802 16644
69902 55102
70002 7865
70102 37860
70202 5399
70302 11991
70402 3093
70502 791
70602 6393
70702 8621
70802 40855
70902 36381
71002 19020
71102 52088
71202 44694
71302 37224
71402 29056
71502 11406
71602 21225
71702 34892
71802 35241
71902 64009
72002 22780
72102 15503
72202 48854
72302 37198
72402 7612
72502 34901
72602 22356
72702 43341
72802 63041
72902 44742
73002 6451
73102 63360
73202 51255
73302 13755
73402 13619
73502 40597
73602 5042
73702 11089
73802 24316
73902 9751
74002 61413
74102 41977
74202 25716
74302 59837
74402 56758
74502 44857
74602 27850
74702 50502
74802 28436
74902 32526
75002 5455
75102 63874
75202 62366
75302 48072
75402 37423
75502 7603
75602 50265
75702 9475
75802 412
75902 62753
76002 48085
76102 59981
76202 13067
76302 21098
76402 40671
76502 41520
76602 53860
76702 36496
76802 61846
76902 54642
77002 12775
77102 36913
77202 9116
77302 49825
77402 2316
77502 38507
77602 27629
77702 63782
77802 39986
77902 59915
78002 60599
78102 49160
78202 9110
78302 23680
78402 4654
78502 9385
78602 45603
78702 34682
78802 29806
78902 8748
79002 21502
79102 39484
79202 847
79302 54457
79402 5482
79502 14788
79602 64560
79702 2245
79802 23294
79902 7312
80002 16000
80102 28320
80202 27865
80302 58502
80402 52055
80502 916
80602 49131
80702 39940
80802 39041
80902 3703
81002 29385
81102 1743
81202 51912
81302 33147
81402 27052
81502 47545
81602 26297
81702 33319
81802 18816
81902 64608
82002 26429
82102 3380
82202 21127
82302 36103
82402 11040
82502 15006
82602 41415
82702 6851
82802 23420
82902 17863
83002 18546
83102 37407
83202 41003
83302 27608
83402 43614
83502 23705
83602 14439
83702 57181
83802 702
83902 18383
84002 9548
84102 58392
84202 2342
84302 29712
84402 4588
84502 48301
84602 59572
84702 52691
84802 42350
84902 24265
85002 59626
85102 19151
85202 34333
85302 49995
85402 29893
85502 22027
85602 2678
85702 26555
85802 36707
85902 20335
86002 14894
86102 34456
86202 49723
86302 3033
86402 13017
86502 55178
86602 57986
86702 42213
86802 16176
86902 53460
87002 5746
87102 24049
87202 39097
87302 62191
87402 16981
87502 43355
87602 52884
87702 16482
87802 48786
87902 8155
88002 26559
88102 51533
88202 41192
88302 2093
88402 12338
88502 63552
88602 46720
88702 65430
88802 38464
88902 21151
89002 38866
89102 42624
89202 1563
89302 48694
89402 13859
89502 4115
89602 44100
89702 34127
89802 63630
89902 19696
90002 9657
90102 29221
