102 39907
202 5824
302 11044
402 26351
502 19562
602 34098
702 14905
802 27899
902 52004
1002 60182
1102 51091
1202 30478
1302 4988
1402 31220
1502 3450
1602 63367
1702 20155
1802 64224
1902 10361
2002 43186
2102 44392
2202 20819
2302 44149
2402 59984
2502 55615
2602 59466
2702 35477
2802 19213
2902 62348
3002 61485
3102 19157
3202 19164
3302 51262
3402 53839
3502 18878
3602 24241
3702 56170
3802 37000
3902 20987
4002 19881
4102 5081
4202 60115
4302 34442
4402 52658
4502 16563
4602 3758
4702 29680
4802 18064
4902 43674
5002 17155
5102 41877
5202 28107
5302 50809
5402 34839
5502 34499
5602 37605
5702 12914
5802 12819
5902 40566
6002 62073
6102 2044
6202 40713
6302 1135
6402 58368
6502 59316
6602 49846
6702 40548
6802 60098
6902 34155
7002 3007
7102 33498
7202 39225
7302 4035
7402 32435
7502 37157
7602 5689
7702 44097
7802 48191
7902 62720
8002 45634
8102 34274
8202 20261
8302 2133
8402 20681
8502 16601
8602 40362
8702 42601
8802 58159
8902 47936
9002 53928
9102 57974
9202 10551
9302 2024
9402 62068
9502 55494
9602 64817
9702 11476
9802 1712
9902 44108
10002 50440
10102 1174
10202 8106
10302 17494
10402 43434
10502 1000
10602 15079
10702 30793
10802 52248
10902 26770
11002 49518
11102 20005
11202 33364
11302 46536
11402 5907
11502 59367
11602 60252
11702 27222
11802 38330
11902 62105
12002 6553
12102 63510
12202 33644
12302 28463
12402 60211
12502 9727
12602 19458
12702 49268
12802 55700
12902 957
13002 48222
13102 12281
13202 20664
13302 58942
13402 34566
13502 13446
13602 33035
13702 27125
13802 59868
13902 65424
14002 47117
14102 43438
14202 7410
14302 34257
14402 54190
14502 42675
14602 65478
14702 33472
14802 41332
14902 24946
15002 44261
15102 25889
15202 40697
15302 58268
15402 41464
15502 55376
15602 38305
15702 55905
15802 5975
15902 58944
16002 34137
16102 54490
16202 19526
16302 58163
16402 64646
16502 23083
16602 26541
16702 23181
16802 64201
16902 29984
17002 45393
17102 35118
17202 49597
17302 60111
17402 35509
17502 49498
17602 42881
17702 50514
17802 2881
17902 15772
18002 56601
18102 63751
18202 29434
18302 1554
18402 35204
18502 45997
18602 35004
18702 28244
18802 30755
18902 44189
19002 44315
19102 35593
19202 2734
19302 25841
19402 40481
19502 8546
19602 54502
19702 12233
19802 48313
19902 26243
20002 46813
20102 16272
20202 33212
20302 30369
20402 50509
20502 24999
20602 11828
20702 50356
20802 9140
20902 36839
21002 27752
21102 51772
21202 16250
21302 38669
21402 41756
21502 14194
21602 15075
21702 64355
21802 26525
21902 10830
22002 49654
22102 33818
22202 63749
22302 4545
22402 47733
22502 2079
22602 62473
22702 21351
22802 27960
22902 50734
23002 18727
23102 24497
23202 32804
23302 18092
23402 44450
23502 59088
23602 3384
23702 49631
23802 11024
23902 12752
24002 35954
24102 51332
24202 56810
24302 6048
24402 27636
24502 41447
24602 61977
24702 38187
24802 18053
24902 19898
25002 24067
25102 47346
25202 4445
25302 61030
25402 3922
25502 64605
25602 50066
25702 29580
25802 11107
25902 60457
26002 43994
26102 44685
26202 51622
26302 53818
26402 6321
26502 27071
26602 45125
26702 47953
26802 22567
26902 288
27002 33546
27102 37238
27202 64660
27302 24138
27402 32348
27502 59946
27602 28230
27702 39574
27802 8678
27902 27430
28002 54706
28102 8532
28202 20737
28302 31
28402 26290
28502 34735
28602 40790
28702 22518
28802 48308
28902 37298
29002 56772
29102 26718
29202 44437
29302 7266
29402 37601
29502 48556
29602 20661
29702 12477
29802 26502
29902 30212
30002 42812
30102 11978
30202 47426
30302 52973
30402 53329
30502 546
30602 4534
30702 794
30802 16652
30902 29216
31002 49269
31102 62469
31202 13138
31302 41156
31402 53260
31502 63975
31602 21371
31702 32368
31802 17213
31902 47395
32002 7016
32102 28937
32202 26181
32302 41596
32402 29536
32502 35458
32602 42620
32702 50516
32802 4675
32902 8800
33002 1737
33102 22775
33202 42000
33302 52742
33402 46231
33502 39163
33602 34251
33702 14990
33802 6475
33902 18821
34002 35290
34102 6820
34202 53282
34302 35269
34402 48130
34502 55613
34602 57910
34702 28094
34802 49967
34902 33757
35002 62684
35102 2522
35202 37573
35302 48342
35402 52903
35502 44944
35602 25469
35702 22543
35802 46230
35902 50805
36002 44974
36102 62062
36202 13199
36302 6751
36402 12513
36502 48327
36602 40385
36702 39444
36802 35045
36902 39166
37002 19961
37102 40526
37202 48232
37302 50111
37402 36538
37502 6660
37602 51007
37702 60232
37802 33559
37902 65324
38002 276
38102 27963
38202 3306
38302 29731
38402 51451
38502 15764
38602 42936
38702 2880
38802 3306
38902 27586
39002 20986
39102 4233
39202 31965
39302 54163
39402 61542
39502 28299
39602 11782
39702 364
39802 64878
39902 27336
40002 22376
40102 59609
40202 25733
40302 63142
40402 4109
40502 33017
40602 28597
40702 38409
40802 18222
40902 23888
41002 1805
41102 36860
41202 19858
41302 21832
41402 59868
41502 32899
41602 47828
41702 24084
41802 14951
41902 39981
42002 61267
42102 12157
42202 4683
42302 41722
42402 53630
42502 64987
42602 56213
42702 40836
42802 42492
42902 9449
43002 55863
43102 3469
43202 64887
43302 57212
43402 16488
43502 60636
43602 44568
43702 23821
43802 53631
43902 9664
44002 6143
44102 30083
44202 64165
44302 14886
44402 10680
44502 46724
44602 41319
44702 26115
44802 12467
44902 15167
45002 59991
45102 19561
45202 54527
45302 44610
45402 35919
45502 54247
45602 25517
45702 65180
45802 18893
45902 61858
46002 30881
46102 20456
46202 57355
46302 32458
46402 11383
46502 43058
46602 63106
46702 3172
46802 12561
46902 29534
47002 59472
47102 39423
47202 25390
47302 47402
47402 35219
47502 8019
47602 7747
47702 27100
47802 36581
47902 60232
48002 54767
48102 36900
48202 1787
48302 45977
48402 53764
48502 12807
48602 13634
48702 46862
48802 64959
48902 20090
49002 13252
49102 55838
49202 13628
49302 43414
49402 53827
49502 25317
49602 13099
49702 23884
49802 50035
49902 60092
50002 56915
50102 12806
50202 57362
50302 57497
50402 20709
50502 37693
50602 50430
50702 2130
50802 56342
50902 18114
51002 9956
51102 10209
51202 51741
51302 48973
51402 36184
51502 59593
51602 12481
51702 4610
51802 58814
51902 22992
52002 3111
52102 16043
52202 48922
52302 17716
52402 64974
52502 62482
52602 56083
52702 54063
52802 19271
52902 46046
53002 57669
53102 41279
53202 12072
53302 26935
53402 4105
53502 15419
53602 56756
53702 33244
53802 58253
53902 32719
54002 48147
54102 6476
54202 12006
54302 46764
54402 26682
54502 40780
54602 13317
54702 36524
54802 28066
54902 62958
55002 16218
55102 43109
55202 56797
55302 49500
55402 59915
55502 41449
55602 34848
55702 31946
55802 34177
55902 46063
56002 48951
56102 33521
56202 37012
56302 43768
56402 45004
56502 3399
56602 38499
56702 57188
56802 26874
56902 28693
57002 47169
57102 39166
57202 53034
57302 5218
57402 45140
57502 30620
57602 22875
57702 60927
57802 42571
57902 13844
58002 15453
58102 11088
58202 58369
58302 3213
58402 64037
58502 36786
58602 20363
58702 3113
58802 20509
58902 7370
59002 60590
59102 40457
59202 5575
59302 3197
59402 55347
59502 22423
59602 22621
59702 2679
59802 54545
59902 20539
60002 11350
60102 65147
60202 19134
60302 34767
60402 19111
60502 61405
60602 56984
60702 59047
60802 62626
60902 62045
61002 38908
61102 34034
61202 4636
61302 6992
61402 20977
61502 61971
61602 36381
61702 34448
61802 35457
61902 771
62002 56542
62102 19628
62202 18979
62302 3386
62402 19860
62502 59373
62602 64894
62702 6168
62802 854
62902 4484
63002 15888
63102 54054
63202 25349
63302 15600
63402 50486
63502 33343
63602 33322
63702 1935
63802 62444
63902 22355
64002 3176
64102 51409
64202 50989
64302 9625
64402 17068
64502 17283
64602 30043
64702 52679
64802 12976
64902 56569
65002 32977
65102 10578
65202 37133
65302 35233
65402 43357
65502 61612
65602 36337
65702 32504
65802 3166
65902 7765
66002 48446
66102 49839
66202 48525
66302 37556
66402 3185
66502 53755
66602 24031
66702 19075
66802 13824
66902 62298
67002 23919
67102 346
67202 48640
67302 11147
67402 61470
67502 42546
67602 14651
67702 42711
67802 40523
67902 44248
68002 29675
68102 33602
68202 5894
68302 59976
68402 45585
68502 62692
68602 33754
68702 1041
68802 3403
68902 22210
69002 27416
69102 18879
69202 63684
69302 18086
69402 40556
69502 18226
69602 1892
69702 1574
69802 173
69902 39084
70002 44950
70102 4574
70202 11645
70302 17849
70402 15733
70502 19323
70602 42217
70702 63450
70802 45706
70902 63084
71002 3180
71102 56913
71202 56266
71302 41613
71402 52268
71502 3238
71602 31435
71702 8751
71802 55002
71902 31931
72002 57025
72102 55202
72202 59668
72302 46553
72402 15675
72502 26702
72602 31580
72702 51429
72802 8555
72902 27099
73002 3451
73102 10781
73202 61598
73302 63891
73402 22072
73502 55958
73602 15624
73702 29674
73802 43826
73902 11173
74002 49017
74102 26463
74202 5700
74302 35923
74402 25095
74502 52797
74602 1407
74702 30571
74802 28685
74902 54577
75002 21115
75102 55247
75202 19697
75302 16862
75402 45098
75502 7294
75602 59892
75702 41206
75802 9970
75902 35148
76002 49735
76102 6147
76202 29450
76302 60182
76402 9437
76502 58152
76602 2293
76702 47503
76802 29359
76902 42926
77002 28259
77102 46278
77202 5582
77302 61447
77402 13036
77502 2471
77602 48701
77702 28221
77802 12095
77902 60165
78002 56986
78102 16265
78202 32477
78302 24682
78402 8681
78502 664
78602 64517
78702 9034
78802 46437
78902 42313
79002 40511
79102 57366
79202 3130
79302 50223
79402 2221
79502 50460
79602 29888
79702 12791
79802 20894
79902 7406
80002 14776
80102 18401
80202 44271
80302 52818
80402 61403
80502 26689
80602 2142
80702 25861
80802 50849
80902 46336
81002 36226
81102 38980
81202 28713
81302 33360
81402 41279
81502 7898
81602 51083
81702 30525
81802 1626
81902 16195
82002 51763
82102 56274
82202 6040
82302 47882
82402 6047
82502 59214
82602 59389
82702 31462
82802 63987
82902 65389
83002 61252
83102 3367
83202 26013
83302 5304
83402 8636
83502 64065
83602 29844
83702 45391
83802 2603
83902 38997
84002 42500
84102 36925
84202 2353
84302 7661
84402 46534
84502 64642
84602 32595
84702 14093
84802 31943
84902 3485
85002 25824
85102 963
85202 44705
85302 50675
85402 24896
85502 6667
85602 21257
85702 51254
85802 57185
85902 45341
86002 26594
86102 46694
86202 11615
86302 19038
86402 32276
86502 24157
86602 26787
86702 52634
86802 41635
86902 1867
87002 52703
87102 56631
87202 10334
87302 251
87402 9733
87502 40499
87602 3394
87702 23350
87802 24031
87902 34613
88002 19944
88102 12841
88202 36770
88302 60140
88402 62660
88502 11413
88602 43764
88702 23708
88802 64691
88902 42710
89002 23254
89102 47940
89202 29014
89302 41702
89402 8032
89502 35433
89602 19866
89702 57640
89802 46666
89902 1438
90002 7703
90102 21853
