102 31230
202 28025
302 11692
402 34661
502 33609
602 6429
702 38295
802 36782
902 16271
1002 61603
1102 26295
1202 24107
1302 25531
1402 26292
1502 55458
1602 25612
1702 28248
1802 29615
1902 62791
2002 8328
2102 13336
2202 34342
2302 39717
2402 45490
2502 52132
2602 61294
2702 53336
2802 19110
2902 27639
3002 30014
3102 28282
3202 7703
3302 64225
3402 2049
3502 8212
3602 64194
3702 52890
3802 29972
3902 72
4002 17224
4102 19485
4202 6185
4302 50084
4402 53360
4502 49787
4602 10716
4702 42278
4802 2487
4902 11245
5002 61013
5102 34676
5202 51252
5302 20822
5402 39506
5502 59816
5602 40491
5702 54892
5802 611
5902 2814
6002 53713
6102 46066
6202 13796
6302 14009
6402 44430
6502 41242
6602 59495
6702 24869
6802 30190
6902 49319
7002 57383
7102 45533
7202 20265
7302 20844
7402 3341
7502 58489
7602 25835
7702 14876
7802 31543
7902 3259
8002 23384
8102 48572
8202 11
8302 53489
8402 40891
8502 13849
8602 38708
8702 28877
8802 64081
8902 37579
9002 43506
9102 25246
9202 27834
9302 61762
9402 21275
9502 60386
9602 6642
9702 31278
9802 46920
9902 57181
10002 16539
10102 46311
10202 53081
10302 5301
10402 58270
10502 34903
10602 32024
10702 24026
10802 63063
10902 9775
11002 56985
11102 3928
11202 43641
11302 55044
11402 46620
11502 59931
11602 19243
11702 5325
11802 313
11902 16636
12002 25771
12102 25642
12202 39465
12302 29121
12402 30805
12502 9072
12602 34099
12702 1353
12802 30141
12902 43110
13002 45109
13102 26386
13202 29992
13302 49048
13402 6386
13502 3178
13602 17590
13702 56202
13802 2446
13902 37229
14002 41825
14102 15121
14202 26685
14302 35777
14402 5140
14502 52496
14602 29368
14702 58774
14802 60924
14902 59520
15002 59114
15102 28855
15202 61092
15302 57526
15402 12440
15502 45627
15602 52551
15702 14222
15802 57016
15902 22736
16002 19846
16102 39152
16202 18518
16302 51545
16402 33597
16502 15872
16602 31285
16702 53377
16802 25844
16902 45756
17002 13061
17102 25045
17202 7045
17302 35501
17402 59953
17502 46546
17602 31353
17702 2481
17802 10318
17902 35669
18002 18691
18102 45335
18202 13306
18302 59175
18402 39571
18502 77
18602 37789
18702 6561
18802 39613
18902 30921
19002 21581
19102 3179
19202 19143
19302 63721
19402 8491
19502 64504
19602 36966
19702 42688
19802 51063
19902 28418
20002 12758
20102 48608
20202 9094
20302 18056
20402 30004
20502 49340
20602 20810
20702 26359
20802 50066
20902 40554
21002 10710
21102 10545
21202 16168
21302 2876
21402 18223
21502 17557
21602 33607
21702 62069
21802 36791
21902 9877
22002 47922
22102 55756
22202 12487
22302 50745
22402 34724
22502 58014
22602 23710
22702 45064
22802 18001
22902 31384
23002 24535
23102 26905
23202 17032
23302 56648
23402 674
23502 34456
23602 21747
23702 8604
23802 60413
23902 56800
24002 60636
24102 58913
24202 58326
24302 13616
24402 45294
24502 36473
24602 40758
24702 20812
24802 31511
24902 32595
25002 11351
25102 47438
25202 37527
25302 1625
25402 63583
25502 52455
25602 58577
25702 16360
25802 59523
25902 55519
26002 59329
26102 36909
26202 59696
26302 50935
26402 53988
26502 47752
26602 16558
26702 43627
26802 23526
26902 21203
27002 20611
27102 29815
27202 9994
27302 17987
27402 54000
27502 27969
27602 61720
27702 31620
27802 15771
27902 48320
28002 57179
28102 61596
28202 64036
28302 60437
28402 16822
28502 10462
28602 53956
28702 21600
28802 41689
28902 2819
29002 47752
29102 55016
29202 23285
29302 29520
29402 47415
29502 44984
29602 13348
29702 14811
29802 22705
29902 4202
30002 17159
30102 8727
30202 23158
30302 42094
30402 16314
30502 16698
30602 34870
30702 5559
30802 60014
30902 63156
31002 63657
31102 58562
31202 32520
31302 78
31402 51796
31502 28077
31602 65088
31702 30968
31802 60737
31902 17771
32002 14789
32102 56500
32202 46001
32302 21163
32402 59623
32502 10364
32602 61871
32702 52752
32802 19193
32902 64345
33002 42859
33102 5507
33202 37635
33302 21072
33402 11772
33502 53936
33602 35021
33702 39212
33802 17038
33902 65497
34002 52092
34102 27500
34202 20112
34302 9533
34402 3424
34502 21510
34602 2205
34702 63316
34802 39019
34902 49305
