102 19997
202 9065
302 46011
402 15709
502 58929
602 707
702 3588
802 36531
902 49546
1002 46001
1102 37046
1202 65237
1302 16007
1402 40943
1502 33647
1602 34516
1702 22139
1802 40887
1902 17888
2002 45303
2102 23513
2202 49368
2302 63298
2402 6633
2502 62981
2602 43670
2702 1615
2802 43027
2902 4281
3002 63944
3102 58323
3202 49004
3302 37407
3402 50930
3502 49201
3602 27719
3702 41579
3802 59808
3902 4401
4002 8350
4102 58039
4202 4384
4302 62807
4402 33319
4502 46396
4602 16446
4702 21989
4802 866
4902 7548
5002 57175
5102 55830
5202 25083
5302 33784
5402 13938
5502 62982
5602 58886
5702 42851
5802 45495
5902 32965
6002 57348
6102 40384
6202 3050
6302 33709
6402 2770
6502 16338
6602 49237
6702 51064
6802 21448
6902 59651
7002 33752
7102 10465
7202 16951
7302 59135
7402 45209
7502 52056
7602 9534
7702 22870
7802 48794
7902 38991
8002 56311
8102 25932
8202 61616
8302 5030
8402 62740
8502 40142
8602 56133
8702 34101
8802 36145
8902 20280
9002 6361
9102 35760
9202 48454
9302 26294
9402 23072
9502 44598
9602 50228
9702 56391
9802 52683
9902 36357
10002 60866
10102 25658
10202 35035
10302 26437
10402 24275
10502 27364
10602 63102
10702 1234
10802 4749
10902 39462
11002 20969
11102 56818
11202 41839
11302 10290
11402 413
11502 8599
11602 43755
11702 32362
11802 58662
11902 45584
12002 17555
12102 27630
12202 9111
12302 50612
12402 930
12502 62014
12602 31551
12702 43949
12802 17318
12902 31254
13002 30859
13102 43348
13202 5579
13302 46921
13402 7793
13502 17738
13602 3878
13702 5303
13802 28080
13902 40782
14002 46120
14102 2633
14202 36009
14302 1364
14402 11872
14502 16650
14602 45587
14702 60050
14802 11683
14902 35007
15002 48582
15102 61136
15202 34324
15302 29472
15402 35164
15502 44551
15602 34131
15702 41650
15802 14147
15902 32506
16002 58911
16102 43118
16202 31711
16302 57835
16402 50738
16502 61279
16602 58814
16702 19904
16802 49843
16902 2867
17002 28440
17102 61299
17202 36377
17302 17524
17402 2933
17502 30942
17602 25685
17702 5503
17802 55633
17902 56807
18002 60312
18102 40589
18202 29236
18302 29968
18402 53839
18502 19540
18602 60079
18702 43988
18802 16911
18902 4189
19002 32615
19102 23726
19202 6546
19302 22477
19402 54680
19502 33899
19602 10850
19702 12921
19802 3827
19902 51790
20002 42136
20102 671
20202 57238
20302 26102
20402 16618
20502 11422
20602 12654
20702 14860
20802 42624
20902 5439
21002 55637
21102 9666
21202 753
21302 53040
21402 17260
21502 45210
21602 17620
21702 43541
21802 34761
21902 27090
22002 4912
22102 7007
22202 30654
22302 8068
22402 11379
22502 38193
22602 56057
22702 20814
22802 15280
22902 19341
23002 59488
23102 35555
23202 12083
23302 12481
23402 49150
23502 34111
23602 27304
23702 24383
23802 4855
23902 59888
24002 26581
24102 3204
24202 22373
24302 7144
24402 37405
24502 43818
24602 44262
24702 30821
24802 62179
24902 60653
25002 47574
25102 18958
25202 14581
25302 52099
25402 49812
25502 24462
25602 41101
25702 36571
25802 34945
25902 40113
26002 27990
26102 6660
26202 3287
26302 38403
26402 9127
26502 12280
26602 43167
26702 18369
26802 39476
26902 13479
27002 64102
27102 3174
27202 40996
27302 42475
27402 45832
27502 43339
27602 54648
27702 26993
27802 42469
27902 58266
28002 30144
28102 18840
28202 40264
28302 32359
28402 49164
28502 38885
28602 51167
28702 29538
28802 14037
28902 42140
29002 60777
29102 8526
29202 60054
29302 41272
29402 40950
29502 12953
29602 61452
29702 36223
29802 60109
29902 15098
30002 25183
30102 5190
30202 11996
30302 15893
30402 58334
30502 41057
30602 31229
30702 64823
30802 33685
30902 17774
31002 62925
31102 6878
31202 22438
31302 3965
31402 6086
31502 40106
31602 38639
31702 8113
31802 41992
31902 59970
32002 13144
