102 43059
202 48797
302 19144
402 53348
502 25563
602 648
702 50167
802 38659
902 54755
1002 19446
1102 20473
1202 64966
1302 11649
1402 21383
1502 44162
1602 10866
1702 51306
1802 8556
1902 8576
2002 12095
2102 25362
2202 62055
2302 47033
2402 18060
2502 55819
2602 49090
2702 60719
2802 38454
2902 25832
3002 35173
3102 52285
3202 44611
3302 45337
3402 16990
3502 62136
3602 54569
3702 48496
3802 30345
3902 2486
4002 49548
4102 45572
4202 17095
4302 35127
4402 22972
4502 60623
4602 39268
4702 4347
4802 28110
4902 63155
5002 60889
5102 28662
5202 65032
5302 6280
5402 7835
5502 53779
5602 3708
5702 45772
5802 59716
5902 4865
6002 44273
6102 24306
6202 13973
6302 57606
6402 21458
6502 53531
6602 31349
6702 5066
6802 26190
6902 25611
7002 2793
7102 60329
7202 27990
7302 43470
7402 55483
7502 14761
7602 37903
7702 9931
7802 748
7902 29661
8002 42124
8102 40333
8202 46954
8302 186
8402 15036
8502 45566
8602 19874
8702 10531
8802 2038
8902 35890
9002 33754
9102 27418
9202 6933
9302 9150
9402 41103
9502 49013
9602 23278
9702 13990
9802 21520
9902 15164
10002 41644
10102 9578
10202 64917
10302 31078
10402 41648
10502 18037
10602 25290
10702 11253
10802 53227
10902 22705
11002 26137
11102 59475
11202 21553
11302 54544
11402 64192
11502 25668
11602 34660
11702 30031
11802 10462
11902 16889
12002 44050
12102 58181
12202 29810
12302 56059
12402 19095
12502 52873
12602 8853
12702 9467
12802 58170
12902 5521
13002 58787
13102 51396
13202 49225
13302 35940
13402 22961
13502 42136
13602 53638
13702 64276
13802 16120
13902 64804
14002 4049
14102 45734
14202 19431
14302 51424
14402 39689
14502 41376
14602 35903
14702 56497
14802 24144
14902 13514
15002 45188
15102 43923
15202 15860
15302 56341
15402 62011
15502 40012
15602 32021
15702 30713
15802 19279
15902 29062
16002 56168
16102 33823
16202 61946
16302 5284
16402 47529
16502 59736
16602 16919
16702 20406
16802 23250
16902 7030
17002 10609
17102 20361
17202 36395
17302 48109
17402 52011
17502 29905
17602 13506
17702 4604
17802 3437
17902 64869
18002 51753
18102 55447
18202 56221
18302 54046
18402 3005
18502 9169
18602 39391
18702 17177
18802 8404
18902 48811
19002 53613
19102 64182
19202 21405
19302 23697
19402 63945
19502 50944
19602 17848
19702 29409
19802 4883
19902 37507
20002 4428
20102 4388
20202 12412
20302 13200
20402 2564
20502 18394
20602 53993
20702 9801
20802 57123
20902 62511
21002 4956
21102 31815
21202 61143
21302 52016
21402 47690
21502 23087
21602 23909
21702 35909
21802 25544
21902 30698
22002 38482
22102 55690
22202 62053
22302 41750
22402 34201
22502 9504
22602 10853
22702 8639
22802 33796
22902 18906
23002 52276
23102 24197
23202 52555
23302 24726
23402 6224
23502 26578
23602 36401
23702 47870
23802 9163
23902 53793
24002 9666
24102 37566
24202 8196
24302 24570
24402 28150
24502 11601
24602 62334
24702 53998
24802 4953
24902 47608
25002 34341
25102 1168
25202 3982
25302 26985
25402 20447
25502 58122
25602 42291
25702 2611
25802 5648
25902 41853
26002 16020
26102 51876
26202 50425
26302 4488
26402 58020
26502 53248
26602 44228
26702 45867
26802 12416
26902 14933
27002 61278
27102 40927
27202 29154
27302 8162
27402 9341
27502 41223
27602 31275
27702 5313
27802 11717
27902 42779
28002 55636
28102 25158
28202 38999
28302 23204
28402 15102
28502 39880
28602 47395
28702 60787
28802 24535
28902 64486
29002 56915
29102 21632
29202 34990
29302 24590
29402 34078
29502 38126
29602 34203
29702 43904
29802 27165
29902 26347
30002 60044
30102 31827
30202 5334
30302 46875
30402 53515
30502 54756
30602 21262
30702 19560
30802 22175
30902 63340
31002 15178
31102 44073
31202 15438
31302 16015
31402 24998
31502 11873
31602 39341
31702 56412
31802 3326
31902 5532
32002 62275
32102 14003
32202 13685
32302 23967
32402 17304
32502 65174
32602 19126
32702 4868
32802 16752
32902 49590
33002 56610
33102 43227
33202 9980
33302 48096
33402 11659
33502 37011
33602 64119
33702 53521
33802 62704
33902 42946
34002 8802
34102 13060
34202 60669
34302 63051
34402 45867
34502 59447
34602 43096
34702 24839
34802 7668
34902 29922
35002 48578
35102 6418
35202 41051
35302 64709
35402 61837
35502 55662
35602 59606
35702 42514
35802 52427
35902 42661
36002 22059
36102 45970
36202 1070
36302 54771
36402 58376
36502 16366
36602 30967
36702 34792
36802 30381
36902 29202
37002 5296
