102 50400
202 51195
302 11921
402 5580
502 29801
602 62672
702 55231
802 16057
902 61920
1002 26967
1102 4425
1202 29221
1302 49533
1402 22792
1502 17116
1602 34102
1702 44790
1802 63449
1902 9917
2002 35009
2102 55395
2202 33732
2302 62319
2402 32743
2502 11948
2602 42033
2702 56881
2802 48337
2902 48088
3002 15782
3102 10978
3202 14661
3302 56980
3402 32945
3502 51712
3602 59249
3702 8381
3802 60491
3902 50513
4002 20179
4102 21538
4202 4263
4302 50601
4402 223
4502 5157
4602 65300
4702 27413
4802 61315
4902 65031
5002 48222
5102 20238
5202 40458
5302 46451
5402 2501
5502 58763
5602 34230
5702 52868
5802 63062
5902 7755
6002 45880
6102 57524
6202 44842
6302 23970
6402 60163
6502 61869
6602 14141
6702 20708
6802 58727
6902 50404
7002 58501
7102 33865
7202 34838
7302 44459
7402 57952
7502 23801
7602 15704
7702 35124
7802 25105
7902 23191
8002 39285
8102 52601
8202 16317
8302 5153
8402 43840
8502 22471
8602 48252
8702 58505
8802 43599
8902 51167
9002 28782
9102 25990
9202 31801
9302 9127
9402 59588
9502 21602
9602 62184
9702 12070
9802 14016
9902 65121
10002 28919
10102 32848
10202 19784
10302 7426
10402 30625
10502 58463
10602 50693
10702 44184
10802 21960
10902 55986
11002 47808
11102 42890
11202 60354
11302 1870
11402 22887
11502 56639
11602 32128
11702 27928
11802 29887
11902 10229
12002 13679
12102 18116
12202 34178
12302 56645
12402 64640
12502 14857
12602 65203
12702 58284
12802 23589
12902 22542
13002 38187
13102 29232
13202 45389
13302 2249
13402 64954
13502 36349
13602 20144
13702 52017
13802 58751
13902 8433
14002 11013
14102 52793
14202 16103
14302 22438
14402 36114
14502 28334
14602 5973
14702 4121
14802 40218
14902 27278
15002 29430
15102 10027
15202 42690
15302 12158
15402 36942
15502 40890
15602 40038
15702 27802
15802 7130
15902 42176
16002 20015
16102 23312
16202 35132
16302 58659
16402 12307
16502 468
16602 40532
16702 50033
16802 40877
16902 53906
17002 31234
17102 13986
17202 18105
17302 58256
17402 1852
17502 37242
17602 46203
17702 26988
17802 61612
17902 14067
18002 22104
18102 39729
18202 1950
18302 13161
18402 7285
18502 32263
18602 31524
18702 45366
18802 16086
18902 37261
19002 10161
19102 28661
19202 62385
19302 58879
19402 54946
19502 14902
19602 16641
19702 45055
19802 45565
19902 34687
20002 4887
20102 64573
20202 51557
20302 48042
20402 63571
20502 39995
20602 2409
20702 28825
20802 49821
20902 20283
21002 50554
21102 25390
21202 1124
21302 8222
21402 7285
21502 27315
21602 11195
21702 35091
21802 59937
21902 40596
22002 64468
22102 60267
22202 56855
22302 24035
22402 22299
22502 28588
22602 59776
22702 9382
22802 59801
22902 8084
23002 54270
23102 12028
23202 64582
23302 6189
23402 51928
23502 24340
23602 24613
23702 5321
23802 34055
23902 27554
24002 1355
24102 64074
24202 16878
24302 59339
24402 46876
24502 20298
24602 15850
24702 13300
24802 31296
24902 28873
25002 21112
25102 20556
25202 55482
25302 10873
25402 11373
25502 10005
25602 45053
25702 33306
25802 34766
25902 51538
26002 38805
26102 15984
26202 34851
26302 49108
26402 670
26502 53175
26602 60107
26702 33858
26802 16890
26902 62861
27002 26354
27102 61627
27202 22928
27302 42818
27402 45394
27502 31404
27602 45568
27702 64167
27802 15280
27902 14113
28002 17407
28102 19735
28202 15515
28302 54002
28402 34684
28502 14825
28602 27025
28702 33393
28802 40651
28902 17063
29002 29990
29102 42145
29202 63069
29302 7511
29402 36438
29502 9207
29602 34584
29702 8846
29802 26735
29902 529
30002 9661
30102 21053
30202 25437
30302 8561
30402 60768
30502 778
30602 30201
30702 58771
30802 63733
30902 63625
31002 48887
31102 23335
31202 18140
31302 1720
31402 65394
31502 7304
31602 37209
31702 53123
31802 33149
31902 13164
32002 37323
32102 13235
32202 40228
32302 55218
32402 45882
32502 38599
32602 38206
32702 22011
32802 6684
32902 45493
33002 37090
33102 15856
33202 62955
33302 12611
33402 49999
33502 18395
33602 61
33702 19304
33802 60622
33902 35263
34002 65463
34102 2575
34202 13343
34302 13175
34402 13497
34502 47454
34602 18102
34702 295
34802 15048
34902 37150
35002 18634
35102 62913
35202 35235
35302 24929
35402 51346
35502 11872
35602 5088
35702 64971
35802 15285
35902 16978
36002 21109
36102 45302
36202 30276
36302 43122
36402 13452
36502 17529
36602 58726
36702 10650
36802 22560
36902 35336
37002 29988
37102 33633
37202 52409
37302 17842
37402 14427
37502 37339
37602 14717
37702 10737
37802 23887
37902 27452
38002 14422
38102 23709
38202 63322
38302 10311
