102 26814
202 51614
302 50535
402 48480
502 27319
602 54401
702 8654
802 65068
902 1465
1002 10886
1102 47336
1202 3843
1302 24072
1402 43304
1502 56611
1602 33274
1702 59460
1802 56095
1902 29335
2002 17920
2102 3522
2202 12550
2302 15427
2402 59091
2502 15465
2602 36308
2702 56658
2802 64657
2902 64826
3002 24696
3102 17211
3202 5993
3302 5048
3402 39536
3502 53906
3602 54424
3702 18832
3802 27107
3902 60819
4002 36619
4102 34188
4202 5149
4302 44463
4402 42214
4502 61875
4602 49985
4702 27729
4802 16488
4902 3296
5002 54758
5102 16561
5202 29392
5302 50793
5402 52065
5502 39809
5602 62882
5702 5878
5802 18744
5902 58604
6002 18645
6102 35513
6202 52881
6302 29423
6402 33924
6502 32826
6602 20510
6702 64479
6802 22316
6902 38714
7002 30933
7102 65360
7202 50425
7302 12361
7402 53355
7502 29619
7602 21577
7702 495
7802 60482
7902 25273
8002 58278
8102 26708
8202 42599
8302 29158
8402 7988
8502 56373
8602 53587
8702 36160
8802 35232
8902 3681
9002 16619
9102 45101
9202 55920
9302 10507
9402 51115
9502 1055
9602 42782
9702 54220
9802 36160
9902 53910
10002 11007
10102 49692
10202 58472
10302 4819
10402 40861
10502 3392
10602 4155
10702 28856
10802 17984
10902 27812
11002 52955
11102 22427
11202 35974
11302 17294
11402 43127
11502 46892
11602 16256
11702 1849
11802 52818
11902 48596
12002 51009
12102 7211
12202 23571
12302 37727
12402 62846
12502 37045
12602 29931
12702 55204
12802 35541
12902 40575
13002 60892
13102 15438
13202 45925
13302 6764
13402 20539
13502 22322
13602 56234
13702 62580
13802 37830
13902 8435
14002 25029
14102 61861
14202 8622
14302 49672
14402 54292
14502 49963
14602 1425
14702 65208
14802 36851
14902 3213
15002 21225
15102 21164
15202 36474
15302 14126
15402 25096
15502 8855
15602 23123
15702 53389
15802 36980
15902 12485
16002 55369
16102 59356
16202 17975
16302 62835
16402 46475
16502 31275
16602 55684
16702 48927
16802 13295
16902 21052
17002 57803
17102 56889
17202 60780
17302 8364
17402 7534
17502 38876
17602 21508
17702 43467
17802 43872
17902 53848
18002 49538
18102 63619
18202 12903
18302 60965
18402 35117
18502 11552
18602 12385
18702 41520
18802 3292
18902 28488
19002 1318
19102 27291
19202 12786
19302 20731
19402 52504
19502 24599
19602 44514
19702 24387
19802 36125
19902 53209
20002 20656
20102 37939
20202 4179
20302 33854
20402 12643
20502 12953
20602 46631
20702 58679
20802 21206
20902 17880
21002 27602
21102 17031
21202 49842
21302 28766
21402 57022
21502 41796
21602 22022
21702 43191
21802 55459
21902 16842
22002 9275
22102 10755
22202 23423
22302 11388
22402 45528
22502 31137
22602 29077
22702 15756
22802 40948
22902 11662
23002 25847
23102 48710
23202 3809
23302 20979
23402 28992
23502 20121
23602 20443
23702 65327
23802 59887
23902 31664
24002 31737
24102 64140
24202 61469
24302 53942
24402 49934
24502 6496
24602 29160
24702 45153
24802 839
24902 22775
25002 45518
25102 59698
25202 17505
25302 5755
25402 21723
25502 16060
25602 54083
25702 25345
25802 15529
25902 39095
26002 36454
26102 32342
26202 6178
26302 34506
26402 1783
26502 62438
26602 63303
26702 14638
26802 15766
26902 48747
27002 11430
27102 37197
27202 60880
27302 25030
27402 27184
27502 801
27602 32737
27702 51027
27802 58336
27902 58677
28002 50584
28102 44380
28202 48218
28302 44152
28402 45654
28502 60748
28602 28328
28702 60128
28802 57837
28902 14818
29002 21310
29102 4191
29202 11152
29302 51322
29402 28624
29502 150
29602 6448
29702 33267
29802 19733
29902 42
30002 49781
30102 58831
30202 27769
30302 8065
30402 39132
30502 36126
30602 60869
30702 53211
30802 33619
30902 8151
31002 6387
31102 1001
31202 15144
31302 13644
31402 19985
31502 9304
31602 48846
31702 25167
31802 39933
31902 47087
32002 51606
32102 34337
32202 62004
32302 1949
32402 42978
32502 779
32602 42003
32702 58733
32802 58918
32902 16899
