102 28423
202 64261
302 46475
402 22934
502 9404
602 11101
702 24660
802 44818
902 48748
1002 17799
1102 5914
1202 23751
1302 13892
1402 22147
1502 7973
1602 46594
1702 22902
1802 34042
1902 29130
2002 61666
2102 50084
2202 15086
2302 37339
2402 51414
2502 8573
2602 10547
2702 35972
2802 18238
2902 37872
3002 61344
3102 22844
3202 39010
3302 2620
3402 31015
3502 5300
3602 23440
3702 30914
3802 44621
3902 41970
4002 3703
4102 50864
4202 15219
4302 15185
4402 15740
4502 41221
4602 5158
4702 61318
4802 43217
4902 56808
5002 46695
5102 9311
5202 65345
5302 27104
5402 40530
5502 12620
5602 50031
5702 11694
5802 28511
5902 46830
6002 4176
6102 47409
6202 29824
6302 34832
6402 2874
6502 18263
6602 14526
6702 58758
6802 40076
6902 62033
7002 8386
7102 55948
7202 12142
7302 52264
7402 48359
7502 49553
7602 30653
7702 44935
7802 47155
7902 45604
8002 23623
8102 60397
8202 5204
8302 42141
8402 54157
8502 8610
8602 48194
8702 58885
8802 63452
8902 48252
9002 12340
9102 12159
9202 47628
9302 36254
9402 56014
9502 3871
9602 48214
9702 7255
9802 38732
9902 60544
10002 28344
10102 9030
10202 65041
10302 675
10402 47608
10502 5386
10602 54507
10702 38248
10802 42110
10902 34611
11002 7626
11102 19813
11202 28425
11302 35101
11402 32750
11502 42745
11602 2751
11702 59987
11802 39142
11902 54405
12002 3543
12102 36825
12202 56518
12302 39393
12402 3193
12502 12178
12602 1264
12702 30519
12802 48634
12902 21575
13002 61132
13102 21314
13202 61999
13302 35093
13402 10783
13502 26219
13602 32760
13702 41846
13802 18448
13902 62269
14002 46743
14102 34418
14202 26323
14302 44065
14402 39816
14502 38505
14602 26187
14702 26353
14802 2518
14902 30624
15002 60479
15102 305
15202 24976
15302 9993
15402 21553
15502 14949
15602 61343
15702 64748
15802 23733
15902 29935
16002 48361
16102 64687
16202 42097
16302 41607
16402 47751
16502 23132
16602 40524
16702 9962
16802 43473
16902 52691
17002 53129
17102 2085
17202 8889
17302 29605
17402 28775
17502 60631
17602 54263
17702 27284
17802 56510
17902 37918
18002 46694
18102 10934
18202 3321
18302 24878
18402 59819
18502 26472
18602 3270
18702 39561
18802 31497
18902 14018
19002 19948
19102 41920
19202 9640
19302 11269
19402 30178
19502 10569
19602 58804
19702 28539
19802 47088
19902 50516
20002 53060
20102 13857
20202 22703
20302 28966
20402 31946
20502 63203
20602 30581
20702 35109
20802 44883
20902 29854
21002 15701
21102 50412
21202 354
21302 33173
21402 40457
21502 51085
21602 54604
21702 24156
21802 11686
21902 47163
22002 51749
22102 52199
22202 40827
22302 20636
22402 2445
22502 40364
22602 47750
22702 47722
22802 50191
22902 48289
23002 29327
23102 50179
23202 38786
23302 46577
23402 6526
23502 56315
23602 55491
23702 7189
23802 6028
23902 21956
24002 35365
24102 51719
24202 45583
24302 30736
24402 25060
24502 9959
24602 58008
24702 57355
24802 34491
24902 51229
25002 61129
25102 56367
25202 51152
25302 11218
25402 44343
25502 48973
25602 52513
25702 2287
25802 34935
25902 9619
26002 26794
26102 26883
26202 49649
26302 41719
26402 59472
26502 46654
26602 37196
26702 50467
26802 8115
26902 64998
27002 61597
27102 11927
27202 45596
27302 47476
27402 39933
27502 51274
27602 40633
27702 51373
27802 15880
27902 5155
28002 56193
28102 47456
28202 7456
28302 17121
28402 61451
28502 65460
28602 61877
28702 17327
28802 11150
28902 42697
29002 15800
29102 9828
29202 8626
29302 18832
29402 4638
29502 9529
29602 27217
29702 40707
29802 6021
29902 23337
30002 47281
30102 22979
30202 46102
30302 33971
30402 37300
30502 45733
30602 37655
30702 60835
30802 55661
30902 48713
31002 64428
31102 47842
31202 41212
31302 10197
31402 17894
31502 22236
31602 63486
31702 1425
31802 55421
31902 10032
32002 29070
32102 16941
32202 14142
32302 28999
32402 33425
32502 16545
32602 45735
32702 44080
32802 21921
32902 50465
33002 62581
