102 47128
202 12611
302 54908
402 21080
502 1114
602 1768
702 18604
802 50637
902 6682
1002 5372
1102 8823
1202 15678
1302 19717
1402 27509
1502 2525
1602 38389
1702 11037
1802 3924
1902 54298
2002 53113
2102 25945
2202 49482
2302 10678
2402 13606
2502 10694
2602 5780
2702 821
2802 57580
2902 51029
3002 55595
3102 43665
3202 34712
3302 52880
3402 28989
3502 19370
3602 20864
3702 34985
3802 49104
3902 35725
4002 2441
4102 15847
4202 64986
4302 14389
4402 32835
4502 46685
4602 34655
4702 43640
4802 52133
4902 54906
5002 9071
5102 9611
5202 24196
5302 30876
5402 48658
5502 34445
5602 36587
5702 56623
5802 39843
5902 21047
6002 48357
6102 54058
6202 41361
6302 41624
6402 51708
6502 16343
6602 42199
6702 9715
6802 16503
6902 10263
7002 42329
7102 9815
7202 2318
7302 18021
7402 62433
7502 55417
7602 12630
7702 64996
7802 57487
7902 3555
8002 44486
8102 43745
8202 9709
8302 14173
8402 10207
8502 59017
8602 22204
8702 53238
8802 42427
8902 14117
9002 19613
9102 2832
9202 7647
9302 33946
9402 13214
9502 26542
9602 44605
9702 5498
9802 19875
9902 13367
10002 30841
10102 65386
10202 49264
10302 38930
10402 3990
10502 39778
10602 35320
10702 58491
10802 25939
10902 42213
11002 41899
11102 1336
11202 4323
11302 39344
11402 21726
11502 297
11602 38789
11702 64229
11802 17348
11902 59264
12002 10907
12102 61263
12202 23371
12302 45065
12402 57621
12502 43623
12602 29859
12702 50951
12802 11243
12902 37878
13002 16089
13102 51043
13202 54313
13302 54861
13402 23052
13502 37560
13602 5839
13702 26462
13802 41705
13902 55351
14002 17425
14102 14451
14202 29711
14302 23839
14402 18207
14502 15139
14602 18630
14702 63318
14802 49504
14902 25054
15002 22490
15102 55594
15202 59998
15302 33718
15402 19425
15502 42010
15602 63862
15702 54899
15802 19684
15902 29090
16002 18744
16102 61463
16202 48850
16302 61787
16402 50279
16502 26986
16602 34625
16702 44153
16802 61507
16902 46929
17002 1967
17102 61718
17202 35633
17302 33744
17402 46164
17502 44538
17602 8693
17702 9900
17802 6800
17902 52235
18002 46173
18102 36244
18202 16280
18302 3243
18402 41448
18502 55575
18602 55547
18702 19357
18802 17319
18902 53602
19002 1400
19102 6233
19202 30914
19302 23708
19402 45111
19502 5607
19602 49786
19702 13168
19802 53538
19902 39326
20002 47563
20102 62777
20202 64579
20302 50175
20402 23637
20502 65026
20602 9826
20702 24531
20802 86
20902 9732
21002 10894
21102 10917
21202 15475
21302 8611
21402 7802
21502 4320
21602 64348
21702 63227
21802 3142
21902 12724
22002 10810
22102 4190
22202 7300
22302 5442
22402 19928
22502 36287
22602 41968
22702 53017
22802 4279
22902 48542
23002 34150
23102 60941
23202 56051
23302 12645
23402 38833
23502 56180
23602 19523
23702 39126
23802 53101
23902 50544
24002 11412
24102 30531
24202 3977
24302 44505
24402 61073
24502 45397
24602 55091
24702 19296
24802 52559
24902 29307
25002 2357
25102 11628
25202 54855
25302 11067
25402 61864
25502 49178
25602 4213
25702 33124
25802 45337
25902 29429
26002 6365
26102 37164
26202 53080
26302 45010
26402 37910
26502 17342
26602 51705
26702 38018
26802 30972
26902 15524
27002 46483
27102 6214
27202 57705
27302 26652
27402 12355
27502 52518
27602 27972
27702 12082
27802 49055
27902 22413
28002 29787
28102 24750
28202 22929
28302 17290
28402 33388
28502 11341
28602 44743
28702 59232
28802 32367
28902 10911
29002 35399
29102 30988
29202 20019
29302 19993
29402 2469
29502 26700
29602 44520
29702 64095
29802 54576
29902 40663
30002 37412
30102 44349
30202 32483
30302 46657
30402 56694
30502 932
30602 49863
30702 30564
30802 22414
30902 1468
31002 9423
31102 18916
31202 16200
31302 35971
31402 63645
31502 46162
31602 42273
31702 35146
31802 22142
31902 48797
32002 14682
32102 53520
32202 45454
32302 35048
32402 27978
32502 4488
32602 30302
32702 40601
32802 1112
32902 11269
33002 1990
33102 49173
33202 31156
33302 63459
33402 58803
33502 24201
33602 24999
33702 9641
33802 46516
33902 61299
34002 40796
34102 37602
34202 22435
34302 36370
34402 5984
34502 42861
34602 33346
34702 31150
34802 32882
34902 59819
35002 24948
35102 43481
