102 19997
202 19604
302 64723
402 29237
502 3623
602 13714
702 27086
802 51214
902 20169
1002 51138
1102 36674
1202 45938
1302 19328
1402 21591
1502 56249
1602 25108
1702 41492
1802 7602
1902 46605
2002 19620
2102 20204
2202 36156
2302 16225
2402 36117
2502 65435
2602 63190
2702 47836
2802 17796
2902 45380
3002 47131
3102 63567
3202 55329
3302 15106
3402 29640
3502 19700
3602 31541
3702 61895
3802 55485
3902 10687
4002 21421
4102 10097
4202 51281
4302 9937
4402 25420
4502 44719
4602 25708
4702 32375
4802 44519
4902 47161
5002 30400
5102 6905
5202 41614
5302 33986
5402 42706
5502 35719
5602 53577
5702 25408
5802 35431
5902 57649
6002 2439
6102 5323
6202 40944
6302 8169
6402 6823
6502 46511
6602 7260
6702 30804
6802 44573
6902 41405
7002 37896
7102 14163
7202 56943
7302 15137
7402 4273
7502 2453
7602 52871
7702 44470
7802 65444
7902 36414
8002 51745
8102 17994
8202 7945
8302 44129
8402 60293
8502 24374
8602 12014
8702 50475
8802 35262
8902 30252
9002 52045
9102 20868
9202 3373
9302 60850
9402 5264
9502 51362
9602 31549
9702 53337
9802 32580
9902 14980
10002 8303
10102 15680
10202 55427
10302 10878
10402 26961
10502 30606
10602 21249
10702 25905
10802 30288
10902 28741
11002 21791
11102 32277
11202 16853
11302 1178
11402 6379
11502 44299
11602 4036
11702 5111
11802 33698
11902 5509
12002 35086
12102 39161
12202 22684
12302 33492
12402 64923
12502 15012
12602 17915
12702 6879
12802 55489
12902 8276
13002 54506
13102 14214
13202 14422
13302 19037
13402 50928
13502 1135
13602 229
13702 2827
13802 20449
13902 8035
14002 15446
14102 9035
14202 23547
14302 41890
14402 52375
14502 56615
14602 60678
14702 17741
14802 20881
14902 30723
15002 30088
15102 20237
15202 25141
15302 14396
15402 48930
15502 58987
15602 64341
15702 22738
15802 42881
15902 10264
16002 53948
16102 46024
16202 9819
16302 40109
16402 12820
16502 14006
16602 15558
16702 446
16802 22363
16902 26871
17002 32985
17102 61619
17202 60214
17302 20672
17402 39297
17502 41158
17602 40683
17702 15203
17802 52856
17902 19360
18002 37057
18102 22063
18202 4964
18302 61555
18402 33042
18502 7148
18602 36778
18702 53693
18802 32722
18902 22533
19002 24410
19102 41505
19202 34176
19302 32903
19402 34744
19502 42714
19602 37336
19702 47212
19802 36573
19902 39707
20002 51706
20102 49593
20202 24531
20302 7552
20402 12089
20502 13608
20602 20605
20702 36813
20802 64422
20902 17920
21002 13983
21102 1149
21202 19437
21302 727
21402 46449
21502 51879
21602 64247
21702 33316
21802 40981
21902 47752
22002 44291
22102 6138
22202 24383
22302 40303
22402 64453
22502 21703
22602 45602
22702 32137
22802 19336
22902 9559
23002 8205
23102 58045
23202 23831
23302 64107
23402 20234
23502 31496
23602 50349
23702 37880
23802 22265
23902 34878
24002 45504
24102 20732
24202 31828
24302 64763
24402 23860
24502 40289
24602 22510
24702 41866
24802 58812
24902 12921
25002 22639
25102 59542
25202 5426
25302 46932
25402 40525
25502 18341
25602 27747
25702 22870
25802 5987
25902 28416
26002 51824
26102 57948
26202 54025
26302 54302
26402 38773
26502 43298
26602 53001
26702 34654
26802 30093
26902 38103
27002 44384
27102 10466
27202 48579
27302 46008
27402 15891
27502 57376
27602 26679
27702 48278
27802 23881
27902 19240
28002 13437
28102 19651
28202 1935
28302 6124
28402 37401
28502 31000
28602 41293
28702 32187
28802 38282
28902 45104
29002 64339
29102 55220
29202 51544
29302 16589
29402 7500
29502 43358
29602 38075
29702 65401
29802 11766
29902 54338
30002 12412
30102 54753
30202 45785
30302 50226
30402 46627
30502 32728
30602 26118
30702 22635
30802 42815
30902 24272
31002 56866
31102 61297
31202 63407
31302 8107
31402 19968
31502 59411
31602 47117
31702 46257
31802 45970
31902 51620
32002 51329
32102 35627
32202 29859
32302 48271
32402 36777
32502 48814
32602 63893
32702 31615
32802 57270
32902 9483
33002 26762
33102 38743
33202 45118
33302 29222
33402 19620
33502 55599
33602 7161
33702 27200
33802 9753
33902 62505
34002 32441
34102 61502
34202 24211
34302 984
34402 17351
34502 63639
34602 44208
34702 58069
34802 3242
34902 27500
35002 17784
35102 9476
35202 33726
35302 50397
35402 42544
35502 64717
35602 37709
35702 35799
35802 12817
35902 52145
36002 53624
36102 61175
36202 35833
36302 14624
36402 18459
36502 31781
36602 23655
36702 48167
36802 38098
36902 23982
37002 55116
37102 15164
37202 63334
37302 60
37402 17357
37502 39924
37602 1887
37702 57042
37802 60872
37902 52626
38002 12383
38102 61438
38202 18193
38302 16078
38402 21056
38502 26896
38602 12891
38702 32338
38802 22879
38902 30012
39002 26308
39102 14051
39202 59686
39302 53839
39402 34467
39502 23165
39602 33419
39702 21446
39802 46861
39902 53387
40002 15033
40102 40181
40202 37956
40302 34381
40402 31793
40502 2341
40602 4227
40702 32672
40802 7885
40902 22016
41002 41501
41102 20588
41202 63499
41302 10643
41402 10348
41502 25680
41602 9828
41702 35183
41802 52360
41902 6366
42002 21668
42102 21417
42202 3578
42302 30698
42402 12064
42502 41250
42602 429
42702 26687
42802 56611
42902 60742
43002 48315
43102 7790
43202 36947
43302 2840
43402 49750
43502 28367
43602 62595
43702 37953
43802 46351
43902 19102
44002 32120
44102 58108
44202 23317
44302 7457
44402 43673
44502 40710
44602 36818
44702 36012
44802 64531
44902 2589
45002 54225
45102 20580
45202 1187
45302 45637
45402 61587
45502 33158
45602 59396
45702 17143
45802 11332
45902 13204
46002 59368
46102 32197
46202 210
46302 9205
46402 62953
46502 36550
46602 55046
46702 34782
46802 59421
46902 61643
47002 44105
47102 21483
47202 813
47302 55560
47402 10629
47502 16860
47602 38227
47702 4937
47802 32176
47902 34516
48002 63396
48102 57294
48202 35196
48302 65415
48402 7332
48502 11069
48602 10866
48702 18782
48802 5246
48902 19613
49002 50517
49102 41510
49202 3438
49302 63315
49402 26018
49502 46248
49602 21715
49702 16843
49802 25419
49902 38090
50002 24740
50102 51981
50202 22229
50302 10139
50402 63597
50502 12393
50602 11892
50702 26658
50802 35332
50902 40564
51002 48287
51102 36565
51202 7889
51302 30434
51402 21115
51502 38503
51602 33538
51702 459
51802 54289
51902 1083
52002 6993
52102 50644
52202 59391
52302 10783
52402 58323
52502 3936
52602 43220
52702 9979
52802 50259
52902 43647
53002 23542
53102 52413
53202 34424
53302 8530
53402 56014
53502 46498
53602 59649
53702 49254
53802 46563
53902 48540
54002 15227
54102 53976
54202 31195
54302 39999
54402 43627
54502 41701
54602 59328
54702 1797
54802 55674
54902 55433
55002 9391
55102 10198
55202 33767
55302 17575
55402 23795
55502 15364
55602 61157
55702 23390
55802 322
55902 59754
56002 16470
56102 12363
56202 35656
56302 29531
56402 36801
56502 39591
56602 40520
56702 31203
56802 57830
56902 29728
57002 26451
57102 7041
57202 20529
57302 46985
57402 44399
57502 10322
57602 19874
57702 64820
57802 541
57902 45559
58002 4801
58102 32334
58202 59752
58302 21890
58402 10833
58502 27263
58602 46696
58702 43340
58802 40306
58902 45000
59002 33064
59102 43857
59202 48152
59302 54139
59402 157
59502 59966
59602 62797
59702 45838
59802 25699
59902 35433
60002 39895
60102 2013
60202 46968
60302 1578
60402 41086
60502 15064
60602 47452
60702 5716
60802 32109
60902 35251
61002 61629
61102 31344
61202 54190
61302 57071
61402 57554
61502 59678
61602 54851
61702 24982
61802 6380
61902 10564
62002 54538
62102 38292
62202 15019
62302 52488
62402 55940
62502 33326
62602 18311
62702 43958
62802 42011
62902 34642
63002 38768
63102 65118
63202 7510
63302 54408
63402 11421
63502 2909
63602 57552
63702 23579
63802 19878
63902 14193
64002 29648
64102 26053
64202 44889
64302 5826
64402 14555
64502 41735
64602 21799
64702 20623
64802 19218
64902 40920
65002 50706
65102 23088
65202 39534
65302 3453
65402 62152
65502 56284
65602 5988
65702 50041
65802 23813
65902 20091
66002 20360
66102 49754
66202 14485
66302 16368
66402 29944
66502 3501
66602 64542
66702 37662
66802 27671
66902 1000
67002 50211
67102 27093
67202 44809
67302 47364
67402 50114
67502 18930
67602 53541
67702 29746
67802 7614
67902 39549
68002 55456
68102 64731
68202 9928
68302 64720
68402 36537
68502 6346
68602 35079
68702 20333
68802 60441
68902 33534
69002 44636
69102 65037
69202 47592
69302 48389
69402 26309
69502 52099
69602 7948
69702 33566
69802 47800
69902 43316
70002 65527
70102 15476
70202 34479
70302 30537
70402 52376
70502 27257
70602 22196
70702 48523
70802 27298
70902 23582
71002 40233
71102 59012
71202 49445
71302 2252
71402 48170
71502 58802
71602 36180
71702 52922
71802 15003
71902 40834
72002 43342
72102 64900
72202 61683
72302 39194
72402 40640
72502 25635
72602 62845
72702 55917
72802 45812
72902 58892
73002 27180
73102 53232
73202 16594
73302 16024
73402 11111
73502 63354
73602 12328
73702 16198
73802 12077
73902 16574
74002 47216
74102 42139
74202 53646
74302 29845
74402 64580
74502 42248
74602 46483
74702 13327
74802 15264
74902 54674
75002 3531
75102 8656
75202 55399
75302 3487
75402 10298
75502 12799
75602 43589
75702 57674
75802 32710
75902 4948
76002 586
76102 57626
76202 43142
76302 44926
76402 54112
76502 33119
76602 7957
76702 49551
76802 5486
76902 1423
77002 35983
77102 56116
77202 32916
77302 7486
77402 54294
77502 10614
77602 60037
77702 528
77802 12992
77902 16687
78002 4981
78102 26313
78202 62329
78302 42937
78402 26367
78502 56847
78602 31322
78702 49938
78802 44879
78902 60144
79002 22377
79102 42358
79202 15219
79302 25815
79402 9499
79502 32176
79602 8520
79702 10720
79802 33339
79902 44234
80002 24207
80102 31626
80202 51636
80302 22717
80402 44817
80502 10681
80602 48026
80702 35097
80802 49460
80902 37854
81002 7009
81102 36013
81202 29115
81302 52864
81402 55513
81502 28981
81602 64973
81702 60247
81802 46088
81902 61779
82002 46069
82102 405
82202 30462
82302 8524
82402 44147
82502 14203
82602 59080
82702 38430
82802 12423
82902 26658
83002 9206
83102 26055
83202 47912
83302 676
83402 53125
83502 38908
83602 45396
83702 4755
83802 64057
83902 25757
84002 37888
84102 50763
84202 53832
84302 38792
84402 48281
84502 3878
84602 31868
84702 30007
84802 24567
84902 36219
85002 3122
85102 6294
85202 7404
85302 39843
85402 51210
85502 48692
85602 22079
85702 43001
85802 43536
85902 12997
86002 43650
86102 36391
86202 39614
86302 44342
86402 6687
86502 27719
86602 1399
86702 21981
86802 2212
86902 22692
87002 39482
87102 37574
87202 45683
87302 50936
87402 17166
87502 9714
87602 12332
87702 39959
87802 11724
87902 11966
88002 20270
88102 51378
88202 31770
88302 21617
88402 49574
88502 58331
88602 20359
88702 41443
88802 51657
88902 62420
89002 47094
89102 17096
89202 10772
89302 40900
89402 26976
89502 23832
89602 50277
89702 7093
89802 16596
89902 32822
90002 31364
90102 47091
90202 21912
90302 20100
90402 15215
