102 42956
202 19871
302 37564
402 19332
502 9040
602 33828
702 62863
802 60239
902 31956
1002 18208
1102 52118
1202 2197
1302 41807
1402 36723
1502 58121
1602 31611
1702 42169
1802 27219
1902 944
2002 54454
2102 45778
2202 24655
2302 10868
2402 57000
2502 19828
2602 24690
2702 20117
2802 46258
2902 41619
3002 2523
3102 37292
3202 32299
3302 39332
3402 8281
3502 10123
3602 52286
3702 17661
3802 18754
3902 53989
4002 12394
4102 64888
4202 46814
4302 6462
4402 30512
4502 11411
4602 51594
4702 54830
4802 61901
4902 37724
5002 17320
5102 44850
5202 24078
5302 12631
5402 59560
5502 59209
5602 18651
5702 15890
5802 39502
5902 55140
6002 53335
6102 50794
6202 4317
6302 45888
6402 46898
6502 62106
6602 36315
6702 13183
6802 29099
6902 28225
7002 2
7102 17974
7202 6601
7302 6786
7402 53483
7502 53042
7602 2347
7702 32196
7802 12214
7902 61376
8002 51793
8102 55524
8202 56173
8302 56506
8402 5257
8502 16990
8602 56613
8702 44306
8802 7995
8902 9205
9002 65533
9102 63465
9202 64719
9302 26257
9402 64616
9502 64640
9602 32984
9702 38518
9802 37147
9902 7756
10002 63850
10102 8325
10202 51069
10302 43824
10402 52305
10502 32959
10602 60050
10702 17814
10802 20646
10902 16176
11002 35491
11102 51229
11202 26421
11302 39747
11402 46998
11502 53342
11602 40972
11702 20595
11802 57127
11902 26667
12002 46939
12102 10324
12202 50234
12302 58375
12402 22996
12502 65057
12602 29944
12702 62187
12802 58029
12902 10650
13002 4902
13102 22398
13202 6052
13302 32293
13402 9768
13502 64338
13602 20484
13702 45385
13802 46108
13902 35616
14002 12618
14102 19781
14202 42724
14302 27301
14402 36584
14502 49373
14602 21703
14702 20293
14802 15914
14902 26660
15002 9968
15102 33380
15202 43777
15302 8609
15402 43026
15502 28429
15602 20809
15702 1575
15802 194
15902 46559
16002 49931
16102 52792
16202 51982
16302 22275
16402 22958
16502 38951
16602 65468
16702 25227
16802 46331
16902 24497
17002 10930
17102 24326
17202 29640
17302 65517
17402 11141
17502 18120
17602 54079
17702 40507
17802 5777
17902 19635
18002 6059
18102 11518
18202 56559
18302 33917
18402 44894
18502 24072
18602 36534
18702 55941
18802 63390
18902 24212
19002 54353
19102 43763
19202 61833
19302 64668
19402 20899
19502 17112
19602 12394
19702 37515
19802 38381
19902 60325
20002 40624
20102 5200
20202 29763
20302 19557
20402 23736
20502 40266
20602 33247
20702 5561
20802 11778
20902 31813
21002 3441
21102 31580
21202 6443
21302 99
21402 46794
21502 57056
21602 55834
21702 64465
21802 5354
21902 2673
22002 44768
22102 34789
22202 31498
22302 20720
22402 23475
22502 44896
22602 38712
22702 5004
22802 36772
22902 14440
23002 21898
23102 47591
23202 40319
23302 58951
23402 20684
23502 49654
23602 38037
23702 49248
23802 41480
23902 51621
24002 14276
24102 28705
24202 12209
24302 33027
24402 46321
24502 46751
24602 18890
24702 24243
24802 23917
24902 61057
25002 9311
25102 54569
25202 9784
25302 14326
25402 13952
25502 16462
25602 944
25702 19789
25802 41739
25902 48427
26002 16110
26102 48834
26202 47900
26302 41974
26402 7854
26502 9049
26602 41015
26702 31290
26802 61551
26902 21174
27002 5214
27102 24097
27202 52833
27302 9495
27402 44617
27502 14056
27602 22717
27702 5000
27802 53386
27902 15047
28002 29884
28102 54431
28202 57398
28302 53582
28402 63086
28502 13037
28602 53242
28702 35982
28802 59142
28902 53775
29002 20665
29102 47750
29202 57703
29302 63765
29402 5239
29502 51494
29602 56776
29702 60515
29802 51986
29902 58380
30002 58730
30102 60497
30202 48051
30302 24167
30402 4321
30502 20275
30602 42475
30702 6766
30802 59047
30902 16463
31002 10282
31102 64596
31202 39799
31302 6385
31402 8812
31502 10389
31602 35722
31702 55171
31802 7127
