102 33734
202 24978
302 55008
402 44567
502 44761
602 61335
702 47264
802 5700
902 33325
1002 40512
1102 44156
1202 35037
1302 26818
1402 30982
1502 63491
1602 55823
1702 51193
1802 57544
1902 43201
2002 37288
2102 48307
2202 27893
2302 44551
2402 25640
2502 62935
2602 31619
2702 61873
2802 27049
2902 60060
3002 49337
3102 15528
3202 43696
3302 32275
3402 44022
3502 25846
3602 25725
3702 24869
3802 20604
3902 17848
4002 21813
4102 63253
4202 52445
4302 24875
4402 63777
4502 21522
4602 32309
4702 19069
4802 35981
4902 35648
5002 54139
5102 19685
5202 486
5302 14097
5402 41252
5502 14564
5602 42338
5702 4080
5802 62062
5902 20528
6002 13393
6102 44298
6202 47062
6302 55207
6402 52725
6502 4792
6602 57455
6702 44736
6802 41186
6902 36434
7002 27333
7102 30714
7202 13798
7302 25975
7402 48947
7502 35671
7602 48610
7702 6536
7802 14026
7902 8993
8002 17840
8102 56890
8202 4379
8302 59132
8402 5302
8502 55185
8602 65341
8702 40079
8802 3961
8902 11420
9002 47933
9102 32865
9202 36214
9302 49915
9402 28299
9502 53634
9602 57627
9702 57935
9802 19484
9902 15918
10002 5861
10102 37320
10202 41781
10302 36959
10402 55737
10502 877
10602 10113
10702 46378
10802 27501
10902 31018
11002 59482
11102 36225
11202 20504
11302 13672
11402 63950
11502 25872
11602 12447
11702 29926
11802 1817
11902 64843
12002 24346
12102 38417
12202 36515
12302 11737
12402 37587
12502 46100
12602 51797
12702 21942
12802 13163
12902 37339
13002 902
13102 16004
13202 11444
13302 33159
13402 19155
13502 3395
13602 21199
13702 15370
13802 34958
13902 33944
14002 7392
14102 4293
14202 31838
14302 57213
14402 59475
14502 52853
14602 24737
14702 63653
14802 37364
14902 29863
15002 18891
15102 30155
15202 8503
15302 20127
15402 53287
15502 7029
15602 27254
15702 2301
15802 20771
15902 60636
16002 22975
16102 22914
16202 16636
16302 23865
16402 49007
16502 21093
16602 38811
16702 5846
16802 38625
16902 13289
17002 44494
17102 61880
17202 49610
17302 10897
17402 10266
17502 2889
17602 608
17702 65191
17802 2170
17902 40759
18002 32279
18102 27379
18202 18001
18302 9158
18402 52931
18502 15046
18602 63669
18702 55007
18802 6358
18902 20358
19002 63246
19102 62393
19202 27104
19302 8839
19402 5495
19502 45598
19602 18404
19702 44984
19802 20735
19902 55902
20002 31893
20102 431
20202 48938
20302 1592
20402 57280
20502 43848
20602 61104
20702 22206
20802 12661
20902 61675
21002 53256
21102 45833
21202 28833
21302 20945
21402 14766
21502 54777
21602 38854
21702 49971
21802 53223
21902 25103
22002 34026
22102 3228
22202 47118
22302 35724
22402 4363
22502 21799
22602 45276
22702 33737
22802 64763
22902 11320
23002 48131
23102 31309
23202 4006
23302 39761
23402 2715
23502 45454
23602 50300
23702 50454
23802 64473
23902 7041
24002 17297
24102 38059
24202 9326
24302 7715
24402 9744
24502 18310
24602 63833
24702 60351
24802 52510
24902 65255
25002 45432
25102 48847
25202 29622
25302 60442
25402 19499
25502 61667
25602 14155
25702 24899
25802 47494
25902 36169
26002 41469
26102 10165
26202 51525
26302 21363
26402 7536
26502 61257
26602 59899
26702 10614
26802 6958
26902 8693
27002 44762
27102 42775
27202 21264
27302 49910
27402 15297
27502 18064
27602 22687
27702 64751
27802 53313
27902 23443
28002 40534
28102 62994
28202 53162
28302 60911
28402 36622
28502 18615
28602 41831
28702 49025
28802 5050
28902 46530
29002 59565
29102 18311
29202 51602
29302 12575
29402 28212
29502 11856
29602 20895
29702 25423
29802 31149
29902 18041
30002 59727
30102 12725
30202 6667
30302 45712
30402 12250
30502 16839
30602 31590
30702 17054
30802 3440
30902 12582
31002 1937
31102 50359
31202 64847
31302 1199
31402 64763
31502 17563
31602 51287
31702 56445
31802 11917
31902 58596
32002 53629
32102 56880
32202 12525
32302 20772
32402 62739
32502 23471
32602 54983
32702 38906
32802 54851
32902 37747
33002 47232
33102 17000
33202 13142
33302 53832
33402 21119
33502 49223
33602 45038
33702 58478
33802 54796
33902 61377
34002 8204
34102 58302
34202 34969
34302 61117
34402 61654
34502 48582
34602 34974
34702 31568
34802 22250
34902 43696
35002 49871
35102 33975
35202 49066
35302 39807
35402 44481
35502 31409
35602 17976
35702 11173
35802 39518
35902 36818
36002 37696
36102 2990
36202 1024
36302 61304
36402 14400
36502 9471
36602 37097
36702 37926
36802 64081
36902 32663
37002 15501
37102 26910
37202 54033
37302 60657
37402 58122
37502 42680
37602 63617
37702 18569
37802 6393
37902 62677
38002 49415
38102 43982
38202 36212
38302 41802
38402 38114
38502 53253
38602 42800
38702 48757
38802 43742
38902 893
39002 9073
39102 27464
39202 38932
39302 19110
39402 31758
39502 49155
39602 56390
39702 61632
39802 37222
39902 46660
40002 18869
40102 41828
40202 50290
40302 34469
40402 19649
40502 63106
40602 17830
40702 49900
40802 14780
40902 8506
41002 36561
41102 20654
41202 275
41302 56262
41402 24148
41502 52589
41602 34897
41702 54091
41802 62557
41902 12380
42002 64734
42102 17420
42202 58649
42302 44584
42402 21714
42502 9157
42602 51081
42702 17789
42802 7157
42902 56908
43002 33663
43102 63787
43202 39519
43302 32430
43402 43740
43502 48957
43602 19237
43702 17739
43802 37871
43902 39192
44002 60744
44102 18074
44202 58450
44302 38553
44402 41523
44502 58841
44602 36089
44702 52006
44802 27172
44902 38696
45002 1362
45102 23773
45202 21028
45302 27260
45402 1563
45502 6582
45602 50338
45702 10755
45802 64556
45902 47964
46002 44430
46102 40359
46202 1394
46302 61526
46402 2630
46502 57021
46602 25346
46702 34578
46802 61969
46902 7743
47002 22068
47102 45589
47202 10330
47302 14136
47402 51817
47502 8150
47602 23851
47702 7557
47802 7911
47902 4387
48002 48374
48102 31739
48202 37030
48302 7658
48402 31907
48502 59676
48602 62233
48702 26494
48802 34722
48902 57618
49002 59683
49102 61001
49202 29931
49302 42122
49402 62073
49502 21373
49602 1828
49702 7259
49802 15709
49902 29375
50002 35155
50102 39981
50202 62280
50302 3403
50402 2095
50502 64337
50602 21829
50702 42832
50802 25123
50902 55331
51002 48832
51102 60119
51202 57486
51302 26967
51402 65412
51502 62142
51602 38269
51702 56282
51802 48702
51902 33831
52002 63534
52102 52838
52202 16731
52302 57669
52402 51612
52502 63834
52602 24679
52702 32104
52802 8048
52902 25976
53002 2816
53102 7319
53202 10260
53302 32026
53402 18199
53502 41442
53602 64539
53702 5088
53802 28361
53902 42659
54002 37549
54102 18243
54202 48728
54302 23810
54402 59491
54502 49990
54602 5155
54702 65088
54802 19805
54902 11215
55002 43036
55102 16993
55202 40913
55302 59522
55402 64723
55502 18699
55602 2521
55702 56825
55802 466
55902 49710
56002 3653
56102 60317
56202 61180
56302 9452
56402 28037
56502 56349
56602 24414
56702 28197
56802 37524
56902 31656
57002 63348
57102 4672
57202 33211
57302 42986
57402 11024
57502 1041
57602 39598
57702 46076
57802 53024
57902 12147
58002 51492
58102 4840
58202 59301
58302 8235
58402 27267
58502 8877
58602 63373
58702 54733
58802 6429
58902 40853
59002 62623
59102 2971
59202 2495
59302 36679
59402 65191
59502 27831
59602 58080
59702 6923
59802 51213
59902 6999
60002 28636
60102 4639
60202 42625
60302 64909
60402 50521
60502 51100
60602 18688
60702 18019
60802 35280
60902 54269
61002 45995
61102 8363
61202 5061
61302 50744
61402 4202
61502 44343
61602 27522
61702 10814
61802 50519
61902 29101
62002 51351
62102 3937
62202 3826
62302 11698
62402 5253
62502 45167
62602 27488
62702 12873
62802 5903
62902 5958
63002 4827
63102 5083
63202 40246
63302 14312
63402 33603
63502 36208
63602 41343
63702 8154
63802 45934
63902 55294
64002 37653
64102 63267
64202 56321
64302 63881
64402 19223
64502 15387
64602 42563
64702 47723
64802 24395
64902 17120
65002 13330
65102 34006
65202 2233
65302 32806
65402 39443
65502 12166
65602 8782
65702 10715
65802 60748
65902 60762
66002 15946
66102 34230
66202 58887
66302 23794
66402 21783
66502 42231
66602 42368
66702 38580
66802 32533
66902 41518
67002 21345
67102 55713
67202 14770
67302 3067
67402 15266
67502 51897
67602 44878
67702 20666
67802 23860
67902 56220
68002 60689
68102 37935
68202 37614
68302 11696
68402 36066
68502 40447
68602 64746
68702 64171
68802 33649
68902 31239
69002 50256
69102 43359
69202 4162
69302 43461
69402 56167
69502 17204
69602 47708
69702 57781
69802 57767
69902 33963
70002 26268
70102 21994
70202 2923
70302 26433
70402 46891
70502 25381
70602 54019
70702 29609
70802 5539
70902 61045
71002 50803
71102 25785
71202 6496
71302 38067
71402 63474
71502 11615
71602 55979
71702 61326
71802 25715
71902 52522
72002 57645
72102 45741
72202 20854
72302 31898
72402 7699
72502 45698
72602 46092
72702 58017
72802 20199
72902 14350
73002 5486
73102 53564
73202 52123
73302 32915
73402 56466
73502 55496
73602 27907
73702 39466
73802 34965
73902 29223
74002 56050
74102 21917
74202 47397
74302 11735
74402 38042
74502 43681
74602 58668
74702 4576
74802 34936
74902 4444
75002 34654
75102 64813
75202 31572
75302 35323
75402 57751
75502 31476
75602 62262
75702 54274
75802 62871
75902 6748
76002 19788
76102 27919
76202 34774
76302 35673
76402 7234
76502 52329
76602 11469
76702 31963
76802 46510
76902 58555
77002 29958
77102 12831
77202 32980
77302 8007
77402 22595
77502 30598
77602 57486
77702 30864
77802 1566
77902 55429
78002 48056
78102 35
78202 30908
78302 12519
78402 14691
78502 34920
78602 34420
78702 38635
78802 11929
78902 27636
79002 45015
79102 22545
79202 4702
79302 26213
79402 18341
79502 59011
79602 24372
79702 15145
79802 53918
79902 7719
80002 38166
80102 53129
80202 14935
80302 25614
80402 50796
80502 59279
80602 51600
80702 55915
80802 23655
80902 15495
81002 41934
81102 34558
81202 2917
81302 51041
81402 20734
81502 36063
81602 21684
81702 33254
81802 13665
81902 63105
82002 53605
82102 6739
82202 57844
82302 4683
82402 35673
82502 55308
82602 22551
82702 52467
82802 12450
82902 13474
83002 5249
83102 7612
83202 19904
83302 37632
83402 20518
83502 55752
83602 33391
83702 27676
83802 57922
83902 56806
84002 10945
84102 58280
84202 10474
84302 24839
84402 9150
84502 46524
84602 18337
84702 31717
84802 46823
84902 19709
85002 48196
85102 52128
85202 36175
85302 3620
85402 16606
85502 21009
85602 5355
85702 54136
85802 58905
85902 53824
86002 4932
86102 11778
86202 58789
86302 63801
86402 33406
86502 6595
86602 42831
86702 3983
86802 4399
86902 54601
87002 41755
87102 39671
87202 5446
87302 13871
87402 6342
87502 62652
87602 2098
87702 19451
87802 41463
87902 12500
88002 53241
88102 58214
88202 49260
88302 58477
88402 45442
88502 19318
88602 6313
88702 3120
88802 37342
88902 8730
89002 42700
89102 8103
89202 55833
89302 39055
89402 257
89502 46749
89602 12312
89702 44078
89802 43889
89902 1108
90002 16455
90102 29324
