102 26919
202 15027
302 58322
402 11040
502 58807
602 7250
702 61725
802 48247
902 40258
1002 41351
1102 43718
1202 30689
1302 28645
1402 47635
1502 24067
1602 36562
1702 49941
1802 2385
1902 62370
2002 4889
2102 27636
2202 661
2302 57366
2402 52252
2502 38652
2602 39957
2702 41267
2802 14276
2902 2066
3002 27985
3102 62083
3202 54501
3302 30338
3402 29877
3502 35845
3602 12313
3702 1
3802 53914
3902 24000
4002 37473
4102 36101
4202 43897
4302 17569
4402 49024
4502 44400
4602 10879
4702 18424
4802 33055
4902 13164
5002 8559
5102 803
5202 60698
5302 62544
5402 62805
5502 342
5602 25772
5702 3926
5802 50566
5902 7962
6002 33378
6102 20840
6202 24199
6302 45225
6402 28704
6502 6560
6602 723
6702 45309
6802 56954
6902 60094
7002 62856
7102 18397
7202 23741
7302 34250
7402 19167
7502 27348
7602 8509
7702 2751
7802 17310
7902 37353
8002 4419
8102 25993
8202 15429
8302 39261
8402 18680
8502 50804
8602 19847
8702 63731
8802 28839
8902 11460
9002 20318
9102 28529
9202 26667
9302 20733
9402 20255
9502 39198
9602 25079
9702 57923
9802 3342
9902 57146
10002 51199
10102 13258
10202 21289
10302 21740
10402 31248
10502 17186
10602 1659
10702 2039
10802 3598
10902 45561
11002 58746
11102 3473
11202 17526
11302 58799
11402 25597
11502 44359
11602 61501
11702 56665
11802 55792
11902 63072
12002 47495
12102 25850
12202 24611
12302 49090
12402 33418
12502 40708
12602 47863
12702 38983
12802 26818
12902 2370
13002 41138
13102 52400
13202 52240
13302 58637
13402 3754
13502 24079
13602 20484
13702 1036
13802 51533
13902 46967
14002 43903
14102 21344
14202 53759
14302 19178
14402 3854
14502 64885
14602 56273
14702 54769
14802 52032
14902 34967
15002 45350
15102 49563
15202 53685
15302 20724
15402 21295
15502 10118
15602 52179
15702 23696
15802 12241
15902 34430
16002 43738
16102 24058
16202 13523
16302 38084
16402 6316
16502 27869
16602 35312
16702 36694
16802 37066
16902 32383
17002 36954
17102 16852
17202 54365
17302 44456
17402 38969
17502 23669
17602 61040
17702 1004
17802 48725
17902 10398
18002 34934
18102 12178
18202 1149
18302 26323
18402 2372
18502 48762
18602 18181
18702 27794
18802 58468
18902 2563
19002 7968
19102 24806
19202 3804
19302 11840
19402 40083
19502 24666
19602 48181
19702 47008
19802 24729
19902 19145
20002 47065
20102 62021
20202 13145
20302 57025
20402 22768
20502 22565
20602 51370
20702 24834
20802 2693
20902 34675
21002 27024
21102 12886
21202 31160
21302 44642
21402 14047
21502 7549
21602 684
21702 46655
21802 33162
21902 10717
22002 23980
22102 48412
22202 32537
22302 58572
22402 37755
22502 33625
22602 23029
22702 65196
22802 21581
22902 25657
23002 8308
23102 13215
23202 65416
23302 40538
23402 26868
23502 65408
23602 53062
23702 38591
23802 35189
23902 45994
24002 49909
24102 51705
24202 17048
24302 47988
24402 11895
24502 32772
24602 50594
24702 5821
24802 61363
24902 49363
25002 23398
25102 4310
25202 27624
25302 37144
25402 16599
25502 49945
25602 34927
25702 60315
25802 43717
25902 23699
26002 41789
26102 6756
26202 39479
26302 62942
26402 2961
26502 31720
26602 40986
26702 39665
26802 56323
26902 1134
27002 30755
27102 24113
27202 48033
27302 26570
27402 12703
27502 57388
27602 59207
27702 4726
27802 29555
27902 50512
28002 31139
28102 22909
28202 48073
28302 61991
28402 3267
28502 19981
28602 18255
28702 31379
28802 28336
28902 62171
29002 14297
29102 36047
29202 1047
29302 40997
29402 15005
29502 13588
29602 50475
29702 53443
29802 29000
29902 36339
30002 60358
30102 5288
30202 22271
30302 29908
30402 31464
30502 58621
30602 43105
30702 63485
30802 52710
30902 27804
31002 51925
31102 5643
31202 53628
31302 8559
31402 23392
31502 11397
31602 10501
31702 42538
31802 52331
31902 60192
32002 24651
32102 38018
32202 2487
32302 22772
32402 65106
32502 13799
32602 60188
32702 12963
32802 51071
32902 58167
33002 23394
33102 53798
33202 7176
33302 63848
33402 59039
33502 3938
33602 26850
33702 10776
33802 13810
33902 6325
34002 58998
34102 63746
34202 54446
34302 39260
34402 32924
34502 7608
34602 27315
34702 35387
34802 58827
34902 24081
35002 5410
35102 20788
35202 53215
35302 60818
35402 37976
35502 47887
35602 61663
35702 64692
35802 57955
35902 57950
36002 52042
36102 52088
36202 10545
36302 38635
36402 4739
36502 31008
36602 21550
36702 10763
36802 62309
36902 22908
37002 54897
37102 37813
37202 59774
37302 25020
37402 28040
37502 39829
37602 12807
37702 46738
37802 14498
37902 22381
38002 63171
38102 54693
38202 13522
38302 60260
38402 34610
38502 31609
38602 36326
38702 40318
38802 65365
38902 63738
39002 6637
39102 35823
39202 64387
39302 61694
39402 44649
39502 21213
39602 59670
39702 15370
39802 17932
39902 27827
40002 46083
40102 32597
40202 45657
40302 57265
40402 10591
40502 16423
40602 35811
40702 12300
40802 32058
40902 45437
41002 31930
41102 33601
41202 41836
41302 43578
41402 39148
41502 13381
41602 38133
41702 59788
41802 35641
41902 39954
42002 26135
42102 62634
42202 58871
42302 63533
42402 46320
42502 34375
42602 8923
42702 47425
42802 16042
42902 64289
43002 12976
43102 62753
43202 15306
43302 19255
43402 4829
43502 15504
43602 18713
43702 65480
43802 56022
43902 38277
44002 5774
44102 37374
44202 12216
44302 40234
44402 41200
44502 46149
44602 10121
44702 8233
44802 43283
44902 1831
45002 31701
45102 7290
45202 6428
45302 29270
45402 54109
45502 11877
45602 44025
45702 19874
45802 33670
45902 18793
46002 61674
46102 20103
46202 30084
46302 54243
46402 45227
46502 20429
46602 17237
46702 57813
46802 45097
46902 47952
47002 12523
47102 59860
47202 5697
47302 20955
47402 6244
47502 65434
47602 65427
47702 3962
47802 54968
47902 46445
48002 20894
48102 41383
48202 56346
48302 34318
48402 64437
48502 6484
48602 28285
48702 35902
48802 17437
48902 41158
49002 6382
49102 9148
49202 29099
49302 13261
49402 24394
49502 31344
49602 32931
49702 16366
49802 2667
49902 57268
50002 13050
50102 60694
50202 58438
50302 38406
50402 30260
50502 60487
50602 57964
50702 60220
50802 32210
50902 33853
51002 30809
51102 13509
51202 33065
51302 48194
51402 46830
51502 33877
51602 7711
51702 48011
51802 27635
51902 50396
52002 13671
52102 31788
52202 56015
52302 27326
52402 64331
52502 45136
52602 37668
52702 26626
52802 12144
52902 2385
53002 25440
53102 1566
53202 36249
53302 44572
53402 18087
53502 48574
53602 45716
53702 43822
53802 49340
53902 42546
54002 38066
54102 56711
54202 6241
54302 36972
54402 2046
54502 35878
54602 52366
54702 42200
54802 786
54902 18277
55002 57404
55102 8164
55202 45236
55302 59009
55402 48676
55502 26343
55602 51335
55702 42399
55802 59570
55902 38191
56002 1522
56102 53613
56202 36437
56302 31975
56402 7696
56502 42437
56602 28860
56702 46295
56802 11134
56902 49643
57002 2846
57102 7198
57202 23927
57302 23832
57402 51181
57502 58281
57602 39755
57702 23171
57802 34509
57902 20905
58002 23492
58102 8521
58202 63458
58302 1148
58402 35166
58502 26174
58602 41002
58702 44983
58802 22279
58902 8919
59002 44672
59102 34060
59202 24187
59302 15235
59402 6173
59502 18781
59602 57472
59702 40064
59802 63802
59902 4310
60002 43463
60102 54351
60202 1985
60302 30170
60402 28303
60502 48973
60602 7421
60702 28759
60802 43426
60902 4759
61002 58154
61102 17504
61202 62842
61302 39635
61402 850
61502 55358
61602 21745
61702 50155
61802 3460
61902 28010
62002 49004
62102 45157
62202 21316
62302 24193
62402 63670
62502 29357
62602 23288
62702 42073
62802 59946
62902 27094
63002 62224
63102 13349
63202 525
63302 36751
63402 10245
63502 33481
63602 9169
63702 10358
63802 5042
63902 31011
64002 20362
64102 35185
64202 30113
64302 22440
64402 3097
64502 49072
64602 29877
64702 4255
64802 1636
64902 39160
65002 2942
65102 29474
65202 57559
65302 8688
65402 38164
65502 26071
65602 63761
65702 56509
65802 48389
65902 22121
66002 12923
66102 55800
66202 62389
66302 42936
66402 63733
66502 30793
66602 60378
66702 42368
66802 35465
66902 28881
67002 23970
67102 44557
67202 34247
67302 32617
67402 17325
67502 345
67602 27158
67702 34657
67802 36604
67902 20734
68002 13542
68102 40774
68202 55922
68302 37110
68402 16871
68502 42210
68602 45297
68702 21059
68802 49177
68902 14045
69002 65257
69102 25958
69202 35235
69302 27777
69402 44642
69502 4144
69602 10467
69702 44998
69802 30694
69902 58336
70002 13812
70102 31700
70202 46892
70302 54640
70402 37001
70502 15842
70602 31733
70702 17273
70802 32151
70902 63829
71002 39260
71102 42307
71202 32823
71302 61373
71402 47833
71502 35179
71602 60510
71702 53525
71802 15168
71902 24601
72002 37613
72102 50617
72202 31052
72302 46102
72402 23613
72502 50662
72602 13504
72702 15542
72802 39458
72902 54220
73002 48827
73102 35486
73202 62623
73302 37798
73402 26244
73502 25580
73602 51587
73702 47056
73802 52185
73902 11667
74002 49755
74102 60726
74202 49724
74302 29126
74402 61002
74502 36271
74602 17916
74702 40187
74802 7691
74902 53435
75002 42645
75102 63503
75202 22555
75302 31827
75402 34673
75502 20999
75602 63786
75702 33857
75802 62580
75902 63714
76002 4140
76102 64029
76202 43889
76302 6740
76402 8935
76502 41103
76602 411
76702 33300
76802 25054
76902 36886
77002 6689
77102 6730
77202 44714
77302 1819
77402 45686
77502 61521
77602 8898
77702 52081
77802 49797
77902 39024
78002 54953
78102 38384
78202 37697
78302 8125
78402 14769
78502 63715
78602 47961
78702 32097
78802 45962
78902 54740
79002 39431
79102 41331
79202 21211
79302 51390
79402 33187
79502 7389
79602 15277
79702 9899
79802 17401
79902 1212
80002 35634
80102 45931
80202 15636
80302 63585
80402 35724
80502 41593
80602 12196
80702 62773
80802 15345
80902 45619
81002 43491
81102 5456
81202 6128
81302 62177
81402 38207
81502 20500
81602 61727
81702 1798
81802 5807
81902 1040
82002 42233
82102 57438
82202 27824
82302 14009
82402 30164
82502 33560
82602 6399
82702 53252
82802 43237
82902 34818
83002 6660
83102 38344
83202 7418
83302 63504
83402 30353
83502 25674
83602 58206
83702 14269
83802 57692
83902 30535
84002 6734
84102 64843
84202 41710
84302 64995
84402 18489
84502 33745
84602 54324
84702 61267
84802 13310
84902 61014
85002 62279
85102 55636
85202 29686
85302 16187
85402 34710
85502 63650
85602 18311
85702 50131
85802 34990
85902 24494
86002 40716
86102 33480
86202 4342
86302 30385
86402 49476
86502 21252
86602 65276
86702 43153
86802 21374
86902 63964
87002 26135
87102 6025
87202 20283
87302 28384
87402 58619
87502 48175
87602 47345
87702 59598
87802 60332
87902 14503
88002 20521
88102 1823
88202 35637
88302 16526
88402 58801
88502 13082
88602 51037
88702 6229
88802 4049
88902 36361
89002 19484
89102 31496
89202 17956
89302 45233
89402 64601
89502 60579
89602 50158
89702 41840
89802 49908
89902 12538
90002 57076
90102 32374
