102 13933
202 57906
302 28440
402 4006
502 1277
602 46285
702 54549
802 43859
902 29931
1002 6020
1102 23548
1202 51665
1302 10842
1402 64752
1502 26448
1602 12104
1702 11418
1802 28151
1902 60369
2002 60403
2102 11120
2202 46515
2302 834
2402 22807
2502 63886
2602 22180
2702 3973
2802 63454
2902 7099
3002 8536
3102 19698
3202 39302
3302 22247
3402 17612
3502 24635
3602 4022
3702 26069
3802 24532
3902 58249
4002 64574
4102 39486
4202 48542
4302 32762
4402 50078
4502 39597
4602 30082
4702 56809
4802 11374
4902 30161
5002 53639
5102 42023
5202 57628
5302 52711
5402 2121
5502 2178
5602 28216
5702 12700
5802 33846
5902 20421
6002 59923
6102 14480
6202 37374
6302 63115
6402 28638
6502 54695
6602 60107
6702 41094
6802 13830
6902 28151
7002 61557
7102 48558
7202 35275
7302 25152
7402 43798
7502 29388
7602 9407
7702 6452
7802 59039
7902 36153
8002 29962
8102 23102
8202 41132
8302 37393
8402 65235
8502 3824
8602 53092
8702 61933
8802 33948
8902 21681
9002 22630
9102 12312
9202 59631
9302 32849
9402 44116
9502 52956
9602 64520
9702 49624
9802 4631
9902 61313
10002 35599
10102 1719
10202 44541
10302 61760
10402 218
10502 33015
10602 24387
10702 39149
10802 27851
10902 22541
11002 15321
11102 6758
11202 27067
11302 19845
11402 7743
11502 65433
11602 53173
11702 49492
11802 32487
11902 64670
12002 39439
12102 44541
12202 44369
12302 25320
12402 13924
12502 40678
12602 28111
12702 55907
12802 41887
12902 23678
13002 59729
13102 44748
13202 61881
13302 61858
13402 9506
13502 4967
13602 33270
13702 35278
13802 53508
13902 12255
14002 33930
14102 29539
14202 63992
14302 52741
14402 55561
14502 49174
14602 4905
14702 33217
14802 46613
14902 43649
15002 4229
15102 35798
15202 63863
15302 35267
15402 12105
15502 32518
15602 61711
15702 59402
15802 37865
15902 42408
16002 57639
16102 33154
16202 15645
16302 59938
16402 26486
16502 3940
16602 23178
16702 1946
16802 51759
16902 52669
17002 31971
17102 41600
17202 20164
17302 44166
17402 58347
17502 2935
17602 31286
17702 55221
17802 32027
17902 62136
18002 27238
18102 11799
18202 40126
18302 54910
18402 48432
18502 3189
18602 58214
18702 17645
18802 23537
18902 431
19002 18318
19102 59043
19202 32050
19302 42364
19402 30393
19502 23472
19602 38629
19702 32846
19802 34388
19902 17408
20002 22225
20102 5398
20202 10349
20302 21668
20402 6992
20502 11782
20602 62062
20702 50204
20802 21617
20902 48299
21002 6797
21102 15237
21202 47589
21302 3974
21402 47242
21502 29508
21602 3890
21702 13309
21802 64790
21902 54986
22002 32746
22102 16751
22202 23857
22302 1875
22402 35385
22502 15739
22602 6462
22702 44491
22802 34909
22902 39598
23002 16601
23102 16780
23202 43921
23302 59701
23402 20850
23502 3216
23602 63519
23702 48107
23802 64845
23902 48327
24002 16107
24102 35674
24202 21123
24302 45544
24402 56423
24502 24638
24602 63514
24702 48729
24802 57697
24902 61978
25002 58971
25102 8481
25202 34377
25302 39002
25402 37696
25502 52864
25602 20422
25702 12518
25802 10538
25902 31415
26002 61970
26102 55525
26202 56945
26302 54288
26402 8504
26502 23993
26602 47206
26702 4561
26802 29807
26902 52119
27002 30299
27102 58740
27202 43299
27302 46402
27402 4829
27502 37525
27602 27625
27702 51118
27802 26178
27902 46934
28002 60246
28102 61722
28202 49659
28302 27242
28402 3599
28502 37351
28602 49297
28702 16438
28802 10924
28902 13008
29002 43852
29102 46216
29202 12573
29302 12275
29402 6844
29502 50931
29602 23105
29702 22255
29802 54336
29902 591
30002 15144
30102 35668
30202 17532
30302 55629
30402 27741
30502 15188
30602 5950
30702 17857
30802 15382
30902 63086
31002 12614
31102 10741
31202 52760
31302 28444
31402 37821
31502 47903
31602 37330
31702 28197
31802 63510
31902 5502
32002 20423
32102 62840
32202 25619
32302 51191
32402 48433
32502 35949
32602 57648
32702 57357
32802 58329
32902 62216
33002 56517
33102 51679
33202 35792
33302 25874
33402 58391
33502 22813
33602 25910
33702 46737
33802 60509
33902 62141
34002 17608
34102 62635
34202 17654
34302 16967
34402 9083
34502 57129
34602 9877
34702 7362
34802 44460
34902 19455
35002 62555
35102 52491
35202 61970
35302 3184
35402 35073
35502 24378
35602 51216
35702 11958
35802 21046
35902 41225
36002 36857
36102 11699
36202 62948
36302 27544
36402 1515
36502 23322
36602 51003
36702 64702
36802 35976
36902 38498
37002 39598
37102 29515
37202 39510
37302 39554
37402 11345
37502 60935
37602 52558
37702 33646
37802 15494
37902 34729
38002 21476
38102 22792
38202 15987
38302 37893
38402 47114
38502 14692
38602 57643
38702 41437
38802 19693
38902 37496
39002 50362
39102 57503
39202 60309
39302 48178
39402 4801
39502 36975
39602 34224
39702 5344
39802 38929
39902 33814
40002 64695
40102 21913
40202 22734
40302 52010
40402 35138
40502 55357
40602 1279
40702 38742
40802 6426
40902 44637
41002 3119
41102 26170
41202 11200
41302 54730
41402 14397
41502 31876
41602 43300
41702 54655
41802 26264
41902 42119
42002 10130
42102 33301
42202 64944
42302 7232
42402 28482
42502 19275
42602 21388
42702 62615
42802 44769
42902 25442
43002 52541
43102 34739
43202 12241
43302 5722
43402 47148
43502 20730
43602 29665
43702 54065
43802 27305
43902 49794
44002 61399
44102 37981
44202 47464
44302 17632
44402 36929
44502 34168
44602 21454
44702 18416
44802 54034
44902 63039
45002 59011
45102 38272
45202 45554
45302 58126
45402 466
45502 21004
45602 671
45702 32425
45802 45363
45902 46031
46002 43792
46102 59830
46202 59966
46302 14034
46402 45760
46502 43247
46602 62163
46702 9543
46802 38378
46902 15094
47002 11435
47102 9503
47202 17998
47302 813
47402 40675
47502 47949
47602 41213
47702 30565
47802 12173
47902 25738
48002 19344
48102 40222
48202 9501
48302 22649
48402 28851
48502 49613
48602 25284
48702 36919
48802 49956
48902 50706
49002 22895
49102 3668
49202 9900
49302 50127
49402 8288
49502 12733
49602 32005
49702 38313
49802 46083
49902 3514
50002 16268
50102 62469
50202 54042
50302 14313
50402 27059
50502 1205
50602 31272
50702 49281
50802 57832
50902 57185
51002 3703
51102 35211
51202 42135
51302 65195
51402 5756
51502 28005
51602 14229
51702 19373
51802 44997
51902 49077
52002 42703
52102 64930
52202 60178
52302 5345
52402 12682
52502 16600
52602 61337
52702 52237
52802 56447
52902 44183
53002 43258
53102 5274
53202 51638
53302 18418
53402 44794
53502 43336
53602 39431
53702 37842
53802 64805
53902 54291
54002 62408
54102 6838
54202 64414
54302 25730
54402 3958
54502 2563
54602 61825
54702 20394
54802 9880
54902 31848
55002 58021
55102 29040
55202 37626
55302 56685
55402 54492
55502 47498
55602 55755
55702 1093
55802 62446
55902 31216
56002 26459
56102 46957
56202 5556
56302 56033
56402 3990
56502 56996
56602 32532
56702 22294
56802 24876
56902 52775
57002 34086
57102 52924
57202 8947
57302 26236
57402 12373
57502 44244
57602 49995
57702 16860
57802 3890
57902 10562
58002 47388
58102 31886
58202 40837
58302 7700
58402 17047
58502 20331
58602 61470
58702 15369
58802 64558
58902 35465
59002 29444
59102 25347
59202 33998
59302 58739
59402 33790
59502 43354
59602 5424
59702 57997
59802 18173
59902 47399
60002 30558
60102 50144
60202 50406
60302 3588
60402 36710
60502 46129
60602 39724
60702 20908
60802 23215
60902 10010
61002 55186
61102 28058
61202 25880
61302 15615
61402 38283
61502 13559
61602 20349
61702 18714
61802 49582
61902 62075
62002 50881
62102 19285
62202 11077
62302 54738
62402 14836
62502 62175
62602 61400
62702 45865
62802 5389
62902 58280
63002 13080
63102 35109
63202 3188
63302 28775
63402 38056
63502 1372
63602 15732
63702 21847
63802 368
63902 28547
64002 5008
64102 8209
64202 3398
64302 6338
64402 19531
64502 50696
64602 55077
64702 3590
64802 16062
64902 33895
65002 53986
65102 61266
65202 14367
65302 55316
65402 54372
65502 20011
65602 28354
65702 63856
65802 36460
65902 21258
66002 39619
66102 361
66202 1099
66302 613
66402 31397
66502 47761
66602 26193
66702 43022
66802 56413
66902 51198
67002 15507
67102 25842
67202 24130
67302 37162
67402 47978
67502 51753
67602 6420
67702 55405
67802 17179
67902 53712
68002 55009
68102 44793
68202 13347
68302 34960
68402 1543
68502 30853
68602 12929
68702 38153
68802 46258
68902 60961
69002 2006
69102 10871
69202 4040
69302 64670
69402 45591
69502 61305
69602 36694
69702 31999
69802 50254
69902 60350
70002 63834
70102 39421
70202 9546
70302 42394
70402 13035
70502 9149
70602 44725
70702 38105
70802 50376
70902 11036
71002 6147
71102 64964
71202 16001
71302 18468
71402 58447
71502 14293
71602 27322
71702 20979
71802 43713
71902 49399
72002 17711
72102 11215
72202 43442
72302 2270
72402 895
72502 28287
72602 63608
72702 18096
72802 50758
72902 5619
73002 30191
73102 11278
73202 27744
73302 60326
73402 47682
73502 21920
73602 44812
73702 58321
73802 23203
73902 63213
74002 8846
74102 4765
74202 53200
74302 48949
74402 37831
74502 64322
74602 19298
74702 43902
74802 13146
74902 24125
75002 35592
75102 13315
75202 25430
75302 29761
75402 4809
75502 39085
75602 53710
75702 22387
75802 8958
75902 53608
76002 12854
76102 57182
76202 5038
76302 43536
76402 34192
76502 39408
76602 27142
76702 32393
76802 22719
76902 49009
77002 27286
77102 31788
77202 25760
77302 61239
77402 36108
77502 18257
77602 55698
77702 40525
77802 61575
77902 53754
78002 37310
78102 41215
78202 40425
78302 9097
78402 39192
78502 24187
78602 2119
78702 39893
78802 14172
78902 13121
79002 57082
79102 40562
79202 46429
79302 44983
79402 32239
79502 49905
79602 42329
79702 54564
79802 65323
79902 11400
80002 43182
80102 33449
80202 18715
80302 60703
80402 42377
80502 55730
80602 18473
80702 51420
80802 50069
80902 16803
81002 31885
81102 61930
81202 43015
81302 40452
81402 64070
81502 10371
81602 18223
81702 13786
81802 18644
81902 43163
82002 34909
82102 6332
82202 52956
82302 29979
82402 254
82502 44961
82602 26401
82702 51085
82802 52338
82902 51654
83002 63384
83102 61634
83202 19495
83302 29250
83402 16594
83502 6211
83602 63431
83702 5800
83802 26945
83902 38939
84002 9767
84102 28882
84202 60013
84302 55562
84402 1260
84502 2161
84602 36527
84702 49110
84802 10828
84902 21369
85002 15841
85102 6812
85202 63572
85302 27858
85402 60574
85502 40212
85602 8779
85702 3090
85802 62608
85902 63667
86002 20987
86102 45084
86202 27701
86302 54140
86402 20844
86502 41963
86602 12896
86702 53806
86802 12278
86902 57324
87002 36883
87102 50603
87202 23668
87302 19969
87402 24439
87502 47402
87602 20549
87702 18881
87802 29668
87902 62382
88002 19183
88102 6664
88202 56231
88302 53537
88402 20973
88502 26840
88602 4711
88702 44066
88802 26597
88902 743
89002 40211
89102 36178
89202 27835
89302 50614
89402 7615
89502 6829
89602 42585
89702 56838
89802 51598
89902 42534
90002 63046
90102 42859
90202 8760
90302 59497
