102 12755
202 32001
302 58876
402 35673
502 58417
602 46585
702 1935
802 16199
902 29486
1002 26957
1102 43808
1202 5822
1302 42689
1402 289
1502 12889
1602 37693
1702 4641
1802 45760
1902 26795
2002 63760
2102 11341
2202 23704
2302 62639
2402 56039
2502 63878
2602 6646
2702 13076
2802 26765
2902 43131
3002 27544
3102 50951
3202 37695
3302 35815
3402 36538
3502 54300
3602 40432
3702 63967
3802 2322
3902 59303
4002 45294
4102 51947
4202 49444
4302 10366
4402 27499
4502 14897
4602 57584
4702 32706
4802 13877
4902 989
5002 48382
5102 21799
5202 115
5302 25262
5402 42569
5502 18468
5602 4119
5702 49279
5802 58814
5902 53192
6002 36226
6102 59967
6202 48164
6302 12720
6402 27591
6502 64884
6602 2371
6702 32393
6802 61345
6902 32442
7002 9152
7102 23506
7202 50136
7302 21767
7402 1333
7502 62999
7602 34670
7702 41962
7802 57750
7902 17243
8002 9243
8102 47394
8202 54223
8302 13240
8402 50287
8502 40942
8602 61118
8702 31939
8802 55807
8902 43551
9002 15122
9102 62607
9202 19916
9302 7820
9402 56352
9502 28842
9602 50553
9702 6155
9802 14798
9902 15823
10002 4943
10102 64646
10202 50754
10302 37527
10402 18413
10502 16284
10602 14665
10702 55602
10802 31699
10902 1679
11002 22645
11102 58032
11202 25719
11302 39360
11402 36039
11502 11607
11602 17863
11702 61599
11802 41407
11902 13326
12002 16250
12102 25805
12202 37348
12302 64038
12402 44213
12502 45334
12602 19651
12702 61736
12802 58709
12902 31793
13002 13
13102 52397
13202 20195
13302 36422
13402 4576
13502 28746
13602 40435
13702 53472
13802 14385
13902 11115
14002 11458
14102 14700
14202 62970
14302 26138
14402 19534
14502 37829
14602 4170
14702 13596
14802 38021
14902 14327
15002 25805
15102 5567
15202 61732
15302 36525
15402 14877
15502 63150
15602 39827
15702 17593
15802 44889
15902 39808
16002 20270
16102 37151
16202 30080
16302 29433
16402 64909
16502 55334
16602 53873
16702 61691
16802 61278
16902 6726
17002 55408
17102 64277
17202 36308
17302 2808
17402 7001
17502 20505
17602 1120
17702 44968
17802 26129
17902 51995
18002 599
18102 65432
18202 53426
18302 64536
18402 7788
18502 57766
18602 27607
18702 51051
18802 15246
18902 25977
19002 50906
19102 20942
19202 11824
19302 45494
19402 29505
19502 59175
19602 57255
19702 22455
19802 12021
19902 5904
20002 24577
20102 20307
20202 15332
20302 52155
20402 15570
20502 31967
20602 8054
20702 25323
20802 58904
20902 29729
21002 29335
21102 8072
21202 7529
21302 36107
21402 58446
21502 2050
21602 15152
21702 28057
21802 52552
21902 46027
22002 54101
22102 46461
22202 22672
22302 62376
22402 42034
22502 13363
22602 31009
22702 34882
22802 4122
22902 20627
23002 47120
23102 34326
23202 39482
23302 24981
23402 63774
23502 43905
23602 21376
23702 45164
23802 44063
23902 32483
24002 49625
24102 45114
24202 23768
24302 34095
24402 33228
24502 60651
24602 45678
24702 53034
24802 35453
24902 28808
25002 34512
25102 57471
25202 787
25302 42478
25402 47641
25502 50619
25602 17175
25702 15396
25802 38688
25902 46994
26002 61533
26102 7233
26202 30689
26302 43244
26402 57409
26502 6139
26602 55057
26702 58221
26802 37018
26902 24156
27002 44490
27102 21185
27202 62167
27302 39876
27402 46077
27502 58346
27602 29465
27702 41026
27802 62626
27902 9546
28002 28416
28102 2121
28202 33795
28302 864
28402 21400
28502 13680
28602 18126
28702 39611
28802 58235
28902 35243
29002 9032
29102 28452
29202 12193
29302 6920
29402 3933
29502 29051
29602 27426
29702 53734
29802 3210
29902 25528
30002 39774
30102 48947
30202 34807
30302 60741
30402 2222
30502 8823
30602 26333
30702 31909
30802 56940
30902 60010
31002 16548
31102 34037
31202 54339
31302 60053
31402 18617
31502 2994
31602 16757
31702 41556
31802 6546
31902 6187
32002 52815
32102 3918
32202 36777
32302 57310
32402 63452
32502 24010
32602 1637
32702 13225
32802 26731
32902 65253
33002 43272
33102 8748
33202 61143
33302 23713
33402 55288
33502 61853
33602 51879
33702 54782
33802 28234
33902 53698
34002 11218
34102 22050
34202 62612
34302 55107
34402 15148
34502 42495
34602 33425
34702 41325
34802 36837
34902 1874
35002 14914
35102 37576
35202 47392
35302 24907
35402 6992
35502 6367
35602 57380
35702 33758
35802 37903
35902 2969
36002 57038
36102 14387
36202 60631
36302 1525
36402 52168
36502 41668
36602 22807
36702 55449
36802 42592
36902 18955
37002 50222
37102 39408
37202 1773
37302 12923
37402 64557
37502 46766
37602 64938
37702 26157
37802 43245
37902 10543
38002 41234
38102 57692
38202 47698
38302 64485
38402 34655
38502 58399
38602 18824
38702 18638
38802 5804
38902 30922
39002 9553
39102 35596
39202 63771
39302 9365
39402 43665
39502 16705
39602 45244
39702 29374
39802 42328
39902 53287
40002 63185
40102 60460
40202 56584
40302 21365
40402 60738
40502 48502
40602 63382
40702 41279
40802 52494
40902 11581
41002 51006
41102 21828
41202 28898
41302 755
41402 25107
41502 8068
41602 50330
41702 51682
41802 63231
41902 65468
42002 9194
42102 41549
42202 64322
42302 35178
42402 19430
42502 12261
42602 57527
42702 33442
42802 14229
42902 824
43002 38864
43102 25587
43202 37034
43302 17575
43402 5637
43502 25608
43602 57680
43702 53616
43802 61083
43902 4377
44002 60815
44102 46217
44202 27719
44302 13417
44402 22160
44502 51003
44602 22711
44702 15239
44802 16026
44902 24537
45002 50873
45102 11611
45202 37335
45302 36883
45402 5343
45502 50079
45602 43597
45702 5860
45802 36437
45902 51948
46002 3007
46102 30024
46202 16278
46302 40374
46402 17425
46502 37297
46602 27396
46702 29897
46802 26158
46902 21454
47002 55821
47102 40743
47202 26936
47302 2559
47402 2113
47502 62682
47602 13571
47702 49304
47802 33331
47902 20248
48002 10996
48102 9916
48202 53514
48302 10078
48402 22621
48502 3664
48602 45254
48702 9183
48802 23491
48902 61230
49002 37605
49102 50326
49202 2397
49302 40432
49402 5993
49502 54601
49602 6242
49702 61038
49802 2451
49902 43971
50002 65120
50102 1387
50202 16214
50302 2944
50402 59246
50502 43093
50602 25162
50702 55663
50802 711
50902 62258
51002 28118
51102 42940
51202 13512
51302 37847
51402 36104
51502 45847
51602 13406
51702 608
51802 40276
51902 44209
52002 25768
52102 56954
52202 18526
52302 11733
52402 54437
52502 42511
52602 65035
52702 62610
52802 3969
52902 32112
53002 63005
53102 24636
53202 9686
53302 11027
53402 21886
53502 3326
53602 49168
53702 32411
53802 3812
53902 33321
54002 16067
54102 31030
54202 40159
54302 42374
54402 50890
54502 47169
54602 17846
54702 11522
54802 41473
54902 45805
55002 14375
55102 21583
55202 14795
55302 56894
55402 27082
55502 60525
55602 169
55702 8499
55802 59026
55902 62552
56002 45427
56102 1039
56202 58936
56302 35273
56402 41630
56502 55415
56602 23916
56702 65273
56802 49582
56902 54019
57002 33150
57102 3692
57202 60445
57302 939
57402 29560
57502 9191
57602 31294
57702 54694
57802 59032
57902 4203
58002 48948
58102 5659
58202 26455
58302 21820
58402 7356
58502 52849
58602 43580
58702 27021
58802 37553
58902 15270
59002 48622
59102 2489
59202 23874
59302 62383
59402 63146
59502 62334
59602 184
59702 13927
59802 7370
59902 56005
60002 57758
60102 30288
60202 57032
60302 12729
60402 16805
60502 18830
60602 57102
60702 37392
60802 6579
60902 9153
61002 32413
61102 32142
61202 56118
61302 29858
61402 17571
61502 466
61602 2449
61702 46661
61802 28018
61902 11649
62002 62912
62102 33754
62202 17352
62302 56486
62402 16684
62502 40381
62602 3471
62702 13459
62802 61751
62902 58868
63002 12684
63102 57064
63202 20954
63302 13827
63402 15410
63502 3256
63602 26181
63702 57233
63802 30831
63902 38527
64002 26407
64102 33743
64202 51470
64302 61627
64402 44899
64502 26320
64602 52965
64702 36898
64802 59624
64902 6097
65002 2429
65102 20440
65202 40243
65302 3249
65402 8436
65502 8022
65602 6270
65702 3377
65802 27668
65902 1259
66002 57523
66102 41695
66202 20700
66302 65150
66402 4056
66502 58738
66602 11172
66702 2706
66802 52239
66902 61485
67002 13312
67102 30616
67202 26937
67302 13473
67402 19631
67502 40115
67602 44442
67702 57615
67802 56027
67902 13432
68002 51719
68102 41882
68202 60970
68302 54233
68402 12817
68502 26811
68602 10036
68702 5366
68802 47212
68902 38601
69002 20337
69102 53549
69202 64809
69302 55267
69402 33096
69502 35394
69602 31960
69702 40501
69802 49286
69902 44813
70002 29830
70102 13033
70202 39456
70302 31425
70402 33310
70502 64327
70602 32820
70702 58694
70802 36034
70902 15859
71002 1651
71102 5977
71202 50196
71302 45268
71402 56708
71502 21994
71602 39027
71702 57884
71802 33884
71902 18997
72002 50090
72102 26125
72202 52172
72302 52978
72402 2451
72502 8553
72602 42979
72702 48317
72802 55955
72902 59178
73002 19490
73102 30841
73202 36174
73302 21254
73402 50831
73502 60165
73602 22436
73702 43267
73802 64868
73902 23446
74002 23630
74102 25679
74202 16915
74302 5770
74402 19921
74502 45369
74602 8954
74702 33352
74802 31476
74902 64921
75002 5002
75102 14754
75202 33553
75302 9756
75402 16109
75502 45432
75602 58361
75702 18913
75802 29494
75902 9837
76002 55010
76102 891
76202 18012
76302 36997
76402 36788
76502 44816
76602 45934
76702 757
76802 40338
76902 50149
77002 26041
77102 11672
77202 57409
77302 39933
77402 52786
77502 32070
77602 42796
77702 29508
77802 39006
77902 59698
78002 9454
78102 37929
78202 43126
78302 21774
78402 29268
78502 47199
78602 44364
78702 54230
78802 17486
78902 33327
79002 45786
79102 62075
79202 58960
79302 11180
79402 15791
79502 34255
79602 56642
79702 55515
79802 22662
79902 22547
80002 49394
80102 12050
80202 29519
80302 6186
80402 3253
80502 47638
80602 39199
80702 25948
80802 23104
80902 35910
81002 32030
81102 25566
81202 8007
81302 31662
81402 45351
81502 56352
81602 9136
81702 6079
81802 61489
81902 52437
82002 37362
82102 43247
82202 57258
82302 43160
82402 33062
82502 23025
82602 19986
82702 9782
82802 5486
82902 50097
83002 12263
83102 33082
83202 32956
83302 5380
83402 8699
83502 31202
83602 59947
83702 7341
83802 57428
83902 25072
84002 20203
84102 1626
84202 9058
84302 28033
84402 31975
84502 45379
84602 27883
84702 15379
84802 15059
84902 41159
85002 58570
85102 17316
85202 74
85302 54580
85402 8136
85502 60643
85602 4365
85702 25759
85802 18837
85902 7847
86002 49092
86102 45427
86202 58780
86302 47960
86402 57931
86502 33502
86602 40420
86702 46500
86802 33556
86902 51200
87002 4917
87102 28834
87202 12013
87302 13080
87402 50284
87502 38524
87602 136
87702 51276
87802 13636
87902 1154
88002 32641
88102 27025
88202 38492
88302 43347
88402 13425
88502 29628
88602 16916
88702 850
88802 4002
88902 20516
89002 46511
89102 41261
89202 46439
89302 10089
89402 18315
89502 50840
89602 3733
89702 49784
89802 42934
89902 38707
90002 41735
90102 54347
