102 31271
202 63064
302 37816
402 5143
502 11698
602 25022
702 54923
802 55532
902 17916
1002 15089
1102 46340
1202 33976
1302 3806
1402 55870
1502 8983
1602 18766
1702 42723
1802 53871
1902 13436
2002 48391
2102 17646
2202 42946
2302 44776
2402 10527
2502 11063
2602 49957
2702 39672
2802 25035
2902 28502
3002 24880
3102 4376
3202 1072
3302 22872
3402 4287
3502 52330
3602 49146
3702 40235
3802 39267
3902 20769
4002 15191
4102 64990
4202 43956
4302 14318
4402 25455
4502 29762
4602 45257
4702 51029
4802 60367
4902 28055
5002 14428
5102 37429
5202 31846
5302 14180
5402 53829
5502 39855
5602 10582
5702 18624
5802 42565
5902 45865
6002 16598
6102 44308
6202 2559
6302 7818
6402 23847
6502 59351
6602 13624
6702 12770
6802 39597
6902 1717
7002 26120
7102 58954
7202 23071
7302 63244
7402 49749
7502 76
7602 20199
7702 58318
7802 43028
7902 28711
8002 20961
8102 33928
8202 39384
8302 35516
8402 39984
8502 14701
8602 42287
8702 57578
8802 12315
8902 29712
9002 46660
9102 26890
9202 53832
9302 55192
9402 25476
9502 36644
9602 42541
9702 1536
9802 59076
9902 49906
10002 21086
10102 55711
10202 26930
10302 1952
10402 59516
10502 45163
10602 49527
10702 28147
10802 26624
10902 62184
11002 12915
11102 30530
11202 43908
11302 4808
11402 57271
11502 61832
11602 35546
11702 25898
11802 27429
11902 48430
12002 62695
12102 37626
12202 31445
12302 65053
12402 4760
12502 29910
12602 58680
12702 22596
12802 17117
12902 43719
13002 6702
13102 29934
13202 5716
13302 3191
13402 27895
13502 36696
13602 15189
13702 36956
13802 13933
13902 3690
14002 1210
14102 5746
14202 1358
14302 35435
14402 49884
14502 61412
14602 58567
14702 53100
14802 41153
14902 33778
15002 3670
15102 58736
15202 12829
15302 50575
15402 42516
15502 59130
15602 47088
15702 23979
15802 63828
15902 6014
16002 52969
16102 24444
16202 56794
16302 49504
16402 57082
16502 15543
16602 14206
16702 16581
16802 12255
16902 54233
17002 1908
17102 25482
17202 37694
17302 14270
17402 60914
17502 37676
17602 42848
17702 65044
17802 64570
17902 52991
18002 28926
18102 58280
18202 11261
18302 50829
18402 53235
18502 64183
18602 5640
18702 29610
18802 23981
18902 48860
19002 40416
19102 16674
19202 60286
19302 29504
19402 61456
19502 41059
19602 55206
19702 62121
19802 25433
19902 62032
20002 52564
20102 32513
20202 36787
20302 758
20402 62103
20502 23183
20602 38353
20702 7524
20802 28431
20902 55225
21002 13696
21102 58962
21202 25149
21302 37610
21402 14615
21502 32804
21602 23597
21702 11487
21802 42717
21902 57077
22002 32193
22102 25773
22202 33817
22302 2440
22402 25790
22502 10016
22602 17888
22702 42740
22802 16441
22902 29521
23002 7434
23102 24357
23202 24053
23302 44527
23402 18581
23502 13282
23602 25997
23702 35183
23802 22970
23902 56240
24002 28550
24102 46027
24202 23505
24302 51746
24402 57648
24502 55509
24602 33215
24702 25987
24802 43237
24902 44529
25002 42238
25102 57943
25202 61354
25302 47714
25402 4306
25502 18167
25602 39007
25702 38475
25802 30476
25902 65533
26002 62408
26102 47891
26202 40651
26302 62337
26402 53798
26502 60774
26602 4127
26702 55805
26802 13659
26902 49648
27002 8584
27102 15047
27202 6148
27302 63051
27402 9375
27502 48397
27602 11098
27702 8132
27802 17175
27902 38305
28002 51161
28102 26229
28202 55136
28302 44267
28402 25718
28502 20182
28602 6673
28702 54561
28802 43184
28902 21860
29002 52692
29102 39620
29202 62535
29302 2007
29402 62154
29502 45778
29602 56755
29702 29712
29802 13293
29902 65520
30002 59991
30102 6320
30202 56421
30302 41624
30402 43466
30502 32740
30602 29211
30702 47734
30802 2419
30902 27651
31002 7935
31102 12914
31202 26192
31302 28211
31402 38641
31502 611
31602 60770
31702 62244
31802 46122
31902 24468
32002 22477
32102 56321
32202 36151
32302 62680
32402 14827
32502 44986
32602 43382
32702 15588
32802 31827
32902 56421
33002 17861
33102 41869
33202 7440
33302 30271
33402 53061
33502 10720
33602 1177
33702 60047
33802 39386
33902 45298
34002 18302
34102 61158
34202 26401
34302 63997
34402 53632
34502 973
34602 9681
34702 38040
34802 49677
34902 41491
35002 30195
35102 6168
35202 8489
35302 19077
35402 64893
35502 18991
35602 52063
35702 41519
35802 46389
35902 53142
36002 23796
36102 28350
36202 25550
36302 23336
36402 29322
36502 56983
36602 65045
36702 42042
36802 44430
36902 50731
37002 57398
37102 2617
37202 2077
37302 59387
37402 462
37502 49104
37602 49744
37702 60642
37802 829
37902 10747
38002 1419
38102 34001
38202 34508
38302 65471
38402 17010
38502 19452
38602 2227
38702 5200
38802 14339
38902 259
39002 48614
39102 5828
39202 22449
39302 61152
39402 53413
39502 1844
39602 20060
39702 29442
39802 64802
39902 17374
40002 51653
40102 55712
40202 60483
40302 19580
40402 38294
40502 18083
40602 36009
40702 55678
40802 48177
40902 28772
41002 60781
41102 53764
41202 32746
41302 48105
41402 36096
41502 23259
41602 35696
41702 12230
41802 45977
41902 11833
42002 54966
42102 5191
42202 51198
42302 42096
42402 59724
42502 63056
42602 39528
42702 20997
42802 21636
42902 47455
43002 49317
43102 3758
43202 38401
43302 13763
43402 15575
43502 20867
43602 29434
43702 29949
43802 38780
43902 16866
44002 32790
44102 63312
44202 12020
44302 15730
44402 29335
44502 63519
44602 16090
44702 30534
44802 8941
44902 28449
45002 62123
45102 37056
45202 21215
45302 52553
45402 61413
45502 58832
45602 25918
45702 57606
45802 48623
45902 11799
46002 57693
46102 23154
46202 16627
46302 7689
46402 4048
46502 55164
46602 3164
46702 9372
46802 64109
46902 16349
47002 30654
47102 15353
47202 35278
47302 25485
47402 27565
47502 56597
47602 38784
47702 56364
47802 3515
47902 25122
48002 17638
48102 39972
48202 25347
48302 6361
48402 29574
48502 44122
48602 63089
48702 16807
48802 43137
48902 23165
49002 55252
49102 32885
49202 54125
49302 42187
49402 35005
49502 20370
49602 5986
49702 50160
49802 16772
49902 44547
50002 16343
50102 262
50202 1617
50302 56228
50402 1797
50502 40012
50602 54345
50702 52253
50802 16509
50902 20298
51002 10261
51102 40418
51202 50721
51302 46882
51402 6020
51502 10627
51602 12074
51702 42180
51802 53261
51902 35738
52002 9303
52102 46208
52202 65295
52302 17981
52402 57836
52502 55637
52602 15455
52702 53539
52802 14636
52902 31638
53002 52323
53102 14635
53202 12827
53302 14847
53402 65174
53502 56065
53602 24022
53702 21983
53802 48390
53902 28551
54002 28235
54102 53592
54202 8598
54302 52884
54402 47224
54502 42702
54602 65000
54702 1978
54802 31852
54902 16661
55002 47456
55102 26098
55202 46886
55302 14645
55402 49118
55502 61616
55602 20093
55702 13458
55802 14949
55902 24163
56002 7599
56102 55504
56202 51936
56302 47194
56402 23581
56502 12682
56602 45542
56702 14302
56802 3576
56902 60364
57002 55410
57102 45790
57202 42532
57302 37717
57402 24856
57502 7251
57602 4994
57702 21503
57802 62796
57902 36028
58002 43636
58102 14648
58202 34898
58302 40568
58402 34675
58502 11392
58602 64376
58702 50464
58802 56978
58902 63065
59002 7705
59102 29049
59202 25502
59302 3699
59402 41029
59502 51177
59602 46017
59702 35201
59802 42714
59902 29765
60002 19263
60102 42967
60202 34437
60302 52231
60402 4122
60502 62164
60602 44115
60702 663
60802 30992
60902 7700
61002 24660
61102 31296
61202 21978
61302 43181
61402 30737
61502 38019
61602 53089
61702 50437
61802 4317
61902 35302
62002 38121
62102 46295
62202 63036
62302 64424
62402 5991
62502 31181
62602 4891
62702 36319
62802 31480
62902 33479
63002 13418
63102 61887
63202 11646
63302 11636
63402 55814
63502 42697
63602 3315
63702 15787
63802 45544
63902 32133
64002 21911
64102 64207
64202 37349
64302 3841
64402 9493
64502 39391
64602 23409
64702 48318
64802 63649
64902 35163
65002 15474
65102 23319
65202 21029
65302 64560
65402 16021
65502 27034
65602 52793
65702 63088
65802 27692
65902 12348
66002 60799
66102 56852
66202 37598
66302 14571
66402 20378
66502 55532
66602 64024
66702 38269
66802 20716
66902 65226
67002 26408
67102 50253
67202 37531
67302 9859
67402 491
67502 41720
67602 55444
67702 41
67802 9087
67902 17128
68002 18623
68102 61765
68202 23495
68302 63186
68402 52682
68502 50081
68602 57848
68702 47967
68802 30372
68902 24407
69002 33886
69102 31457
69202 41802
69302 8019
69402 44307
69502 50807
69602 27506
69702 24415
69802 5811
69902 41370
70002 37051
70102 44766
70202 5582
70302 33274
70402 799
70502 64888
70602 28080
70702 45416
70802 34769
70902 59349
71002 62378
71102 51798
71202 53956
71302 35864
71402 25710
71502 9577
71602 52974
71702 39546
71802 62931
71902 29828
72002 44953
72102 6076
72202 27743
72302 8158
72402 31044
72502 59991
72602 33269
72702 44139
72802 52806
72902 64680
73002 36546
73102 13493
73202 59531
73302 32178
73402 44685
73502 35393
73602 9199
73702 39649
73802 47854
73902 8080
74002 8146
74102 8584
74202 30737
74302 13674
74402 19133
74502 55076
74602 48134
74702 38470
74802 52842
74902 45438
75002 16415
75102 16286
75202 19904
75302 14682
75402 32815
75502 4065
75602 32094
75702 16623
75802 4324
75902 61220
76002 26479
76102 4387
76202 18439
76302 28459
76402 20524
76502 2220
76602 44178
76702 55830
76802 24633
76902 59403
77002 52717
77102 27843
77202 10590
77302 46662
77402 8997
77502 22096
77602 12827
77702 8383
77802 16378
77902 61602
78002 3432
78102 63398
78202 19205
78302 62448
78402 36090
78502 10911
78602 3554
78702 45050
78802 9226
78902 37589
79002 5923
79102 50332
79202 42436
79302 1309
79402 19528
79502 3239
79602 30822
79702 52422
79802 22769
79902 47440
80002 34078
80102 49368
80202 29398
80302 28518
80402 58767
80502 60072
80602 47078
80702 22401
80802 40661
80902 23654
81002 15029
81102 11381
81202 42486
81302 63036
81402 56834
81502 6073
81602 63872
81702 58350
81802 1547
81902 38429
82002 3504
82102 51167
82202 11134
82302 56114
82402 15096
82502 23209
82602 34174
82702 33530
82802 1125
82902 32267
83002 37733
83102 33781
83202 1662
83302 59751
83402 5539
83502 9753
83602 31464
83702 9800
83802 20577
83902 59322
84002 165
84102 35140
84202 44677
84302 28463
84402 49404
84502 26885
84602 10592
84702 31657
84802 34486
84902 41355
85002 38302
85102 9041
85202 15595
85302 26779
85402 59768
85502 16188
85602 55408
85702 37316
85802 25065
85902 37660
86002 11817
86102 15321
86202 10733
86302 49668
86402 44437
86502 62545
86602 4101
86702 41356
86802 33220
86902 37255
87002 56983
87102 9663
87202 59777
87302 32928
87402 32585
87502 50726
87602 51268
87702 54533
87802 8010
87902 38860
88002 63491
88102 1157
88202 39942
88302 4088
88402 17
88502 10176
88602 49620
88702 45789
88802 55451
88902 8268
89002 41929
89102 32611
89202 49358
89302 8943
89402 27046
89502 45902
89602 44086
89702 18348
89802 47917
89902 8189
90002 61521
90102 6526
