102 62268
202 28091
302 21875
402 20989
502 5959
602 29214
702 59844
802 55289
902 42776
1002 1015
1102 48279
1202 3602
1302 32667
1402 46265
1502 23709
1602 35140
1702 23971
1802 16317
1902 51200
2002 17148
2102 40302
2202 22855
2302 47429
2402 44980
2502 53783
2602 13243
2702 55269
2802 22934
2902 45634
3002 5346
3102 28582
3202 12106
3302 1632
3402 33906
3502 9751
3602 32384
3702 37229
3802 30542
3902 30831
4002 5052
4102 30444
4202 16113
4302 55566
4402 46185
4502 13675
4602 5404
4702 29793
4802 52440
4902 20052
5002 42484
5102 62934
5202 50968
5302 55084
5402 20555
5502 56186
5602 8143
5702 46831
5802 53110
5902 51905
6002 54094
6102 46309
6202 55166
6302 60693
6402 11475
6502 34859
6602 33105
6702 1404
6802 51270
6902 7066
7002 58140
7102 31329
7202 2855
7302 29139
7402 48768
7502 39979
7602 39379
7702 12278
7802 37190
7902 18529
8002 55502
8102 30481
8202 39625
8302 42741
8402 44991
8502 27501
8602 33107
8702 58621
8802 14558
8902 47000
9002 2560
9102 28478
9202 16732
9302 31331
9402 56362
9502 19056
9602 43014
9702 32086
9802 23774
9902 39116
10002 52445
10102 45577
10202 43893
10302 2952
10402 11507
10502 52416
10602 8023
10702 45963
10802 6890
10902 61055
11002 12876
11102 50022
11202 64169
11302 64152
11402 5175
11502 57890
11602 63011
11702 47407
11802 54812
11902 52242
12002 6079
12102 7359
12202 9707
12302 46961
12402 50931
12502 14462
12602 28840
12702 29392
12802 37441
12902 29553
13002 39703
13102 60628
13202 18439
13302 41302
13402 39530
13502 11487
13602 45518
13702 45079
13802 57573
13902 7543
14002 52537
14102 39525
14202 35484
14302 21283
14402 33926
14502 43467
14602 7379
14702 17871
14802 54035
14902 2029
15002 46402
15102 30749
15202 65127
15302 29666
15402 40047
15502 51716
15602 50074
15702 33349
15802 29442
15902 30125
16002 9597
16102 16986
16202 36057
16302 10521
16402 50631
16502 34777
16602 59666
16702 60379
16802 21646
16902 49720
17002 2950
17102 63800
17202 42100
17302 38438
17402 47631
17502 42852
17602 28058
17702 17656
17802 22886
17902 851
18002 32448
18102 27801
18202 17745
18302 12921
18402 9594
18502 47885
18602 57538
18702 48178
18802 61216
18902 26366
19002 29040
19102 48280
19202 17345
19302 30500
19402 52462
19502 17392
19602 14309
19702 49695
19802 65444
19902 23839
20002 31439
20102 63173
20202 65044
20302 30951
20402 50913
20502 17749
20602 61188
20702 34798
20802 57467
20902 50727
21002 56682
21102 42625
21202 21925
21302 5844
21402 5804
21502 61536
21602 31571
21702 19378
21802 57790
21902 15278
22002 49350
22102 49688
22202 32921
22302 7535
22402 20948
22502 2095
22602 39381
22702 50804
22802 62920
22902 47244
23002 53794
23102 19884
23202 26873
23302 18773
23402 10070
23502 6960
23602 5930
23702 48366
23802 19853
23902 25352
24002 28532
24102 16105
24202 14404
24302 31755
24402 16481
24502 62228
24602 37030
24702 35958
24802 13328
24902 54693
25002 35506
25102 62698
25202 15238
25302 57652
25402 62418
25502 62069
25602 44313
25702 46483
25802 64455
25902 30747
26002 25918
26102 8067
26202 2993
26302 1586
26402 25366
26502 56251
26602 58721
26702 51445
26802 23699
26902 38200
27002 2040
27102 39232
27202 62531
27302 17280
27402 35693
27502 22818
27602 23233
27702 9307
27802 54966
27902 54725
28002 20930
28102 4494
28202 36153
28302 39359
28402 39282
28502 37343
28602 29371
28702 28876
28802 38280
28902 57981
29002 7400
29102 13873
29202 2051
29302 10138
29402 32341
29502 33944
29602 52668
29702 40925
29802 22328
29902 2440
30002 13241
30102 20459
30202 7037
30302 14341
30402 52309
30502 5379
30602 29212
30702 54843
30802 61320
30902 2453
31002 37750
31102 63323
31202 34725
31302 64784
31402 35852
31502 18253
31602 8170
31702 4417
31802 42470
31902 48804
32002 61583
32102 12542
32202 16043
32302 23300
32402 7950
32502 62841
32602 26102
32702 29698
32802 58965
32902 46609
33002 55258
33102 42187
33202 52065
33302 40757
33402 57655
33502 50330
33602 15050
33702 58907
33802 30203
33902 54801
34002 30074
34102 22039
34202 4010
34302 63570
34402 46591
34502 58621
34602 49058
34702 3104
34802 16410
34902 31561
35002 54070
35102 46846
35202 51630
35302 43441
35402 29138
35502 11588
35602 35794
35702 28349
35802 45842
35902 32271
36002 33634
36102 5873
36202 65164
36302 12269
36402 64692
36502 4783
36602 34814
36702 64299
36802 3994
36902 58796
37002 1960
37102 11750
37202 19969
37302 11363
37402 29333
37502 58226
37602 27138
37702 49881
37802 2973
37902 58690
38002 4645
38102 36666
38202 39837
38302 36322
38402 2274
38502 34242
38602 29670
38702 36719
38802 36276
38902 31298
39002 64844
39102 55762
39202 39256
39302 52139
39402 36213
39502 50155
39602 31260
39702 18078
39802 64551
39902 45968
40002 24830
40102 62368
40202 63298
40302 59870
40402 59214
40502 63915
40602 6124
40702 36745
40802 55291
40902 26921
41002 34302
41102 55850
41202 20114
41302 56419
41402 44695
41502 57448
41602 35977
41702 19128
41802 53759
41902 26973
42002 22558
42102 10478
42202 26848
42302 23173
42402 2778
42502 2390
42602 37634
42702 47247
42802 26851
42902 47109
43002 54777
43102 62191
43202 9940
43302 3662
43402 52205
43502 43935
43602 3825
43702 34104
43802 49866
43902 15354
44002 19405
44102 39560
44202 9943
44302 29959
44402 33787
44502 19138
44602 30582
44702 63240
44802 35258
44902 49752
45002 5236
45102 17206
45202 14523
45302 27654
45402 26750
45502 30084
45602 62425
45702 12847
45802 27590
45902 55869
46002 42503
46102 30218
46202 17345
46302 7503
46402 23474
46502 25645
46602 28538
46702 49927
46802 20009
46902 8796
47002 55267
47102 33587
47202 28247
47302 11563
47402 34712
47502 23127
47602 25442
47702 42087
47802 64724
47902 31865
48002 36217
48102 32418
48202 1505
48302 61064
48402 5904
48502 18480
48602 33702
48702 23116
48802 52219
48902 13692
49002 8862
49102 55069
49202 59280
49302 24593
49402 23778
49502 55287
49602 43899
49702 21587
49802 55170
49902 30662
50002 45454
50102 50938
50202 45440
50302 36366
50402 48021
50502 22157
50602 28923
50702 39090
50802 55030
50902 13336
51002 40397
51102 7965
51202 20487
51302 36562
51402 53532
51502 18626
51602 64849
51702 20709
51802 44053
51902 8915
52002 19600
52102 26995
52202 17947
52302 5657
52402 41908
52502 17402
52602 10916
52702 19493
52802 180
52902 15052
53002 60105
53102 38906
53202 56595
53302 32517
53402 43428
53502 35027
53602 14721
53702 56305
53802 44056
53902 10714
54002 61180
54102 54681
54202 22378
54302 34168
54402 1573
54502 53601
54602 33942
54702 28106
54802 61453
54902 9133
55002 20176
55102 25153
55202 40229
55302 56448
55402 48679
55502 4947
55602 3009
55702 59353
55802 27733
55902 15036
56002 5048
56102 9165
56202 22213
56302 4625
56402 26440
56502 35639
56602 38988
56702 6398
56802 43494
56902 10804
57002 7955
57102 36286
57202 1749
57302 35721
57402 46059
57502 40953
57602 1550
57702 30339
57802 37129
57902 31099
58002 2488
58102 33798
58202 44362
58302 27231
58402 51459
58502 62498
58602 50669
58702 61835
58802 61146
58902 11407
59002 49132
59102 37904
59202 25866
59302 18656
59402 32457
59502 18149
59602 25287
59702 17830
59802 7237
59902 18109
60002 27270
60102 24954
60202 21115
60302 62947
60402 45088
60502 10099
60602 38658
60702 41135
60802 40923
60902 48600
61002 42191
61102 33859
61202 26888
61302 36925
61402 14112
61502 1137
61602 2528
61702 9802
61802 45721
61902 36179
62002 7147
62102 10833
62202 60313
62302 64670
62402 5278
62502 18875
62602 23704
62702 51165
62802 43557
62902 34836
63002 43482
63102 13344
63202 3495
63302 26300
63402 30955
63502 15450
63602 14779
63702 31791
63802 47030
63902 46375
64002 30693
64102 15042
64202 14567
64302 15481
64402 48334
64502 28306
64602 63387
64702 1844
64802 46473
64902 25381
65002 60198
65102 28714
65202 16229
65302 56938
65402 47921
65502 11710
65602 5584
65702 22110
65802 58765
65902 24981
66002 44522
66102 43628
66202 11664
66302 26347
66402 12027
66502 58620
66602 53464
66702 39702
66802 31451
66902 47603
67002 57490
67102 1027
67202 16924
67302 27639
67402 42634
67502 23964
67602 3928
67702 23630
67802 65168
67902 3420
68002 36874
68102 1551
68202 5397
68302 18316
68402 2864
68502 32849
68602 3269
68702 38859
68802 24102
68902 56324
69002 55089
69102 39541
69202 61274
69302 41486
69402 11371
69502 41777
69602 44884
69702 21395
69802 14454
69902 33015
70002 23168
70102 32824
70202 64831
70302 20525
70402 61708
70502 8017
70602 30711
70702 5209
70802 22972
70902 49071
71002 53519
71102 1407
71202 200
71302 48232
71402 58079
71502 63165
71602 64766
71702 44482
71802 48299
71902 62877
72002 11787
72102 38706
72202 2007
72302 6035
72402 49257
72502 44025
72602 60710
72702 62090
72802 16073
72902 17988
73002 49743
73102 38612
73202 63554
73302 32806
73402 58914
73502 33829
73602 32183
73702 31223
73802 20427
73902 19695
74002 64229
74102 56499
74202 23416
74302 26666
74402 19081
74502 44788
74602 51079
74702 31949
74802 56233
74902 35127
75002 31282
75102 44563
75202 61394
75302 1245
75402 2006
75502 10818
75602 52757
75702 24055
75802 23392
75902 15277
76002 39567
76102 48735
76202 8167
76302 2471
76402 400
76502 30751
76602 52874
76702 61591
76802 18427
76902 25287
77002 38096
77102 9082
77202 10367
77302 10665
77402 12351
77502 15149
77602 33980
77702 37439
77802 37532
77902 42605
78002 11578
78102 62626
78202 61240
78302 14632
78402 12500
78502 55717
78602 43237
78702 61070
78802 27148
78902 10559
79002 35029
79102 46260
79202 17146
79302 12039
79402 16969
79502 42594
79602 14163
79702 15710
79802 5326
79902 7659
80002 40333
80102 3890
80202 12681
80302 18929
80402 54049
80502 46568
80602 63527
80702 54274
80802 38441
80902 64597
81002 49524
81102 12253
81202 39879
81302 26173
81402 30710
81502 55154
81602 55136
81702 45003
81802 59657
81902 49267
82002 56524
82102 19830
82202 60147
82302 21625
82402 23085
82502 63164
82602 25874
82702 51886
82802 40966
82902 4827
83002 60929
83102 5630
83202 57899
83302 39951
83402 37796
83502 54189
83602 10233
83702 52331
83802 2110
83902 48812
84002 26210
84102 44811
84202 17047
84302 53945
84402 60076
84502 61786
84602 971
84702 11878
84802 25785
84902 18871
85002 24900
85102 43396
85202 44988
85302 22215
85402 58417
85502 39256
85602 50351
85702 23133
85802 39490
85902 52568
86002 57287
86102 21860
86202 39249
86302 10589
86402 49620
86502 65105
86602 40228
86702 49435
86802 55038
86902 53320
87002 46615
87102 64829
87202 2742
87302 38881
87402 26430
87502 39580
87602 49797
87702 48318
87802 12198
87902 58020
88002 41613
88102 61772
88202 6370
88302 48385
88402 50138
88502 22262
88602 32947
88702 29714
88802 34987
88902 63639
89002 28486
89102 41858
89202 11772
89302 40746
89402 54001
89502 49250
89602 25723
89702 52801
89802 36978
89902 39729
90002 41241
90102 16386
90202 14854
