102 59033
202 11464
302 42666
402 16385
502 21934
602 60294
702 45663
802 9192
902 29864
1002 27013
1102 47097
1202 63456
1302 33775
1402 15824
1502 48826
1602 5336
1702 30477
1802 39533
1902 15381
2002 61924
2102 32803
2202 42686
2302 34859
2402 16015
2502 21970
2602 11252
2702 34945
2802 38083
2902 16738
3002 58214
3102 16249
3202 23491
3302 15373
3402 53796
3502 58794
3602 47838
3702 432
3802 30027
3902 32811
4002 23286
4102 57838
4202 48046
4302 51627
4402 35652
4502 26441
4602 56448
4702 50153
4802 11548
4902 48277
5002 57004
5102 26943
5202 734
5302 29152
5402 10356
5502 7270
5602 40399
5702 59893
5802 65446
5902 18862
6002 5377
6102 22169
6202 45254
6302 55452
6402 38525
6502 26029
6602 45402
6702 45961
6802 64273
6902 18692
7002 34397
7102 38310
7202 57630
7302 37348
7402 46074
7502 47935
7602 33736
7702 43136
7802 61830
7902 7235
8002 62673
8102 41771
8202 7282
8302 43990
8402 9727
8502 59865
8602 38567
8702 95
8802 37440
8902 13577
9002 14628
9102 51048
9202 8624
9302 26015
9402 33034
9502 46961
9602 31359
9702 13700
9802 64174
9902 34511
10002 41217
10102 59077
10202 13342
10302 51079
10402 8612
10502 25445
10602 55546
10702 63839
10802 10336
10902 11980
11002 65405
11102 23199
11202 50770
11302 57244
11402 37427
11502 38767
11602 13197
11702 16673
11802 39402
11902 60091
12002 12297
12102 47458
12202 54807
12302 28411
12402 31334
12502 17014
12602 13597
12702 34036
12802 58307
12902 5412
13002 42626
13102 6415
13202 54242
13302 60573
13402 10115
13502 29860
13602 24398
13702 42614
13802 10942
13902 46770
14002 37964
14102 44281
14202 19600
14302 30647
14402 25834
14502 50015
14602 27223
14702 60871
14802 54422
14902 3405
15002 33245
15102 14535
15202 960
15302 23100
15402 9534
15502 47527
15602 50838
15702 47487
15802 56971
15902 33161
16002 34100
16102 45847
16202 63439
16302 35299
16402 53042
16502 58993
16602 24252
16702 14454
16802 38149
16902 30858
17002 58941
17102 3103
17202 19062
17302 28338
17402 25251
17502 960
17602 56003
17702 17410
17802 44313
17902 9473
18002 34512
18102 1245
18202 26147
18302 59276
18402 10811
18502 18671
18602 41025
18702 17766
18802 25035
18902 57442
19002 48051
19102 23485
19202 16477
19302 23564
19402 48771
19502 3595
19602 31635
19702 38156
19802 59294
19902 12427
20002 35272
20102 46065
20202 63184
20302 64061
20402 9979
20502 12055
20602 30658
20702 54809
20802 31343
20902 5827
21002 21508
21102 1290
21202 59523
21302 23762
21402 22385
21502 31210
21602 60369
21702 51502
21802 63988
21902 57530
22002 62661
22102 53957
22202 57914
22302 16205
22402 31280
22502 59182
22602 13712
22702 15185
22802 41089
22902 14410
23002 48475
23102 59128
23202 46717
23302 54205
23402 4395
23502 52830
23602 51866
23702 51808
23802 64054
23902 65500
24002 50189
24102 35615
24202 1461
24302 18733
24402 34727
24502 34346
24602 25148
24702 23636
24802 36600
24902 35798
25002 46688
25102 45580
25202 26967
25302 37693
25402 17740
25502 9254
25602 4986
25702 39504
25802 54502
25902 24153
26002 25492
26102 35614
26202 6480
26302 13648
26402 20286
26502 32197
26602 16345
26702 57603
26802 27530
26902 22418
27002 1276
27102 2180
27202 47282
27302 18720
27402 31813
27502 39236
27602 6721
27702 56409
27802 16121
27902 6645
28002 19106
28102 15555
28202 33173
28302 18455
28402 51774
28502 61668
28602 55602
28702 35093
28802 32805
28902 8671
29002 17080
29102 16091
