102 11087
202 10030
302 34241
402 40346
502 37396
602 53895
702 35775
802 15809
902 32528
1002 27640
1102 20551
1202 33973
1302 64391
1402 39370
1502 49779
1602 10970
1702 5655
1802 56248
1902 65207
2002 4090
2102 41609
2202 63388
2302 19871
2402 5030
2502 46017
2602 2726
2702 64009
2802 31482
2902 48538
3002 41508
3102 41217
3202 5444
3302 63562
3402 38171
3502 43203
3602 48345
3702 24286
3802 35300
3902 2138
4002 64608
4102 13212
4202 59953
4302 31367
4402 10538
4502 20560
4602 6594
4702 63894
4802 31574
4902 29666
5002 38636
5102 4110
5202 26652
5302 50555
5402 27491
5502 12483
5602 40653
5702 19621
5802 52533
5902 52774
6002 29306
6102 41438
6202 51185
6302 40952
6402 27380
6502 19149
6602 5676
6702 22428
6802 44699
6902 58683
7002 43727
7102 57111
7202 15139
7302 544
7402 25773
7502 27339
7602 16538
7702 35329
7802 40781
7902 25250
8002 30289
8102 57759
8202 45312
8302 35371
8402 29774
8502 27780
8602 33203
8702 6403
8802 61417
8902 7906
9002 34065
9102 43741
9202 42367
9302 35966
9402 53758
9502 48333
9602 124
9702 19146
9802 28700
9902 38243
10002 26451
10102 44930
10202 24103
10302 48061
10402 62298
10502 25466
10602 53968
10702 21104
10802 37945
10902 3548
11002 63057
11102 34036
11202 37129
11302 38565
11402 24518
11502 22400
11602 48274
11702 36806
11802 26372
11902 37367
12002 48967
12102 39585
12202 14764
12302 19012
12402 60887
12502 40187
12602 41741
12702 43743
12802 34855
12902 23229
13002 58232
13102 44517
13202 47438
13302 47307
13402 46083
13502 16181
13602 41265
13702 47705
13802 2072
13902 57092
14002 24037
14102 47321
14202 4307
14302 43322
14402 24477
14502 48136
14602 58770
14702 25717
14802 2022
14902 14982
15002 49274
15102 30234
15202 51224
15302 13981
15402 33110
15502 24179
15602 39513
15702 20206
15802 36528
15902 56969
16002 49142
16102 13363
16202 12134
16302 8759
16402 19593
16502 59803
16602 57050
16702 40042
16802 10649
16902 46181
17002 58705
17102 57316
17202 63800
17302 41618
17402 59534
17502 4336
17602 24411
17702 22942
17802 26114
17902 19686
18002 62150
18102 37381
18202 42270
18302 14283
18402 10003
18502 27284
18602 2045
18702 52916
18802 21353
18902 10739
19002 1694
19102 34298
19202 3478
19302 15762
19402 12449
19502 28120
19602 45699
19702 49913
19802 8640
19902 16780
20002 1878
20102 25250
20202 61418
20302 55147
20402 16086
20502 12321
20602 55565
20702 52816
20802 11078
20902 44843
21002 61081
21102 52192
21202 33700
21302 59414
21402 51157
21502 25039
21602 64743
21702 41828
21802 21743
21902 17974
22002 29615
22102 8028
22202 49656
22302 70
22402 43779
22502 24919
22602 46077
22702 28088
22802 18876
22902 43769
23002 49340
23102 1080
23202 52224
23302 53509
23402 37605
23502 43895
23602 5591
23702 43848
23802 23008
23902 27065
24002 33138
24102 51073
24202 40245
24302 25479
24402 4636
24502 33128
24602 65266
24702 42825
24802 5229
24902 45209
25002 15537
25102 57353
25202 41961
25302 50089
25402 18438
25502 1889
25602 42042
25702 17609
25802 4079
25902 59181
26002 62411
26102 11067
26202 46996
26302 37682
26402 19327
26502 64452
26602 5767
26702 50502
26802 20222
26902 39923
27002 62234
27102 17455
27202 61586
27302 11631
27402 16129
27502 25860
27602 53500
27702 42656
27802 32311
27902 30296
28002 48676
28102 50619
28202 28596
28302 30233
28402 1752
28502 27503
28602 522
28702 54051
28802 51980
28902 19448
29002 40958
29102 62326
29202 9590
29302 59814
29402 13548
29502 52844
29602 5005
29702 17923
29802 25868
29902 36019
30002 18677
30102 46219
30202 4129
30302 46781
30402 51537
30502 60144
30602 24934
30702 60398
30802 34373
30902 50474
31002 11248
31102 45044
31202 26405
31302 39345
31402 7092
31502 36131
31602 21671
31702 54443
31802 3922
31902 38646
32002 61413
32102 53493
32202 11395
32302 49429
32402 26313
32502 27274
32602 58765
32702 1959
32802 2551
32902 40603
33002 10962
33102 53556
33202 38838
33302 2526
33402 43497
33502 28821
33602 34629
33702 42373
33802 58090
33902 48666
34002 1213
34102 62788
34202 50671
34302 37555
34402 3765
34502 37694
34602 50669
34702 13500
34802 10149
34902 63215
35002 50998
35102 35161
35202 42370
35302 33418
35402 53349
35502 41204
35602 15898
35702 13528
35802 51728
35902 29401
36002 55740
36102 14187
36202 6541
36302 49531
36402 9398
36502 3182
36602 16657
36702 22978
36802 17688
36902 931
37002 62001
37102 61456
37202 17150
37302 62940
37402 24608
37502 1089
37602 5657
37702 35906
37802 59409
37902 48423
38002 64013
38102 62059
38202 58288
38302 34459
38402 1942
38502 46073
38602 31467
38702 49652
38802 59974
38902 22571
39002 46117
39102 44536
39202 25302
39302 62998
39402 41917
39502 51966
39602 20602
39702 38576
39802 3132
39902 42564
40002 14844
40102 1029
40202 16042
40302 18580
40402 34297
40502 7926
40602 54871
40702 3859
40802 50203
40902 31305
41002 54666
41102 40833
41202 16815
41302 15615
41402 6087
41502 60490
41602 29248
41702 16496
41802 56076
41902 41581
42002 55964
42102 31903
42202 24136
42302 43375
42402 14538
42502 24043
42602 26628
42702 8472
42802 38047
42902 52599
43002 25721
43102 26446
43202 47492
43302 23030
43402 18719
43502 59060
43602 45372
43702 51246
43802 50260
43902 6167
44002 44792
44102 24551
44202 27636
44302 14991
44402 40351
44502 21025
44602 16200
44702 9671
44802 40592
44902 793
45002 26331
45102 6163
45202 3587
45302 57588
45402 54492
45502 375
45602 19937
45702 36702
45802 59292
45902 49714
46002 34068
46102 44696
46202 31909
46302 56993
46402 46262
46502 33419
46602 19530
46702 22698
46802 60529
46902 31360
47002 64804
47102 36940
47202 56586
47302 41635
47402 47408
47502 47114
47602 39800
47702 13417
47802 14970
47902 65056
48002 50895
48102 52843
48202 30934
48302 59800
48402 20303
48502 50901
48602 36310
48702 64389
48802 51153
48902 14500
49002 56203
49102 43696
49202 47232
49302 47979
49402 9828
49502 28200
49602 3610
49702 42015
49802 32028
49902 16381
50002 50344
50102 5905
50202 15811
50302 16194
50402 59536
50502 44318
50602 60630
50702 9119
50802 5404
50902 9258
51002 34182
51102 6750
51202 27386
51302 7337
51402 54862
51502 47249
51602 45568
51702 38571
51802 33658
51902 19028
52002 17556
52102 41121
52202 32842
52302 10729
52402 50128
52502 63906
52602 35290
52702 13415
52802 64214
52902 40716
53002 13607
53102 16863
53202 3596
53302 58337
53402 44140
53502 7050
53602 56263
53702 14992
53802 52051
53902 64915
54002 13367
54102 64310
54202 42111
54302 18746
54402 18195
54502 21624
54602 19146
54702 14873
54802 19725
54902 65179
55002 52467
55102 52781
55202 54349
55302 51265
55402 37693
55502 40285
55602 3009
55702 24842
55802 63408
55902 39750
56002 35724
56102 56627
56202 36098
56302 35656
56402 24960
56502 44239
56602 18060
56702 12168
56802 48612
56902 59308
57002 14599
57102 49281
57202 50777
57302 30220
57402 46292
57502 38648
57602 59636
57702 60120
57802 35267
57902 44378
58002 8869
58102 6964
58202 12922
58302 98
58402 15139
58502 51326
58602 44964
58702 4377
58802 32686
58902 51034
59002 43992
59102 62437
59202 47658
59302 1639
59402 3331
59502 19216
59602 22130
59702 5502
59802 32624
59902 26575
60002 62250
60102 14656
60202 62645
60302 2825
60402 20889
60502 19208
60602 10829
60702 490
60802 57146
60902 59909
61002 31369
61102 54263
61202 586
61302 33747
61402 47339
61502 20101
61602 40018
61702 17475
61802 22678
61902 33332
62002 16207
62102 33519
62202 48956
62302 55698
62402 60988
62502 57478
62602 20851
62702 27958
62802 56935
62902 59490
63002 62347
63102 6944
63202 64028
63302 50400
63402 4904
63502 44225
63602 19257
63702 22654
63802 58754
63902 30800
64002 2857
64102 434
64202 20423
64302 18936
64402 11102
64502 47451
64602 34089
64702 35946
64802 60900
64902 5650
65002 63205
65102 42929
65202 24425
65302 17458
65402 8606
65502 41199
65602 31800
65702 1776
65802 50679
65902 40228
66002 32725
66102 14571
66202 19655
66302 36798
66402 38710
66502 43417
66602 56964
66702 44405
66802 14552
66902 37797
67002 44757
67102 36882
67202 14009
67302 38387
67402 9071
67502 23457
67602 19566
67702 36066
67802 53984
67902 36047
68002 43396
68102 11687
68202 965
68302 26167
68402 26791
68502 29840
68602 60407
68702 62417
68802 61852
68902 61216
69002 30399
69102 20603
69202 62072
69302 51060
69402 42685
69502 28243
69602 49301
69702 53919
69802 41861
69902 44602
70002 39268
70102 61525
70202 38659
70302 60432
70402 8162
70502 31169
70602 53251
70702 46155
70802 22021
70902 37061
71002 38611
71102 14123
71202 54907
71302 29895
71402 42425
71502 16954
71602 49401
71702 34899
71802 27230
71902 39397
72002 48887
72102 54410
72202 20758
72302 23672
72402 25038
72502 9665
72602 44395
72702 22829
72802 39098
72902 34699
73002 28804
73102 2347
73202 25409
73302 52383
73402 17065
73502 56755
73602 40411
73702 24777
73802 38262
73902 857
74002 31066
74102 52621
74202 8344
74302 34305
74402 32649
74502 42078
74602 19605
74702 52615
74802 7150
74902 41100
75002 44518
75102 38572
75202 57223
75302 35841
75402 33499
75502 60418
75602 43484
75702 30655
75802 53073
75902 29847
76002 44191
76102 33963
76202 55435
76302 8705
76402 3445
76502 24147
76602 40044
76702 42262
76802 62580
76902 25038
77002 38146
77102 48722
77202 42020
77302 45790
77402 58178
77502 29600
77602 64642
77702 45989
77802 17053
77902 55757
78002 6550
78102 23918
78202 50626
78302 31972
78402 25979
78502 34404
78602 17689
78702 48244
78802 5319
78902 36275
79002 12842
79102 18681
79202 38994
79302 33790
79402 29202
79502 32516
79602 34510
79702 12671
79802 34325
79902 22543
80002 10357
80102 7202
80202 43336
80302 4230
80402 5904
80502 29184
80602 52510
80702 17154
80802 3830
80902 45026
81002 4399
81102 19625
81202 46812
81302 54017
81402 51104
81502 49124
81602 47386
81702 2709
81802 36434
81902 3805
82002 37702
82102 63927
82202 8920
82302 49758
82402 30428
82502 26461
82602 10259
82702 9597
82802 36024
82902 53147
83002 64817
83102 16498
83202 18585
83302 30712
83402 1699
83502 54663
83602 53331
83702 26184
83802 37962
83902 62827
84002 9881
84102 39990
84202 3185
84302 22529
84402 47388
84502 33659
84602 25154
84702 50211
84802 34540
84902 56063
85002 65304
85102 3543
85202 38565
85302 56696
85402 30162
85502 58580
85602 24806
85702 14683
85802 19067
85902 15064
86002 23304
86102 12343
86202 20123
86302 25416
86402 19241
86502 169
86602 45059
86702 40198
86802 52175
86902 28599
87002 62257
87102 35918
87202 6101
87302 29391
87402 40790
87502 42391
87602 50275
87702 58289
87802 45008
87902 54005
88002 12784
88102 39083
88202 50401
88302 29451
88402 7569
88502 52310
88602 20543
88702 47417
88802 53699
88902 40460
89002 58703
89102 20168
89202 43952
89302 23391
89402 43514
89502 15079
89602 8933
89702 17101
89802 9148
89902 31094
90002 55747
90102 14666
90202 22414
90302 51670
