102 30128
202 18813
302 51755
402 21543
502 13097
602 43946
702 19082
802 22375
902 40829
1002 20373
1102 15267
1202 35520
1302 4470
1402 31528
1502 57641
1602 11785
1702 21699
1802 6521
1902 20309
2002 24841
2102 60442
2202 49367
2302 24740
2402 29575
2502 48937
2602 49960
2702 5552
2802 48009
2902 2767
3002 41183
3102 9205
3202 39341
3302 15448
3402 33151
3502 49176
3602 63184
3702 60827
3802 45237
3902 58838
4002 62451
4102 4774
4202 53472
4302 20427
4402 22975
4502 50995
4602 3084
4702 24972
4802 17693
4902 46438
5002 42727
5102 27881
5202 16339
5302 8688
5402 24280
5502 33155
5602 25985
5702 14461
5802 52047
5902 25884
6002 20282
6102 49250
6202 20452
6302 55603
6402 24133
6502 39165
6602 40865
6702 31861
6802 49557
6902 7610
7002 14266
7102 64123
7202 24907
7302 403
7402 18205
7502 58590
7602 27077
7702 24120
7802 55316
7902 3594
8002 5768
8102 3526
8202 39468
8302 44611
8402 41214
8502 36171
8602 27317
8702 578
8802 785
8902 11789
9002 14117
9102 46326
9202 6039
9302 47239
9402 50648
9502 61440
9602 53709
9702 34136
9802 54637
9902 40778
10002 44618
10102 13495
10202 12812
10302 46529
10402 34810
10502 39382
10602 32134
10702 10794
10802 22688
10902 51761
11002 14167
11102 53979
11202 24145
11302 6508
11402 18785
11502 53545
11602 38842
11702 18158
11802 33721
11902 22862
12002 43512
12102 35175
12202 59035
12302 12046
12402 21252
12502 20356
12602 20705
12702 58467
12802 44863
12902 4873
13002 26781
13102 44734
13202 55194
13302 27447
13402 48484
13502 6360
13602 34901
13702 56580
13802 2506
13902 415
14002 49262
14102 5243
14202 22930
14302 29191
14402 30958
14502 3183
14602 11169
14702 59889
14802 56831
14902 48409
15002 33595
15102 58948
15202 22471
15302 47752
15402 401
15502 35783
15602 7674
15702 49903
15802 52105
15902 9423
16002 8790
16102 41588
16202 52852
16302 25453
16402 46060
16502 57615
16602 16616
16702 33290
16802 2744
16902 5654
17002 36383
17102 4841
17202 37219
17302 8981
17402 65535
17502 24661
17602 29673
17702 23920
17802 30736
17902 8529
18002 52605
18102 54186
18202 55274
18302 48392
18402 59047
18502 41411
18602 54904
18702 17389
18802 33602
18902 59810
19002 63301
19102 29064
19202 6901
19302 56352
19402 20777
19502 34779
19602 49848
19702 52150
19802 46694
19902 59407
20002 29681
20102 26765
20202 5186
20302 63279
20402 27356
20502 34520
20602 6629
20702 32885
20802 5707
20902 56998
21002 37947
21102 44259
21202 17285
21302 16875
21402 26514
21502 25849
21602 31638
21702 14785
21802 15809
21902 6834
22002 43462
22102 60232
22202 29424
22302 13101
22402 22637
22502 16769
22602 9371
22702 20908
22802 15853
22902 24426
23002 17036
23102 48747
23202 52358
23302 10603
23402 15649
23502 17926
23602 5627
23702 36632
23802 32623
23902 33242
24002 3639
24102 1322
24202 43887
24302 58780
24402 15639
24502 37997
24602 48248
24702 15444
24802 52267
24902 6326
25002 1847
25102 23751
25202 8036
25302 3574
25402 10332
25502 39513
25602 48149
25702 25171
25802 7415
25902 64448
26002 57867
26102 30539
26202 43202
26302 6423
26402 1709
26502 35077
26602 57644
26702 52456
26802 39462
26902 37847
27002 28663
27102 20784
27202 15077
27302 54012
27402 35015
27502 30049
27602 41447
27702 64910
27802 17119
27902 10262
28002 31560
28102 59155
28202 37656
28302 39014
28402 30636
28502 5042
28602 48412
28702 40780
28802 29419
28902 20996
29002 59480
29102 32358
29202 7391
29302 15337
29402 50504
29502 53337
29602 15718
29702 12024
29802 770
29902 50387
30002 25046
30102 19893
30202 49818
30302 9798
30402 12687
30502 31966
30602 16884
30702 18624
30802 6819
30902 33016
31002 41027
31102 11082
31202 31244
31302 56477
31402 62962
31502 7204
31602 15088
31702 49513
31802 733
31902 41472
32002 51825
32102 18930
32202 20970
32302 2302
32402 41321
32502 13895
32602 40381
32702 59291
32802 26331
32902 2033
33002 19533
33102 7901
33202 11093
33302 6394
33402 53171
33502 2651
33602 55492
33702 61057
33802 25660
33902 12431
34002 8366
34102 30722
34202 60991
34302 41964
34402 15750
34502 21676
34602 31897
34702 45728
34802 13714
34902 38542
35002 26104
35102 35505
35202 8590
35302 38413
35402 8688
35502 53379
35602 26117
35702 35365
35802 51523
35902 28478
36002 42172
36102 39830
36202 49642
36302 35681
36402 38097
36502 46200
36602 64273
36702 28103
36802 11872
36902 32989
37002 27448
37102 16616
37202 22715
37302 34068
37402 20076
37502 46135
37602 26870
37702 58389
37802 37111
37902 55163
38002 19556
38102 36187
38202 48723
38302 46710
38402 34473
38502 58101
38602 37476
38702 38530
38802 61319
38902 11382
39002 46090
39102 42630
39202 35265
39302 61055
39402 19690
39502 13835
39602 46690
39702 24625
39802 30
39902 22507
40002 26240
40102 32754
40202 15528
40302 9044
40402 52109
40502 8501
40602 2837
40702 61636
40802 41198
40902 50990
41002 16966
41102 15069
41202 42647
41302 6733
41402 24262
41502 54480
41602 64491
41702 13228
41802 23470
41902 29079
42002 21927
42102 2289
42202 52802
42302 51000
42402 2020
42502 34327
42602 13762
42702 29763
42802 48969
42902 23037
43002 5930
43102 55584
43202 38036
43302 6636
43402 3581
43502 38029
43602 35579
43702 19509
43802 30455
43902 38432
44002 6288
44102 22023
44202 64274
44302 10309
44402 59596
44502 5256
44602 42923
44702 8337
44802 51382
44902 54156
45002 3325
45102 64375
45202 37198
45302 13301
45402 4103
45502 18139
45602 44488
45702 9519
45802 26147
45902 13678
46002 49710
46102 8322
46202 53791
46302 4213
46402 41049
46502 10748
46602 21862
46702 30214
46802 11767
46902 5950
47002 52607
47102 21948
47202 10925
47302 43745
47402 17535
47502 42571
47602 61810
47702 7617
47802 19990
47902 10691
48002 45949
48102 52186
48202 53059
48302 14113
48402 34477
48502 43091
48602 4200
48702 12493
48802 39807
48902 2895
49002 44689
49102 54925
49202 57378
49302 23160
49402 5864
49502 13746
49602 48304
49702 22312
49802 14394
49902 25535
50002 37860
50102 38188
50202 61087
50302 7787
50402 30780
50502 29212
50602 52732
50702 48827
50802 43407
50902 57110
51002 27602
51102 10307
51202 30776
51302 9751
51402 50173
51502 43885
51602 32669
51702 16487
51802 60413
51902 1584
52002 59091
52102 18775
52202 60194
52302 47951
52402 1789
52502 16002
52602 10090
52702 1743
52802 46203
52902 6794
53002 44219
53102 15590
53202 48441
53302 5083
53402 48170
53502 6952
53602 51851
53702 42597
53802 37631
53902 61205
54002 4301
54102 47677
54202 5920
54302 3214
54402 37478
54502 47971
54602 35540
54702 59842
54802 32816
54902 37411
55002 15133
55102 52814
55202 28696
55302 10882
55402 23540
55502 49495
55602 48240
55702 37946
55802 15746
55902 45974
56002 15593
56102 7795
56202 29634
56302 54625
56402 62659
56502 11487
56602 31514
56702 21418
56802 5396
56902 4783
57002 4236
57102 8016
57202 42995
57302 47682
57402 54403
57502 61250
57602 7631
57702 19050
57802 22728
57902 13545
58002 14913
58102 20030
58202 61812
58302 31701
58402 35897
58502 44074
58602 42483
58702 17907
58802 12534
58902 24662
59002 63533
59102 52623
59202 58962
59302 12876
59402 62485
59502 38119
59602 20684
59702 53603
59802 14139
59902 54661
60002 2515
60102 11046
60202 2419
60302 57279
60402 56728
60502 23233
60602 55471
60702 64655
60802 26330
60902 7134
61002 37791
61102 38714
61202 27719
61302 63533
61402 32779
61502 18594
61602 13843
61702 57643
61802 56630
61902 55942
62002 32984
62102 31404
62202 52153
62302 54522
62402 17021
62502 14646
62602 19212
62702 54523
62802 14089
62902 31407
63002 29491
63102 58815
63202 11443
63302 6124
63402 55805
63502 37697
63602 42989
63702 9223
63802 2642
63902 56998
64002 418
64102 18124
64202 32251
64302 27459
64402 27293
64502 45316
64602 24088
64702 15903
64802 60581
64902 28436
65002 50101
65102 26479
65202 61889
65302 56953
65402 47547
65502 36510
65602 24079
65702 57501
65802 33732
65902 56985
66002 5721
66102 25885
66202 43113
66302 4159
66402 38295
66502 29442
66602 24077
66702 32938
66802 16673
66902 55602
67002 2610
67102 8795
67202 21132
67302 47641
67402 43090
67502 54476
67602 11286
67702 7945
67802 24196
67902 43320
68002 1176
68102 50550
68202 7619
68302 19015
68402 38504
68502 63137
68602 41278
68702 4468
68802 63290
68902 19492
69002 1681
69102 56851
69202 33838
69302 6486
69402 62220
69502 57084
69602 56183
69702 41967
69802 39169
69902 32082
70002 37798
70102 64176
70202 50867
70302 19958
70402 35444
70502 4433
70602 54760
70702 538
70802 9375
70902 54169
71002 39790
71102 23312
71202 36883
71302 44479
71402 24519
71502 43762
71602 46539
71702 46035
71802 15487
71902 24898
72002 24435
72102 7039
72202 16533
72302 16931
72402 2190
72502 1982
72602 4034
72702 52070
72802 19518
72902 22965
73002 6728
73102 5544
73202 6461
73302 59254
73402 43457
73502 30255
73602 39520
73702 15197
73802 34805
73902 1337
74002 25315
74102 56007
74202 41361
74302 11846
74402 34701
74502 57981
74602 16661
74702 1500
74802 46970
74902 42438
75002 12363
75102 22948
75202 60641
75302 12427
75402 41493
75502 37038
75602 13230
75702 4829
75802 49132
75902 18451
76002 56694
76102 53898
76202 32508
76302 40562
76402 44149
76502 36201
76602 28723
76702 18576
76802 11730
76902 27792
77002 44641
77102 17706
77202 64132
77302 37258
77402 51219
77502 60400
77602 57692
77702 7475
77802 60425
77902 29421
78002 45819
78102 16547
78202 39822
78302 28036
78402 63917
78502 45805
78602 6632
78702 58385
78802 43540
78902 30311
79002 62151
79102 20844
79202 60003
79302 22554
79402 34199
79502 7942
79602 55284
79702 2814
79802 42658
79902 43196
80002 44938
80102 49616
80202 38721
80302 9916
80402 33024
80502 30508
80602 38500
80702 734
80802 22675
80902 45885
81002 54832
81102 53375
81202 45481
81302 20009
81402 52896
81502 10725
81602 52761
81702 19239
81802 9315
81902 49001
82002 59702
82102 53986
82202 55619
82302 3888
82402 45696
82502 57689
82602 30462
82702 48899
82802 47519
82902 65360
83002 41366
83102 34650
83202 33396
83302 56453
83402 62024
83502 9262
83602 17263
83702 42872
83802 22850
83902 4968
84002 44709
84102 64448
84202 31801
84302 58576
84402 7458
84502 41534
84602 14306
84702 19685
84802 37331
84902 41654
85002 31561
85102 5999
85202 25208
85302 22620
85402 21829
85502 52440
85602 59115
85702 11352
85802 30208
85902 53561
86002 47378
86102 63730
86202 62470
86302 3844
86402 44374
86502 23939
86602 62085
86702 14389
86802 14592
86902 40778
87002 21755
87102 42604
87202 20166
87302 52375
87402 42973
87502 12029
87602 45390
87702 24777
87802 58916
87902 25963
88002 34123
88102 47282
88202 30266
88302 19124
88402 23320
88502 64287
88602 4543
88702 35768
88802 34724
88902 35837
89002 35134
89102 44249
89202 49817
89302 37531
89402 37626
89502 54458
89602 4460
89702 15672
89802 64538
89902 12408
90002 36402
90102 45702
