102 58878
202 56611
302 41230
402 57191
502 63846
602 3724
702 43562
802 25691
902 23569
1002 48368
1102 50209
1202 22337
1302 55594
1402 42495
1502 19965
1602 52022
1702 2757
1802 25133
1902 60011
2002 55956
2102 7113
2202 35533
2302 28007
2402 55399
2502 11484
2602 2606
2702 54405
2802 6463
2902 58649
3002 24010
3102 11092
3202 1174
3302 4485
3402 13767
3502 52632
3602 12679
3702 14927
3802 3209
3902 19879
4002 15195
4102 17647
4202 60008
4302 39161
4402 16706
4502 21503
4602 44400
4702 13756
4802 21432
4902 19029
5002 35380
5102 31113
5202 44093
5302 44008
5402 40113
5502 43250
5602 59452
5702 30348
5802 43583
5902 55881
6002 40428
6102 3501
6202 5995
6302 1814
6402 1018
6502 8866
6602 24267
6702 42901
6802 52872
6902 33193
7002 55113
7102 58848
7202 53036
7302 23645
7402 14465
7502 5041
7602 49871
7702 65189
7802 56950
7902 47047
8002 8278
8102 51101
8202 29367
8302 16418
8402 23871
8502 21000
8602 43788
8702 499
8802 60721
8902 4254
9002 32501
9102 1828
9202 63236
9302 30606
9402 60178
9502 1487
9602 62171
9702 55262
9802 22603
9902 20887
10002 15747
10102 29164
10202 3541
10302 26284
10402 41763
10502 30518
10602 9393
10702 53316
10802 6254
10902 8964
11002 31089
11102 19465
11202 48626
11302 37987
11402 10733
11502 5254
11602 34870
11702 34866
11802 40038
11902 43051
12002 5294
12102 12886
12202 49739
12302 33946
12402 23123
12502 49112
12602 28279
12702 14528
12802 49658
12902 42602
13002 15528
13102 8813
13202 24466
13302 49204
13402 30008
13502 54163
13602 12616
13702 29647
13802 29279
13902 9576
14002 34744
14102 2258
14202 14231
14302 28845
14402 59889
14502 15899
14602 33440
14702 43120
14802 11590
14902 57530
15002 11866
15102 25939
15202 52340
15302 10350
15402 19652
15502 61512
15602 20627
15702 40669
15802 15102
15902 53223
16002 27953
16102 24324
16202 61390
16302 27417
16402 23679
16502 19920
16602 51305
16702 53446
16802 49338
16902 55373
17002 48561
17102 48102
17202 45952
17302 59036
17402 22944
17502 22980
17602 64104
17702 35692
17802 15240
17902 29576
18002 31935
18102 57978
18202 8864
18302 50129
18402 19852
18502 22710
18602 42169
18702 41187
18802 12814
18902 63821
19002 48631
19102 32318
19202 52300
19302 58265
19402 30016
19502 4932
19602 13067
19702 27490
19802 64539
19902 32701
20002 11975
20102 43583
20202 49162
20302 29185
20402 16782
20502 49856
20602 41800
20702 45610
20802 29780
20902 34392
21002 5466
21102 35956
21202 49566
21302 46601
21402 35766
21502 40725
21602 19065
21702 11225
21802 4700
21902 63421
22002 52296
22102 47638
22202 21331
22302 27928
22402 46910
22502 57350
22602 44424
22702 5004
22802 33677
22902 52119
23002 34479
23102 7752
23202 35548
23302 56224
23402 19436
23502 13223
23602 14797
23702 29953
23802 25201
23902 63715
24002 35828
24102 33
24202 26321
24302 4533
24402 32845
24502 49127
24602 38785
24702 29381
24802 57089
24902 31730
25002 12601
25102 36349
25202 13206
25302 34987
25402 41462
25502 15997
25602 1598
25702 57932
25802 24344
25902 35745
26002 23240
26102 55199
26202 19725
26302 16397
26402 11611
26502 39010
26602 51542
26702 38121
26802 13507
26902 15941
27002 2842
27102 30872
27202 47396
27302 15342
27402 26677
27502 27235
27602 50123
27702 46043
27802 20947
27902 43374
28002 32908
28102 36411
28202 50363
28302 39895
28402 5225
28502 45651
28602 5735
28702 49499
28802 52064
28902 49985
29002 39525
29102 63860
29202 20231
29302 50435
29402 11310
29502 45831
29602 32644
29702 31000
29802 6240
29902 12525
30002 35673
30102 44939
30202 3355
30302 21475
30402 9227
30502 62378
30602 17605
30702 46511
30802 16207
30902 27444
31002 42232
31102 63032
31202 15537
31302 37988
31402 33825
31502 18341
31602 35677
31702 19616
31802 54122
31902 21170
32002 18929
32102 15271
