102 14732
202 64331
302 33720
402 12497
502 16649
602 13224
702 46247
802 18627
902 3714
1002 62244
1102 6673
1202 38743
1302 45554
1402 3429
1502 18294
1602 20196
1702 53097
1802 42476
1902 36577
2002 20304
2102 53404
2202 60600
2302 16242
2402 32389
2502 38303
2602 9997
2702 7049
2802 35074
2902 29016
3002 17814
3102 56018
3202 4274
3302 31960
3402 31585
3502 21865
3602 37903
3702 17343
3802 39190
3902 12195
4002 28351
4102 55501
4202 43649
4302 37323
4402 29590
4502 45950
4602 26594
4702 13810
4802 4057
4902 29960
5002 2970
5102 23309
5202 10810
5302 2863
5402 3214
5502 56686
5602 65407
5702 51715
5802 14363
5902 11226
6002 48426
6102 34181
6202 9212
6302 19383
6402 55152
6502 19420
6602 63398
6702 5932
6802 7213
6902 17967
7002 49017
7102 25035
7202 52864
7302 47453
7402 3279
7502 7757
7602 30270
7702 62257
7802 21256
7902 32423
8002 35281
8102 29087
8202 7304
8302 22475
8402 28641
8502 39249
8602 42131
8702 36439
8802 44313
8902 58845
9002 4096
9102 58839
9202 49805
9302 54443
9402 1482
9502 3279
9602 35335
9702 37634
9802 14726
9902 40571
10002 1745
10102 9370
10202 24144
10302 20619
10402 16861
10502 33639
10602 24369
10702 26181
10802 7417
10902 37018
11002 1763
11102 36046
11202 27301
11302 12201
11402 63750
11502 62492
11602 26376
11702 10956
11802 60578
11902 29518
12002 37813
12102 10785
12202 11062
12302 18684
12402 50111
12502 60560
12602 19258
12702 50456
12802 39139
12902 18557
13002 24425
13102 6292
13202 15996
13302 55007
13402 34306
13502 23716
13602 35325
13702 59536
13802 29352
13902 2433
14002 32785
14102 51578
14202 1572
14302 2805
14402 11075
14502 58823
14602 41443
14702 18460
14802 49391
14902 48665
15002 22416
15102 15016
15202 59990
15302 17409
15402 53528
15502 17145
15602 14115
15702 36446
15802 36897
15902 51286
16002 32765
16102 48762
16202 12307
16302 13262
16402 27519
16502 44078
16602 46478
16702 22938
16802 57817
16902 51272
17002 588
17102 765
17202 21961
17302 15769
17402 23854
17502 59461
17602 30344
17702 44781
17802 62148
17902 54453
18002 5124
18102 4744
18202 3246
18302 21351
18402 28525
18502 58036
18602 12586
18702 56565
18802 32542
18902 27339
19002 36513
19102 45937
19202 29604
19302 23364
19402 51908
19502 16270
19602 7611
19702 33822
19802 16061
19902 20969
20002 64506
20102 40779
20202 48996
20302 16163
20402 56364
20502 39242
20602 42907
20702 55771
20802 8119
20902 62702
21002 46533
21102 51353
21202 35181
21302 21333
21402 43112
21502 14733
21602 54934
21702 27460
21802 49239
21902 15630
22002 63781
22102 44475
22202 64640
22302 59768
22402 23054
22502 64659
22602 56274
22702 32103
22802 43271
22902 29152
23002 30345
23102 54760
23202 49993
23302 24278
23402 63350
23502 63363
23602 488
23702 15815
23802 15643
23902 61659
24002 12050
24102 11506
24202 46189
24302 33950
24402 27160
24502 9984
24602 36211
24702 56133
24802 53830
24902 53637
25002 24273
25102 3902
25202 22696
25302 54436
25402 61034
25502 30478
25602 11893
25702 21943
25802 14078
25902 48155
26002 5750
26102 12099
26202 32631
26302 33144
26402 35906
26502 18815
26602 35446
26702 48248
26802 58010
26902 6487
27002 57114
27102 35121
27202 54515
27302 32391
27402 41920
27502 54212
27602 5572
27702 22230
27802 43372
27902 48234
28002 10171
28102 42282
28202 35037
28302 5838
28402 12198
28502 19876
28602 21207
28702 54248
28802 23981
28902 59874
29002 48841
29102 14170
29202 22587
29302 59004
29402 9759
29502 49712
29602 50482
29702 42220
29802 57787
29902 34828
30002 26165
30102 6075
30202 6821
30302 15750
30402 18891
30502 63274
30602 728
30702 58298
30802 2594
30902 41376
31002 21542
31102 41745
31202 22485
31302 39306
31402 22738
31502 21265
31602 53060
31702 19240
31802 40954
31902 25205
32002 33088
32102 14301
32202 18308
32302 27375
32402 5389
32502 29490
32602 47561
32702 36901
32802 58910
32902 10322
33002 26684
33102 16026
33202 11087
33302 5142
33402 7871
33502 32013
33602 57341
33702 13817
33802 13496
33902 42197
34002 29296
34102 29677
34202 32470
34302 796
34402 35976
34502 8192
34602 48434
34702 50276
34802 20486
34902 24080
35002 22935
35102 26985
35202 1939
35302 6578
35402 34330
35502 15314
35602 2874
35702 20131
35802 6762
35902 14767
36002 20968
36102 50877
36202 37884
36302 7734
36402 23610
36502 25256
36602 10866
36702 47100
36802 60694
36902 42633
37002 52489
37102 57260
37202 2489
37302 16818
37402 56572
37502 44473
37602 5998
37702 62061
37802 58346
37902 36368
38002 53171
38102 34305
38202 51497
38302 45574
38402 57771
38502 1706
38602 13771
38702 12004
38802 17714
38902 51442
39002 47101
39102 46179
39202 2206
39302 51814
39402 989
39502 7334
39602 1824
39702 16201
39802 33177
39902 9341
40002 26705
40102 37881
40202 64162
40302 48104
40402 8761
40502 5642
40602 43343
40702 36332
40802 50531
40902 22692
41002 7417
41102 570
41202 14954
41302 55246
41402 43025
41502 59352
41602 42830
41702 64642
41802 62577
41902 59603
42002 24955
42102 33005
42202 30711
42302 25121
42402 11183
42502 47428
42602 27989
42702 2898
42802 14641
42902 30913
43002 61514
43102 58206
43202 55814
43302 62205
43402 44021
43502 49693
43602 6357
43702 8353
43802 56772
43902 17040
44002 49130
44102 42924
44202 60795
44302 13762
44402 49287
44502 7709
44602 55114
44702 58253
44802 24964
44902 260
45002 31162
45102 57123
45202 61957
45302 18279
45402 45836
45502 9845
45602 37260
45702 11123
45802 60710
45902 4409
46002 51411
46102 8009
46202 36366
46302 22495
46402 2518
46502 35893
46602 20672
46702 17079
46802 64460
46902 37056
47002 56750
47102 42916
47202 41156
47302 18552
47402 1996
47502 40189
47602 8061
47702 5916
47802 54743
47902 63031
48002 53954
48102 18274
48202 52528
48302 14321
48402 50818
48502 2603
48602 18102
48702 46759
48802 36450
48902 918
49002 24336
49102 48685
49202 50698
49302 1532
49402 31206
49502 58119
49602 51594
49702 63566
49802 6615
49902 7227
50002 63874
50102 20449
50202 12672
50302 45042
50402 38885
50502 57921
50602 13063
50702 3744
50802 26854
50902 21894
51002 14545
51102 50281
51202 61548
51302 16342
51402 15824
51502 30345
51602 42163
51702 3379
51802 38806
51902 14488
52002 17095
52102 53494
52202 42199
52302 27993
52402 57835
52502 52712
52602 59920
52702 25227
52802 9082
52902 20047
53002 27393
53102 58896
53202 9574
53302 34691
53402 57433
53502 15800
53602 26307
53702 23275
53802 7636
53902 56232
54002 50826
54102 48733
54202 52853
54302 20106
54402 16555
54502 7073
54602 21321
54702 53025
54802 45761
54902 51829
55002 21638
55102 33614
55202 8961
55302 34606
55402 42354
55502 17914
55602 35453
55702 23625
55802 16224
55902 58152
56002 953
56102 29110
56202 48311
56302 39607
56402 32449
56502 12507
56602 9551
56702 14657
56802 60335
56902 15217
57002 42710
57102 61068
57202 6885
57302 62496
57402 16773
57502 38587
57602 43668
57702 22150
57802 52393
57902 43226
58002 64373
58102 10670
58202 3809
58302 54349
58402 31523
58502 64841
58602 26545
58702 64611
58802 27948
58902 3282
59002 3181
59102 12524
59202 12886
59302 17557
59402 52934
59502 56786
59602 54610
59702 29991
59802 22889
59902 58326
60002 57643
60102 34333
60202 44386
60302 25429
60402 17745
60502 19711
60602 657
60702 1755
60802 22006
60902 38297
61002 44026
61102 53955
61202 65135
61302 10380
61402 27076
61502 31437
61602 15090
61702 58283
61802 64846
61902 23387
62002 35402
62102 10009
62202 42183
62302 3726
62402 34686
62502 50629
62602 30062
62702 26188
62802 6086
62902 6071
63002 47257
63102 42154
63202 11420
63302 5097
63402 65491
63502 62530
63602 25773
63702 23413
63802 57360
63902 49397
64002 30138
64102 31170
64202 39633
64302 13259
64402 32008
64502 37446
64602 44638
64702 55894
64802 32596
64902 65245
65002 27309
65102 17306
65202 47915
65302 19257
65402 6421
65502 6309
65602 38757
65702 29502
65802 40114
65902 14375
66002 7891
66102 14001
66202 10626
66302 16432
66402 36000
66502 16217
66602 35668
66702 15653
66802 54826
66902 24133
67002 19464
67102 36356
67202 65049
67302 50689
67402 36665
67502 59145
67602 4950
67702 6080
67802 41233
67902 59431
68002 19083
68102 11139
68202 1955
68302 25064
68402 15040
68502 43922
68602 1880
68702 25810
68802 39140
68902 53487
69002 57539
69102 48850
69202 29603
69302 65492
69402 10879
69502 13601
69602 34146
69702 54336
69802 35688
69902 56571
70002 47209
70102 42094
70202 31531
70302 41749
70402 39417
70502 53557
70602 34237
70702 18924
70802 51044
70902 29802
71002 48861
71102 14752
71202 61878
71302 37190
71402 11146
71502 57432
71602 27489
71702 37753
71802 62148
71902 62437
72002 64420
72102 31908
72202 17346
72302 30257
72402 29527
72502 19004
72602 38419
72702 33518
72802 24167
72902 11465
73002 2143
73102 30583
73202 60259
73302 13700
73402 26797
73502 14741
73602 31821
73702 41627
73802 63168
73902 4478
74002 64876
74102 14929
74202 47831
74302 52271
74402 39850
74502 49705
74602 18501
74702 41048
74802 46166
74902 39556
75002 35698
75102 24351
75202 28396
75302 35125
75402 24265
75502 17823
75602 14502
75702 30167
75802 6676
75902 30928
76002 40325
76102 32348
76202 7034
76302 22516
76402 42238
76502 56878
76602 62912
76702 62204
76802 55147
76902 33083
77002 27850
77102 61293
77202 43020
77302 32443
77402 63004
77502 11729
77602 2594
77702 5981
77802 43177
77902 12073
78002 44910
78102 28606
78202 23305
78302 3475
78402 40193
78502 23362
78602 26845
78702 18139
78802 36120
78902 15950
79002 51872
79102 11588
79202 56382
79302 63929
79402 32008
79502 28595
79602 34601
79702 25701
79802 17203
79902 53452
80002 8349
80102 22940
80202 5662
80302 36371
80402 28167
80502 28422
80602 5470
80702 55397
80802 41892
80902 32457
81002 16678
81102 1826
81202 57352
81302 37009
81402 45863
81502 35976
81602 59830
81702 26753
81802 47177
81902 39709
82002 21619
82102 55112
82202 31604
82302 24031
82402 2364
82502 20405
82602 5485
82702 29011
82802 8592
82902 36381
83002 35166
83102 24776
83202 1274
83302 15366
83402 37583
83502 38553
83602 6212
83702 9230
83802 57805
83902 49457
84002 10553
84102 14987
84202 7995
84302 26009
84402 35967
84502 50804
84602 5962
84702 21513
84802 38420
84902 59630
85002 30506
85102 40815
85202 50157
85302 4842
85402 18947
85502 63734
85602 41754
85702 10677
85802 11263
85902 58866
86002 17409
86102 46720
86202 60252
86302 26297
86402 49699
86502 9050
86602 55607
86702 23020
86802 44979
86902 38523
87002 45559
87102 30086
87202 11965
87302 17331
87402 16397
87502 10785
87602 54074
87702 47418
87802 10147
87902 6774
88002 59
88102 6613
88202 27250
88302 9361
88402 11199
88502 62462
88602 34894
88702 56324
88802 10328
88902 51066
89002 24625
89102 53994
89202 15389
89302 15463
89402 43814
89502 40343
89602 7459
89702 60155
89802 54028
89902 15443
90002 18976
90102 6755
90202 13138
