102 52129
202 6114
302 38834
402 35235
502 7596
602 46277
702 37215
802 33540
902 26014
1002 13385
1102 42061
1202 9842
1302 48345
1402 64792
1502 18631
1602 56449
1702 45356
1802 28218
1902 35011
2002 17031
2102 4074
2202 36737
2302 32208
2402 57734
2502 36994
2602 45692
2702 58458
2802 64843
2902 9348
3002 12165
3102 45928
3202 19824
3302 558
3402 65279
3502 48307
3602 39896
3702 22781
3802 14644
3902 8985
4002 2243
4102 3084
4202 58557
4302 33760
4402 15362
4502 14868
4602 42450
4702 50145
4802 47171
4902 46428
5002 50856
5102 11837
5202 6337
5302 30625
5402 42683
5502 11290
5602 16925
5702 48971
5802 38120
5902 24411
6002 5327
6102 44786
6202 61241
6302 6132
6402 57569
6502 10166
6602 53195
6702 41696
6802 49160
6902 26957
7002 42195
7102 54696
7202 10692
7302 65136
7402 37585
7502 35198
7602 794
7702 18276
7802 26071
7902 35868
8002 64875
8102 32103
8202 32184
8302 29097
8402 30760
8502 40356
8602 34612
8702 12266
8802 51263
8902 26500
9002 18774
9102 12014
9202 52974
9302 19536
9402 24251
9502 44265
9602 7191
9702 59559
9802 27046
9902 41275
10002 47664
10102 58885
10202 58563
10302 17350
10402 60801
10502 59021
10602 55467
10702 7779
10802 9854
10902 64270
11002 40456
11102 7770
11202 45167
11302 20697
11402 58981
11502 4254
11602 43619
11702 43158
11802 39120
11902 40221
12002 1957
12102 20771
12202 23018
12302 30893
12402 17290
12502 23791
12602 687
12702 56422
12802 22060
12902 59256
13002 59660
13102 16243
13202 28409
13302 47778
13402 35327
13502 27402
13602 60390
13702 21949
13802 24168
13902 1206
14002 56125
14102 31386
14202 15920
14302 64041
14402 31856
14502 27046
14602 3656
14702 38535
14802 14462
14902 34650
15002 30725
15102 34324
15202 37171
15302 47917
15402 7861
15502 40824
15602 42127
15702 46113
15802 34582
15902 9
16002 18509
16102 58206
16202 881
16302 51466
16402 14377
16502 2525
16602 28279
16702 12365
16802 64762
16902 41590
17002 30264
17102 12623
17202 62464
17302 64877
17402 34440
17502 34692
17602 49480
17702 60828
17802 10352
17902 3477
18002 57435
18102 4470
18202 30210
18302 32986
18402 15995
18502 2043
18602 38226
18702 46363
18802 9094
18902 38743
19002 38611
19102 4706
19202 19549
19302 10353
19402 6905
19502 58811
19602 64787
19702 36889
19802 20864
19902 5902
20002 61435
20102 11323
20202 7885
20302 3150
20402 38814
20502 2859
20602 65363
20702 2649
20802 22674
20902 33195
21002 5014
21102 56720
21202 13565
21302 58348
21402 38830
21502 25197
21602 32610
21702 48654
21802 55301
21902 17161
22002 54814
22102 45050
22202 27370
22302 16914
22402 43088
22502 31311
22602 47141
22702 42538
22802 51774
22902 34432
23002 8870
23102 10683
23202 42649
23302 5720
23402 8575
23502 11714
23602 13885
23702 56607
23802 48523
23902 19033
24002 912
24102 18827
24202 62421
24302 1709
24402 37856
24502 54994
24602 56711
24702 37927
24802 23298
24902 21637
25002 5515
25102 16373
25202 45415
25302 45776
25402 197
25502 8680
25602 2431
25702 7859
25802 12632
25902 4653
26002 37313
26102 59593
26202 6980
26302 40992
26402 42748
26502 33850
26602 35552
26702 22999
26802 22766
26902 775
27002 60934
27102 38234
27202 33496
27302 28196
27402 49235
27502 1470
27602 8040
27702 64289
27802 9980
27902 63018
28002 36589
28102 34381
28202 28490
28302 52153
28402 55786
28502 51140
28602 29029
28702 10443
28802 1429
28902 40092
29002 56925
29102 22425
29202 5090
29302 46380
29402 11191
29502 61537
29602 56213
29702 21383
29802 56251
29902 56788
30002 3737
30102 32888
30202 65261
30302 2971
30402 30761
30502 39891
30602 4768
30702 20982
30802 22206
30902 7642
31002 55550
31102 16606
31202 63929
31302 9071
31402 30491
31502 47275
31602 28909
31702 3243
31802 42476
31902 8169
32002 17618
32102 34503
32202 15274
32302 22134
32402 41357
32502 28011
32602 47378
32702 27179
32802 37531
32902 22502
33002 1896
33102 55186
33202 58592
33302 38197
33402 33711
33502 9866
33602 50152
33702 39236
33802 11403
33902 57590
34002 30768
34102 6378
34202 38440
34302 10985
34402 11370
34502 26695
34602 52055
34702 40454
34802 24173
34902 16087
35002 38905
35102 39449
35202 26950
35302 21733
35402 17652
35502 43105
35602 13570
35702 56358
35802 49934
35902 11006
36002 22960
36102 24723
36202 33980
36302 64354
36402 56777
36502 24868
36602 20862
36702 49230
36802 16560
36902 20321
37002 62407
37102 64149
37202 22491
37302 21084
37402 53271
37502 10457
37602 44880
37702 34230
37802 39991
37902 22907
38002 3890
38102 14204
38202 61296
38302 12027
38402 15188
38502 37157
38602 157
38702 62580
38802 37790
38902 46960
39002 45165
39102 35436
39202 25999
39302 18818
39402 64445
39502 8282
39602 59367
39702 17153
39802 11924
39902 4272
40002 44697
40102 58492
40202 39623
40302 22448
40402 48353
40502 28443
40602 44138
40702 21932
40802 14161
40902 9014
41002 43320
41102 63987
41202 60820
41302 46482
41402 56307
41502 25976
41602 4251
41702 36813
41802 24775
41902 18057
42002 43081
42102 24757
42202 40801
42302 53194
42402 514
42502 389
42602 45302
42702 27288
42802 37071
42902 56120
43002 51595
43102 59479
43202 22187
43302 51289
43402 41379
43502 17691
43602 40898
43702 32308
43802 10672
43902 27857
44002 26824
44102 51813
44202 29169
44302 47844
44402 46903
44502 27206
44602 42528
44702 24907
44802 55101
44902 25337
45002 31462
45102 13647
45202 23473
45302 56938
45402 57336
45502 36608
45602 36181
45702 20924
45802 57358
45902 13937
46002 39911
46102 57175
46202 14456
46302 54971
46402 36737
46502 43804
46602 30317
46702 48565
46802 1752
46902 52149
47002 57278
47102 59890
47202 50362
47302 34492
47402 27007
47502 10041
47602 37640
47702 54620
47802 16575
47902 52532
48002 9604
48102 4227
48202 30965
48302 18729
48402 58170
48502 11933
48602 20071
48702 34081
48802 23765
48902 57382
49002 1898
49102 861
49202 12720
49302 4423
49402 35056
49502 36483
49602 58686
49702 7684
49802 55091
49902 12892
50002 34411
50102 45720
50202 40889
50302 27614
50402 23539
50502 2623
50602 12642
50702 34425
50802 20235
50902 55084
51002 29169
51102 1793
51202 64346
51302 55140
51402 28068
51502 50681
51602 54418
51702 61256
51802 31122
51902 14139
52002 57276
52102 54115
52202 9453
52302 16762
52402 16384
52502 51993
52602 33693
52702 64707
52802 43373
52902 31732
53002 37900
53102 4661
53202 11035
53302 14156
53402 59616
53502 62418
53602 36280
53702 16590
53802 3641
53902 45293
54002 4566
54102 1010
54202 34209
54302 17512
54402 35743
54502 45768
54602 53720
54702 424
54802 61424
54902 45156
55002 19076
55102 5853
55202 48578
55302 19686
55402 8834
55502 17321
55602 40233
55702 12330
55802 22730
55902 47011
56002 39598
56102 26206
56202 3878
56302 17330
56402 62120
56502 60139
56602 11339
56702 10619
56802 48872
56902 54580
57002 5001
57102 38302
57202 1991
57302 29735
57402 56159
57502 21372
57602 61818
57702 56717
57802 38349
57902 17054
58002 55832
58102 22229
58202 4378
58302 2492
58402 60540
58502 22228
58602 53877
58702 35086
58802 41562
58902 28763
59002 40144
59102 28075
59202 63934
59302 50737
59402 18918
59502 7736
59602 60965
59702 52639
59802 34628
59902 39440
60002 20559
60102 28172
60202 1822
60302 62211
60402 17929
60502 52930
60602 6255
60702 52074
60802 22898
60902 42381
61002 40223
61102 19252
61202 29320
61302 24137
61402 33974
61502 54108
61602 40966
61702 28714
61802 44601
61902 44962
62002 38410
62102 40524
62202 16227
62302 34385
62402 37406
62502 17182
62602 26665
62702 5145
62802 57899
62902 7868
63002 64651
63102 15894
63202 30240
63302 53877
63402 5177
63502 22878
63602 13477
63702 6249
63802 47369
63902 57854
64002 57913
64102 34008
64202 20531
64302 8965
64402 17846
64502 10796
64602 53529
64702 40578
64802 55499
64902 25590
65002 31060
65102 59266
65202 31100
65302 21144
65402 64844
65502 11592
65602 37112
65702 63824
65802 32818
65902 19837
66002 8567
66102 32686
66202 33661
66302 17749
66402 53984
66502 60831
66602 45655
66702 64126
66802 8423
66902 42453
67002 21101
67102 61703
67202 10176
67302 7790
67402 41385
67502 47605
67602 56165
67702 27530
67802 10151
67902 36918
68002 56550
68102 49866
68202 5855
68302 30283
68402 50909
68502 39246
68602 29163
68702 60901
68802 21331
68902 23041
69002 21698
69102 28829
69202 24277
69302 10612
69402 21693
69502 1233
69602 49647
69702 46714
69802 58324
69902 11363
70002 58353
70102 19073
70202 26028
70302 20031
70402 52190
70502 36712
70602 49244
70702 34026
70802 22887
70902 21216
71002 44323
71102 33554
71202 36434
71302 30343
71402 52833
71502 56491
71602 55336
71702 28415
71802 6228
71902 8660
72002 18888
72102 15535
72202 7179
72302 58643
72402 18698
72502 37610
72602 36262
72702 28753
72802 55627
72902 18098
73002 20282
73102 29028
73202 418
73302 48722
73402 45444
73502 62608
73602 53894
73702 12062
73802 19256
73902 6101
74002 38713
74102 2069
74202 52335
74302 11670
74402 59794
74502 7039
74602 24379
74702 52191
74802 49864
74902 8444
75002 19153
75102 35041
75202 33551
75302 35594
75402 3673
75502 10869
75602 21491
75702 49801
75802 11074
75902 17517
76002 5287
76102 39868
76202 48311
76302 52823
76402 63260
76502 52997
76602 44212
76702 5483
76802 27620
76902 15993
77002 24219
77102 21709
77202 49003
77302 13721
77402 57047
77502 53309
77602 58849
77702 51253
77802 5845
77902 10026
78002 35388
78102 51178
78202 38059
78302 42718
78402 54123
78502 50127
78602 3055
78702 33640
78802 30601
78902 4010
79002 34653
79102 29495
79202 48195
79302 4081
79402 19819
79502 44352
79602 57200
79702 24753
79802 26993
79902 52334
80002 16880
80102 39462
80202 50398
80302 5544
80402 44416
80502 12370
80602 42628
80702 48867
80802 57004
80902 52688
81002 61101
81102 34239
81202 27158
81302 22094
81402 27385
81502 56346
81602 30168
81702 39534
81802 42553
81902 63944
82002 58701
82102 33373
82202 18690
82302 47018
82402 5255
82502 44225
82602 42114
82702 46423
82802 20120
82902 32838
83002 10384
83102 38584
83202 53835
83302 8285
83402 35977
83502 58893
83602 38723
83702 22427
83802 33957
83902 52101
84002 254
84102 6340
84202 52679
84302 55782
84402 1199
84502 39781
84602 40905
84702 54540
84802 55527
84902 59597
85002 9387
85102 61957
85202 8503
85302 11147
85402 49063
85502 11273
85602 999
85702 24328
85802 14646
85902 18659
86002 9850
86102 12940
86202 39722
86302 19607
86402 1139
86502 5824
86602 23050
86702 52004
86802 44572
86902 43168
87002 5056
87102 59031
87202 53196
87302 29224
87402 32190
87502 21355
87602 5677
87702 1461
87802 51901
87902 4315
88002 47211
88102 64853
88202 46739
88302 29942
88402 44795
88502 3115
88602 60580
88702 20350
88802 25295
88902 50065
89002 13881
89102 57139
89202 5148
89302 41776
89402 16523
89502 6855
89602 37872
89702 23170
89802 22956
89902 55847
90002 37552
90102 8116
