102 17777
202 49094
302 20945
402 57334
502 25180
602 24471
702 44560
802 50843
902 53721
1002 2591
1102 6971
1202 22287
1302 12946
1402 43824
1502 22096
1602 13907
1702 62141
1802 4634
1902 22551
2002 41129
2102 7951
2202 24601
2302 48042
2402 28485
2502 64412
2602 21322
2702 5918
2802 59756
2902 61378
3002 1386
3102 3293
3202 30756
3302 54737
3402 54009
3502 14740
3602 58339
3702 64242
3802 7044
3902 46473
4002 63790
4102 53382
4202 12755
4302 19735
4402 4537
4502 17292
4602 37036
4702 38303
4802 7527
4902 31694
5002 29219
5102 44217
5202 48532
5302 38179
5402 31189
5502 36877
5602 56904
5702 3642
5802 55081
5902 24044
6002 52006
6102 61611
6202 49825
6302 42411
6402 7732
6502 60319
6602 37033
6702 59241
6802 11996
6902 59418
7002 25916
7102 54860
7202 37749
7302 54576
7402 24447
7502 42478
7602 25659
7702 43331
7802 35628
7902 40171
8002 42585
8102 5303
8202 31422
8302 5130
8402 25652
8502 49501
8602 15153
8702 62669
8802 51765
8902 23803
9002 19617
9102 29290
9202 56390
9302 64451
9402 24810
9502 25356
9602 59501
9702 37921
9802 50761
9902 51532
10002 37846
10102 31873
10202 58497
10302 60779
10402 42928
10502 3730
10602 45120
10702 12692
10802 52962
10902 28034
11002 1884
11102 54385
11202 23743
11302 11238
11402 20398
11502 58248
11602 36796
11702 18868
11802 37871
11902 7615
12002 16274
12102 58276
12202 53475
12302 16227
12402 47571
12502 16963
12602 18684
12702 29424
12802 5038
12902 45141
13002 43316
13102 19973
13202 48571
13302 64091
13402 118
13502 7467
13602 35082
13702 15787
13802 19421
13902 22111
14002 53936
14102 25058
14202 32352
14302 32950
14402 20025
14502 56777
14602 61232
14702 12652
14802 30545
14902 30011
15002 30920
15102 24646
15202 9177
15302 19224
15402 64106
15502 61944
15602 10361
15702 27901
15802 1069
15902 60782
16002 12660
16102 63363
16202 5469
16302 43733
16402 6224
16502 28922
16602 22626
16702 63754
16802 4794
16902 19694
17002 58028
17102 31095
17202 29249
17302 41557
17402 30158
17502 46850
17602 54224
17702 53611
17802 11517
17902 31391
18002 34551
18102 37454
18202 46330
18302 5390
18402 46920
18502 55672
18602 33974
18702 13502
18802 5467
18902 63099
19002 33767
19102 16873
19202 48089
19302 34691
19402 51286
19502 44543
19602 60286
19702 61319
19802 8389
19902 18696
20002 31411
20102 47406
20202 60035
20302 6664
20402 58836
20502 11240
20602 32495
20702 45292
20802 10069
20902 38152
21002 23253
21102 56632
21202 12263
21302 15863
21402 33478
21502 60898
21602 62244
21702 21403
21802 1249
21902 25863
22002 46627
22102 51226
22202 34707
22302 60260
22402 13937
22502 8358
22602 10826
22702 36915
22802 19265
22902 34087
23002 2294
23102 65071
23202 7925
23302 4002
23402 20914
23502 14214
23602 37921
23702 37742
23802 55961
23902 9623
24002 59812
24102 55180
24202 53464
24302 15608
24402 59442
24502 17364
24602 64376
24702 9928
24802 12683
24902 23238
25002 37219
25102 40632
25202 25599
25302 18360
25402 44732
25502 43263
25602 4074
25702 47826
25802 35605
25902 55545
26002 22091
26102 441
26202 61401
26302 1114
26402 8439
26502 24807
26602 45072
26702 46100
26802 58580
26902 18306
27002 16336
27102 6458
27202 22454
27302 24291
27402 26779
27502 56099
27602 34424
27702 30713
27802 37636
27902 41189
28002 30393
28102 56010
28202 62651
28302 14686
28402 9512
28502 46822
28602 63829
28702 3125
28802 34243
28902 34497
29002 42724
29102 14219
29202 28791
29302 55318
29402 24216
29502 57201
29602 62405
29702 19453
29802 6166
29902 40024
30002 9792
30102 34083
30202 52710
30302 12721
30402 33677
30502 36846
30602 31610
30702 49650
30802 26402
30902 47378
31002 54228
31102 49924
31202 58055
31302 52939
31402 6946
31502 56326
31602 4054
31702 15642
31802 21296
31902 46172
32002 34261
32102 47795
32202 58838
32302 47071
32402 12702
32502 53941
32602 14334
32702 33913
32802 3614
32902 9629
33002 19107
33102 55833
33202 41448
33302 10014
33402 9035
33502 11495
33602 46771
33702 9499
33802 26020
33902 49465
34002 10540
34102 31270
34202 63127
34302 35065
34402 3354
34502 23213
34602 19864
34702 60411
34802 2208
34902 8516
35002 45246
35102 52415
35202 8921
35302 16209
35402 20552
35502 31887
35602 9267
35702 12289
35802 32033
35902 1007
36002 11759
36102 36620
36202 15211
36302 60791
36402 17730
36502 15591
36602 47831
36702 26906
36802 60872
36902 52988
37002 15327
37102 44967
37202 13817
37302 13017
37402 43193
37502 10544
37602 6706
37702 49149
37802 49447
37902 19486
38002 21876
38102 48025
38202 49209
38302 42514
38402 58525
38502 41456
38602 55822
38702 47160
38802 38678
38902 49046
39002 60812
39102 52867
39202 20955
39302 12829
39402 60908
39502 19670
39602 60235
39702 22745
39802 34830
39902 9681
40002 30200
40102 44702
40202 64578
40302 33890
40402 11469
40502 8959
40602 31448
40702 57788
40802 34994
40902 24939
41002 64435
41102 36989
41202 64500
41302 34257
41402 9776
41502 28781
41602 25016
41702 22082
41802 52951
41902 24775
42002 64639
42102 55080
42202 59564
42302 22496
42402 12544
42502 54325
42602 12365
42702 31874
42802 40567
42902 28302
43002 35318
43102 43039
43202 34175
43302 20067
43402 21893
43502 12909
43602 49200
43702 959
43802 7261
43902 60592
44002 42725
44102 3863
44202 5598
44302 57985
44402 28166
44502 42223
44602 60222
44702 31377
44802 37953
44902 17639
45002 56012
45102 45866
45202 51553
45302 28706
45402 28493
45502 23554
45602 46046
45702 43925
45802 24629
45902 16031
46002 60647
46102 11646
46202 28835
46302 39721
46402 24860
46502 19844
46602 41198
46702 53467
46802 63175
46902 30378
47002 42029
47102 19173
47202 42688
47302 15003
47402 62180
47502 42836
47602 14216
47702 47344
47802 19626
47902 55875
48002 48189
48102 23569
48202 26008
48302 59867
48402 23518
48502 50703
48602 60097
48702 28979
48802 18229
48902 3730
49002 63616
49102 25534
49202 5657
49302 47295
49402 60454
49502 28087
49602 39591
49702 37586
49802 6033
49902 37323
50002 50462
50102 58262
50202 7504
50302 47357
50402 24327
50502 34187
50602 40817
50702 47945
50802 44387
50902 42012
51002 42350
51102 4134
51202 40594
51302 36697
51402 57574
51502 34085
51602 52387
51702 34464
51802 57269
51902 50045
52002 32820
52102 55631
52202 60333
52302 18907
52402 3517
52502 13571
52602 63030
52702 31228
52802 48709
52902 38425
53002 65384
53102 25576
53202 41913
53302 48944
53402 46858
53502 15599
53602 63489
53702 64755
53802 31934
53902 49547
54002 46081
54102 35896
54202 56359
54302 43660
54402 11302
54502 50240
54602 64531
54702 16613
54802 10101
54902 14795
55002 57270
55102 34708
55202 63509
55302 13150
55402 9014
55502 14082
55602 46195
55702 16803
55802 63208
55902 18040
56002 51828
56102 35804
56202 56504
56302 24151
56402 64569
56502 20771
56602 54167
56702 62503
56802 34882
56902 28367
57002 2851
57102 59870
57202 63725
57302 5716
57402 41641
57502 15435
57602 46031
57702 24470
57802 1959
57902 35522
58002 41470
58102 55148
58202 14807
58302 59717
58402 34403
58502 16406
58602 41690
58702 34354
58802 18135
58902 24564
59002 8037
59102 7812
59202 59275
59302 47175
59402 30669
59502 29823
59602 26478
59702 42636
59802 31175
59902 45940
60002 42187
60102 58081
60202 63664
60302 52599
60402 8673
60502 30172
60602 47013
60702 791
60802 32
60902 47806
61002 23973
61102 10999
61202 12949
61302 12972
61402 32726
61502 33246
61602 64878
61702 9498
61802 42039
61902 5556
62002 4806
62102 46637
62202 5708
62302 27640
62402 34099
62502 33701
62602 18013
62702 3455
62802 49845
62902 22883
63002 64205
63102 31776
63202 47611
63302 6629
63402 47397
63502 26293
63602 65299
63702 38550
63802 35921
63902 60423
64002 58670
64102 36316
64202 48079
64302 30598
64402 49774
64502 50314
64602 40734
64702 28601
64802 24471
64902 10666
65002 38507
65102 45538
65202 47152
65302 46196
65402 48643
65502 6217
65602 54872
65702 37140
65802 22123
65902 29553
66002 16947
66102 4469
66202 10386
66302 38866
66402 57767
66502 3464
66602 32304
66702 47607
66802 36935
66902 47316
67002 36414
67102 2412
67202 33904
67302 30874
67402 21157
67502 45060
67602 50321
67702 38768
67802 40978
67902 41562
68002 60610
68102 50268
68202 41766
68302 37786
68402 65334
68502 20001
68602 440
68702 8352
68802 57969
68902 12669
69002 13103
69102 33115
69202 31127
69302 30264
69402 24212
69502 41646
69602 59333
69702 1061
69802 41275
69902 39979
70002 6033
70102 57663
70202 32506
70302 12246
70402 56140
70502 6120
70602 7350
70702 11979
70802 42652
70902 34795
71002 61022
71102 49242
71202 54006
71302 51170
71402 57500
71502 52372
71602 12382
71702 22847
71802 41753
71902 6918
72002 64746
72102 41995
72202 54878
72302 18656
72402 1388
72502 38725
72602 15215
72702 18482
72802 23546
72902 20021
73002 39218
73102 15355
73202 55192
73302 60170
73402 18333
73502 4806
73602 58786
73702 11355
73802 16443
73902 41285
74002 9918
74102 19741
74202 12224
74302 35149
74402 36167
74502 9996
74602 31036
74702 49729
74802 45874
74902 23007
75002 58221
75102 63638
75202 32412
75302 40247
75402 26978
75502 60105
75602 64215
75702 41432
75802 33913
75902 63984
76002 32117
76102 3384
76202 7241
76302 18299
76402 45265
76502 15428
76602 18980
76702 47579
76802 10616
76902 34558
77002 16755
77102 31645
77202 40971
77302 16194
77402 41406
77502 23776
77602 29096
77702 34227
77802 42873
77902 37230
78002 52462
78102 54973
78202 19384
78302 56135
78402 40954
78502 13419
78602 10791
78702 41546
78802 34865
78902 59259
79002 60948
79102 34086
79202 18007
79302 35802
79402 61911
79502 1647
79602 14480
79702 4391
79802 10465
79902 27785
80002 39725
80102 60085
80202 48791
80302 16914
80402 55676
80502 31282
80602 14512
80702 20957
80802 19396
80902 56212
81002 35578
81102 18764
81202 29828
81302 14861
81402 2809
81502 46568
81602 56816
81702 38393
81802 42336
81902 25522
82002 51124
82102 17917
82202 50087
82302 56610
82402 32773
82502 52526
82602 32126
82702 25098
82802 45207
82902 54924
83002 2197
83102 15887
83202 9858
83302 5635
83402 52644
83502 11953
83602 34292
83702 4282
83802 30192
83902 22523
84002 37758
84102 43268
84202 43686
84302 1253
84402 18209
84502 42852
84602 52288
84702 34679
84802 6360
84902 46005
85002 57644
85102 44164
85202 12614
85302 62540
85402 53590
85502 10870
85602 56987
85702 14858
85802 57438
85902 37268
86002 37150
86102 19799
86202 7369
86302 11627
86402 40497
86502 50377
86602 26393
86702 58285
86802 49426
86902 45608
87002 21518
87102 6771
87202 28697
87302 15971
87402 27383
87502 44751
87602 48825
87702 15649
87802 4104
87902 13821
88002 52348
88102 63042
88202 50044
88302 6198
88402 57242
88502 64991
88602 12090
88702 65487
88802 63954
88902 38421
89002 52851
89102 10017
89202 38870
89302 11406
89402 7533
89502 54375
89602 58980
89702 14125
89802 61122
89902 31464
90002 6603
90102 55107
