102 18877
202 7184
302 31171
402 46985
502 50681
602 13446
702 63001
802 61275
902 41970
1002 40409
1102 29101
1202 48355
1302 29805
1402 11901
1502 24726
1602 24947
1702 30562
1802 49209
1902 56777
2002 50583
2102 3808
2202 47539
2302 2656
2402 52588
2502 9543
2602 45792
2702 35540
2802 46339
2902 8157
3002 17890
3102 58981
3202 31735
3302 37479
3402 16339
3502 11879
3602 5596
3702 42617
3802 38087
3902 11573
4002 18059
4102 45476
4202 18476
4302 2625
4402 21395
4502 49475
4602 30404
4702 23378
4802 3721
4902 23570
5002 25379
5102 52196
5202 19386
5302 57218
5402 41106
5502 12913
5602 5233
5702 61557
5802 13490
5902 13827
6002 40438
6102 37211
6202 29274
6302 27335
6402 59421
6502 56256
6602 56932
6702 58882
6802 17735
6902 13257
7002 60656
7102 31318
7202 35127
7302 22776
7402 1503
7502 60600
7602 48954
7702 13572
7802 5809
7902 58240
8002 27536
8102 53062
8202 34836
8302 17920
8402 47010
8502 23421
8602 38949
8702 33441
8802 39990
8902 31327
9002 42376
9102 59799
9202 15877
9302 3460
9402 59534
9502 19917
9602 18392
9702 4224
9802 24015
9902 65307
10002 46628
10102 39324
10202 65428
10302 20599
10402 44690
10502 62081
10602 31388
10702 34495
10802 40056
10902 54806
11002 60254
11102 7142
11202 12723
11302 65121
11402 1391
11502 33369
11602 30631
11702 30419
11802 51328
11902 65230
12002 34755
12102 60525
12202 26549
12302 1018
12402 6250
12502 56353
12602 25280
12702 49137
12802 61985
12902 24934
13002 11850
13102 19816
13202 39655
13302 43088
13402 32458
13502 21546
13602 14018
13702 14456
13802 3821
13902 32397
14002 406
14102 19213
14202 52116
14302 50086
14402 4016
14502 22196
14602 24038
14702 56519
14802 44475
14902 35581
15002 25846
15102 52165
15202 7685
15302 40660
15402 25394
15502 46773
15602 18934
15702 51079
15802 31470
15902 65260
16002 15598
16102 62613
16202 24487
16302 48637
16402 47414
16502 19833
16602 45106
16702 42704
16802 49908
16902 32255
17002 55360
17102 9384
17202 24389
17302 35252
17402 42789
17502 21344
17602 39553
17702 44481
17802 37889
17902 40160
18002 43110
18102 18752
18202 30746
18302 60185
18402 39652
18502 40737
18602 20303
18702 15323
18802 52544
18902 51198
19002 60005
19102 13236
19202 37027
19302 10244
19402 13569
19502 31888
19602 17463
19702 26722
19802 46354
19902 43990
20002 26998
20102 19694
20202 12877
20302 39517
20402 28536
20502 28314
20602 185
20702 63088
20802 50711
20902 25938
21002 23450
21102 36849
21202 58482
21302 45325
21402 47016
21502 7771
21602 58694
21702 32473
21802 38037
21902 47789
22002 61086
22102 24109
22202 40777
22302 23617
22402 52099
22502 37507
22602 31866
22702 8660
22802 47271
22902 47653
23002 6909
23102 40509
23202 30679
23302 48506
23402 53647
23502 13690
23602 44972
23702 13677
23802 21474
23902 60173
24002 46348
24102 53612
24202 51851
24302 62547
24402 16549
24502 64573
24602 50483
24702 42383
24802 47487
24902 45320
25002 47367
25102 44965
25202 52722
25302 51731
25402 33945
25502 36785
25602 12551
25702 2176
25802 51690
25902 7650
26002 19732
26102 11683
26202 41632
26302 2086
26402 324
26502 552
26602 11527
26702 36984
26802 45297
26902 51811
27002 37129
27102 25603
27202 26026
27302 1468
27402 11980
27502 58160
27602 38311
27702 4024
27802 35302
27902 41396
28002 10824
28102 36062
28202 22036
28302 27798
28402 30820
28502 41593
28602 48291
28702 45787
28802 11461
28902 30821
29002 31599
29102 53390
29202 6369
29302 10107
29402 51258
29502 46717
29602 42203
29702 3132
29802 15269
29902 9813
30002 28089
30102 48933
30202 13503
30302 12031
30402 58523
30502 26131
30602 51106
30702 19841
30802 64079
30902 35342
31002 40603
31102 11746
31202 55624
31302 46729
31402 48148
31502 2156
31602 18379
31702 35772
31802 52623
31902 60781
32002 32988
32102 53588
32202 11319
32302 42857
32402 31651
32502 56405
32602 17550
32702 30823
32802 29900
32902 1860
33002 50255
33102 52274
33202 9784
33302 2466
33402 21842
33502 41732
33602 41231
33702 24405
33802 40356
33902 14747
34002 41883
34102 60735
34202 46340
34302 44082
34402 43079
34502 59351
34602 56573
34702 44327
34802 1309
34902 20839
35002 21452
35102 3457
35202 43006
35302 41015
35402 22318
35502 45354
35602 61784
35702 28849
35802 12434
35902 29810
36002 45141
36102 4399
36202 61823
36302 43475
36402 45146
36502 24138
36602 39508
36702 25538
36802 43807
36902 600
37002 17954
37102 50821
37202 814
37302 57225
37402 13122
37502 46132
37602 12351
37702 988
37802 56723
37902 15248
38002 17887
38102 25478
38202 61927
38302 58548
38402 15346
38502 45938
38602 10888
38702 18116
38802 45840
38902 48678
39002 49946
39102 19935
39202 54711
39302 15334
39402 15223
39502 15542
39602 45263
39702 58854
39802 26891
39902 23702
40002 1924
40102 1246
40202 23992
40302 16752
40402 57092
40502 14397
40602 46516
40702 13701
40802 3349
40902 35433
41002 46066
41102 63500
41202 12580
41302 45147
41402 35948
41502 16319
41602 61789
41702 36018
41802 23848
41902 22175
42002 45136
42102 4970
42202 9555
42302 802
42402 48705
42502 963
42602 37530
42702 43202
42802 29807
42902 29142
43002 49553
43102 36786
43202 35593
43302 48122
43402 35212
43502 65342
43602 20718
43702 25685
43802 25982
43902 38011
44002 55604
44102 50225
44202 5272
44302 29464
44402 57789
44502 47676
44602 23935
44702 41284
44802 2046
44902 54290
45002 35323
45102 5105
45202 8642
45302 19876
45402 30893
45502 39936
45602 43969
45702 56814
45802 10305
45902 59356
46002 12213
46102 63963
46202 53820
46302 32456
46402 37929
46502 23891
46602 10015
46702 44516
46802 34039
46902 62025
47002 1331
47102 60239
47202 29832
47302 26108
47402 32598
47502 47886
47602 48028
47702 1100
47802 57881
47902 57029
48002 6238
48102 60867
48202 56329
48302 19398
48402 54347
48502 2634
48602 283
48702 33159
48802 18355
48902 40123
49002 59409
49102 52035
49202 37714
49302 55281
49402 65384
49502 27530
49602 25925
49702 14619
49802 31409
49902 12510
50002 15601
50102 38173
50202 16141
50302 45424
50402 27596
50502 31358
50602 37914
50702 21982
50802 19767
50902 47494
51002 45991
51102 64437
51202 33052
51302 60118
51402 32694
51502 4303
51602 20742
51702 16990
51802 46412
51902 63394
52002 4369
52102 59384
52202 34102
52302 11032
52402 62085
52502 59788
52602 7014
52702 17616
52802 37018
52902 24361
53002 5373
53102 16741
53202 151
53302 58506
53402 19253
53502 43986
53602 24764
53702 5698
53802 23337
53902 46949
54002 47824
54102 46204
54202 5967
54302 21358
54402 28331
54502 45689
54602 1931
54702 46805
54802 9544
54902 57072
55002 30776
55102 30312
55202 36033
55302 43277
55402 44674
55502 42001
55602 41662
55702 30867
55802 18661
55902 5635
56002 62507
56102 9531
56202 9919
56302 46958
56402 57846
56502 16976
56602 11576
56702 22846
56802 33162
56902 56723
57002 41967
57102 200
57202 46887
57302 27912
57402 29203
57502 5555
57602 19668
57702 18318
57802 12787
57902 24122
58002 56836
58102 59867
58202 13495
58302 62462
58402 38507
58502 46412
58602 59147
58702 40478
58802 28253
58902 32980
59002 6146
59102 63661
59202 20578
59302 26340
59402 39970
59502 44353
59602 3800
59702 60455
59802 3214
59902 45397
60002 30209
60102 38394
60202 55103
60302 27758
60402 52743
60502 50582
60602 30410
60702 27713
60802 64711
60902 23501
61002 54890
61102 19255
61202 11727
61302 108
61402 27880
61502 13592
61602 63180
61702 2857
61802 12551
61902 35598
62002 14322
62102 18770
62202 16563
62302 8862
62402 6498
62502 9419
62602 13572
62702 8203
62802 43815
62902 24049
63002 16012
63102 27925
63202 59134
63302 48706
63402 35358
63502 38876
63602 49542
63702 17449
63802 24920
63902 21607
64002 63549
64102 32975
64202 6613
64302 42196
64402 29865
64502 40427
64602 15287
64702 23240
64802 9530
64902 55839
65002 2704
65102 25342
65202 44981
65302 25415
65402 39130
65502 20490
65602 42831
65702 11014
65802 63339
65902 58170
66002 52500
66102 17897
66202 34200
66302 9547
66402 28090
66502 10721
66602 30977
66702 27971
66802 30655
66902 60962
67002 32056
67102 17884
67202 6584
67302 2605
67402 12258
67502 46587
67602 65223
67702 14929
67802 21167
67902 34761
68002 51400
68102 10948
68202 50712
68302 50406
68402 52661
68502 16598
68602 52524
68702 12373
68802 30769
68902 36530
69002 5323
69102 39386
69202 1301
69302 4461
69402 38613
69502 31444
69602 26174
69702 49680
69802 64541
69902 3656
70002 58329
70102 55312
70202 16547
70302 31160
70402 5690
70502 39018
70602 18677
70702 13863
70802 15432
70902 1035
71002 60625
71102 46580
71202 38169
71302 43813
71402 7600
71502 19526
71602 54836
71702 13949
71802 25582
71902 58546
72002 39998
72102 34536
72202 11176
72302 7848
72402 56338
72502 53799
72602 10086
72702 32434
72802 35017
72902 40162
73002 42489
73102 3987
73202 14256
73302 61622
73402 52000
73502 22220
73602 2117
73702 4976
73802 38833
73902 30048
74002 64474
74102 5386
74202 5240
74302 29403
74402 57176
74502 56135
74602 15231
74702 6907
74802 45675
74902 26582
75002 39173
75102 42571
75202 61195
75302 31366
75402 8714
75502 33026
75602 47745
75702 12809
75802 48685
75902 10949
76002 32157
76102 15080
76202 27575
76302 24241
76402 44279
76502 12906
76602 44040
76702 61527
76802 33294
76902 44126
77002 26181
77102 41107
77202 41881
77302 26625
77402 43827
77502 52669
77602 6872
77702 52704
77802 3691
77902 11014
78002 62425
78102 2914
78202 781
78302 19716
78402 28473
78502 4100
78602 14959
78702 34190
78802 39447
78902 21071
79002 57573
79102 60491
79202 7701
79302 63940
79402 10827
79502 33993
79602 49828
79702 49452
79802 6383
79902 34414
80002 15276
80102 20566
80202 14145
80302 25277
80402 37669
80502 10395
80602 13841
80702 57409
80802 26243
80902 35839
81002 8446
81102 36193
81202 27231
81302 62168
81402 4218
81502 49406
81602 51995
81702 11617
81802 55669
81902 63713
82002 50626
82102 36436
82202 21476
82302 52984
82402 49659
82502 53634
82602 3749
82702 43050
82802 55163
82902 61745
83002 20915
83102 18722
83202 43456
83302 60650
83402 34001
83502 24290
83602 3508
83702 33388
83802 8206
83902 18913
84002 41089
84102 24767
84202 61569
84302 51828
84402 43873
84502 1209
84602 57383
84702 58588
84802 23671
84902 43047
85002 5566
85102 17574
85202 44028
85302 63054
85402 47094
85502 47403
85602 32029
85702 42537
85802 43252
85902 64729
86002 10717
86102 40998
86202 58354
86302 920
86402 47237
86502 39391
86602 20865
86702 7775
86802 65529
86902 29064
87002 41285
87102 37793
87202 18298
87302 9377
87402 1213
87502 27728
87602 27643
87702 58520
87802 9277
87902 52023
88002 14583
88102 56407
88202 38004
88302 47806
88402 5759
88502 51905
88602 10168
88702 43525
88802 22837
88902 9616
89002 41635
89102 61454
89202 50592
89302 18634
89402 28905
89502 58490
89602 20511
89702 14419
89802 54603
89902 53178
90002 64626
90102 43320
90202 18178
