102 14172
202 58137
302 60055
402 39742
502 3383
602 48818
702 65338
802 58354
902 42942
1002 15865
1102 64152
1202 11033
1302 2137
1402 57167
1502 7395
1602 57074
1702 14510
1802 40234
1902 1126
2002 64947
2102 42392
2202 7758
2302 20525
2402 41402
2502 57983
2602 46988
2702 35317
2802 15747
2902 3209
3002 34333
3102 37776
3202 48127
3302 26207
3402 30917
3502 29192
3602 22851
3702 22645
3802 48297
3902 35499
4002 17799
4102 64598
4202 56827
4302 15088
4402 32486
4502 26901
4602 43878
4702 171
4802 37720
4902 22355
5002 19810
5102 31953
5202 26986
5302 36277
5402 30521
5502 46289
5602 3620
5702 57637
5802 2034
5902 58414
6002 63476
6102 63259
6202 7197
6302 38552
6402 25557
6502 23297
6602 30079
6702 64090
6802 26020
6902 26933
7002 21956
7102 32644
7202 11525
7302 2982
7402 59429
7502 35294
7602 47345
7702 6936
7802 10756
7902 37735
8002 1780
8102 62061
8202 31959
8302 42712
8402 20129
8502 61915
8602 2047
8702 50888
8802 18522
8902 62579
9002 10496
9102 2077
9202 36420
9302 1233
9402 43152
9502 54574
9602 22486
9702 49756
9802 24228
9902 34354
10002 414
10102 5858
10202 56372
10302 36966
10402 3662
10502 23743
10602 27495
10702 54417
10802 14300
10902 52964
11002 7937
11102 33874
11202 23941
11302 40731
11402 16487
11502 23491
11602 8715
11702 35584
11802 5775
11902 18559
12002 46805
12102 32483
12202 2710
12302 45291
12402 2678
12502 27474
12602 51337
12702 21590
12802 20696
12902 31850
13002 63571
13102 53737
13202 10663
13302 54641
13402 59059
13502 18328
13602 22262
13702 20022
13802 5176
13902 32671
14002 20940
14102 45280
14202 51660
14302 2137
14402 63238
14502 47931
14602 56069
14702 16608
14802 49238
14902 34506
15002 22560
15102 23249
15202 10159
15302 4183
15402 34117
15502 14618
15602 64165
15702 21784
15802 3134
15902 44217
16002 33506
16102 10842
16202 38215
16302 25324
16402 17737
16502 35119
16602 34304
16702 56052
16802 21085
16902 43453
17002 26447
17102 28390
17202 35780
17302 50071
17402 34251
17502 42286
17602 26007
17702 65253
17802 42407
17902 20416
18002 4311
18102 12476
18202 61860
18302 58969
18402 60199
18502 722
18602 23772
18702 54211
18802 49987
18902 19651
19002 18641
19102 2247
19202 59047
19302 5412
19402 13689
19502 14677
19602 56009
19702 35552
19802 39380
19902 15945
20002 57886
20102 47100
20202 23265
20302 38191
20402 10262
20502 4214
20602 53959
20702 17713
20802 58836
20902 34895
21002 25405
21102 47921
21202 31979
21302 49482
21402 50120
21502 45744
21602 3503
21702 25130
21802 21157
21902 52432
22002 50272
22102 24731
22202 17849
22302 40419
22402 14707
22502 30969
22602 37390
22702 64807
22802 42386
22902 35154
23002 41648
23102 42498
23202 46722
23302 58659
23402 64192
23502 2792
23602 4693
23702 19094
23802 19322
23902 41013
24002 37351
24102 34723
24202 21902
24302 54038
24402 12534
24502 22648
24602 54750
24702 21028
24802 31389
24902 10603
25002 14699
25102 4667
25202 34042
25302 58142
25402 43752
25502 12170
25602 47209
25702 32030
25802 60497
25902 52881
26002 37970
26102 62892
26202 64700
26302 54113
26402 34611
26502 50042
26602 45143
26702 59699
26802 7284
26902 13649
27002 31269
27102 36473
27202 13615
27302 26832
27402 39847
27502 15940
27602 37075
27702 40136
27802 61935
27902 52602
28002 21854
28102 51588
28202 3024
28302 51292
28402 18480
28502 7284
28602 13387
28702 10545
28802 56716
28902 50287
29002 64358
29102 53004
29202 48974
29302 16467
29402 20290
29502 14810
29602 48454
29702 63266
29802 27628
29902 34002
30002 40966
30102 62756
30202 10917
30302 32887
30402 29233
30502 15512
30602 38432
30702 36931
30802 8953
30902 59726
31002 49557
31102 57852
31202 45587
31302 17870
31402 60885
31502 53827
31602 10856
31702 50193
31802 177
31902 8469
32002 50804
32102 60177
32202 4727
32302 44553
32402 47378
32502 32110
32602 836
32702 62843
32802 31042
32902 3933
33002 5930
33102 57293
33202 24566
33302 44378
33402 6089
33502 24873
33602 19882
33702 32759
33802 62786
33902 58698
34002 37223
34102 27590
34202 15154
34302 12303
34402 47847
34502 29220
34602 47455
34702 27766
34802 41012
34902 51550
35002 20483
35102 14208
35202 25886
35302 47629
35402 57484
35502 10723
35602 63726
35702 61709
35802 5739
35902 14496
36002 18500
36102 12244
36202 59794
36302 45719
36402 27629
36502 35753
36602 35544
36702 53006
36802 50090
36902 34612
37002 46090
37102 36978
37202 8123
37302 46934
37402 53728
37502 14308
37602 34652
37702 25140
37802 63917
37902 24252
38002 50470
38102 27142
38202 59031
38302 37877
38402 31718
38502 20071
38602 10859
38702 9667
38802 61389
38902 62180
39002 14282
39102 8158
39202 31386
39302 50129
39402 47503
39502 44689
39602 402
39702 10247
39802 14926
39902 24926
40002 22336
40102 5069
40202 4982
40302 54967
40402 45146
40502 10777
40602 16902
40702 35520
40802 31087
40902 14487
41002 11876
41102 4065
41202 4642
41302 41218
41402 57464
41502 3903
41602 50765
41702 60295
41802 49398
41902 34574
42002 64718
42102 28940
42202 47479
42302 63046
42402 36764
42502 61277
42602 12914
42702 47496
42802 10432
42902 22519
43002 49631
43102 33441
43202 16845
43302 47132
43402 62293
43502 52441
43602 14914
43702 32223
43802 28826
43902 17256
44002 3508
44102 62610
44202 30269
44302 47073
44402 1126
44502 59267
44602 26864
44702 64412
44802 41244
44902 64413
45002 32607
45102 49476
45202 52699
45302 28294
45402 50850
45502 31241
45602 8017
45702 61032
45802 38351
45902 61584
46002 65141
46102 56928
46202 33950
46302 62052
46402 54304
46502 38053
46602 2125
46702 44630
46802 12092
46902 28679
47002 24784
47102 48273
47202 4630
47302 55244
47402 21997
47502 26258
47602 22376
47702 6164
47802 39647
47902 42671
48002 43857
48102 30743
48202 2496
48302 49192
48402 37558
48502 3653
48602 31748
48702 17306
48802 40282
48902 38649
49002 46569
49102 30029
49202 63734
49302 31662
49402 36827
49502 46825
49602 35740
49702 40631
49802 45190
49902 24760
50002 18594
50102 24419
50202 53841
50302 60581
50402 42399
50502 29275
50602 3062
50702 7987
50802 36057
50902 2099
51002 37981
51102 40991
51202 42784
51302 31078
51402 32110
51502 17892
51602 10634
51702 30288
51802 35753
51902 59471
52002 29845
52102 27405
52202 11022
52302 32115
52402 19430
52502 28839
52602 12612
52702 22489
52802 31842
52902 8698
53002 39981
53102 25116
53202 53544
53302 11684
53402 63761
53502 19253
53602 28219
53702 16147
53802 42682
53902 52718
54002 64561
54102 51227
54202 41214
54302 19781
54402 44220
54502 25950
54602 1256
54702 19419
54802 17249
54902 51941
55002 40410
55102 7513
55202 9782
55302 51117
55402 52017
55502 54994
55602 19657
55702 18198
55802 63194
55902 45467
56002 18119
56102 61294
56202 44483
56302 59438
56402 32882
56502 59036
56602 22605
56702 29827
56802 45580
56902 29215
57002 41200
57102 61174
57202 24356
57302 4548
57402 16089
57502 51695
57602 53517
57702 43062
57802 11318
57902 39114
58002 52326
58102 36575
58202 54422
58302 53337
58402 30740
58502 58638
58602 35723
58702 4829
58802 54631
58902 53372
59002 2061
59102 62587
59202 63803
59302 13344
59402 27480
59502 34436
59602 60373
59702 48848
59802 48055
59902 3373
60002 12336
60102 64022
60202 34909
60302 34894
60402 35698
60502 10304
60602 36831
60702 49848
60802 55669
60902 19593
61002 25160
61102 39271
61202 45388
61302 18143
61402 64088
61502 21124
61602 17652
61702 56167
61802 21018
61902 63423
62002 22011
62102 65415
62202 58077
62302 53514
62402 46336
62502 42019
62602 65405
62702 33951
62802 59235
62902 10001
63002 13115
63102 32324
63202 3565
63302 61769
63402 62517
63502 60490
63602 19123
63702 43877
63802 39159
63902 11484
64002 4400
64102 34922
64202 33747
64302 6958
64402 51255
64502 13606
64602 6361
64702 64291
64802 53797
64902 35160
65002 14407
65102 41584
65202 52918
65302 31290
65402 59766
65502 30344
65602 3358
65702 58955
65802 28708
65902 24399
66002 15995
66102 9361
66202 42008
66302 11214
66402 4744
66502 6033
66602 24938
66702 45333
66802 12406
66902 25425
67002 10660
67102 56910
67202 48079
67302 55441
67402 56375
67502 8386
67602 52105
67702 29199
67802 30926
67902 32219
68002 26001
68102 9492
68202 50017
68302 52699
68402 39714
68502 46977
68602 28849
68702 14691
68802 12469
68902 57995
69002 64208
69102 7643
69202 38704
69302 29567
69402 7408
69502 14134
69602 37898
69702 58478
69802 27861
69902 19858
70002 60250
70102 2543
70202 35426
70302 59507
70402 36259
70502 31572
70602 5167
70702 61881
70802 12026
70902 14209
71002 2125
71102 53125
71202 5920
71302 26260
71402 41232
71502 46735
71602 51853
71702 45228
71802 9542
71902 31859
72002 53634
72102 61842
72202 6612
72302 23464
72402 19662
72502 32152
72602 61405
72702 20407
72802 19431
72902 46213
73002 45933
73102 60679
73202 25335
73302 2176
73402 20438
73502 37753
73602 65112
73702 22734
73802 30142
73902 30133
74002 53346
74102 18451
74202 43230
74302 47246
74402 61587
74502 16273
74602 45323
74702 26106
74802 33721
74902 9052
75002 4380
75102 32142
75202 34761
75302 22334
75402 57246
75502 32382
75602 18565
75702 65240
75802 44826
75902 53210
76002 13962
76102 57308
76202 19196
76302 39803
76402 26641
76502 43167
76602 23605
76702 23274
76802 50301
76902 35769
77002 34517
77102 8146
77202 43971
77302 1642
77402 6830
77502 42227
77602 2547
77702 51231
77802 46653
77902 30140
78002 10792
78102 34099
78202 42366
78302 45189
78402 20518
78502 12837
78602 18616
78702 2111
78802 57183
78902 15739
79002 29227
79102 21556
79202 29978
79302 4823
79402 10398
79502 62880
79602 24858
79702 14120
79802 21263
79902 26960
80002 47454
80102 28226
80202 50204
80302 39782
80402 7658
80502 58995
80602 50575
80702 54521
80802 31047
80902 30586
81002 18931
81102 56548
81202 49782
81302 9819
81402 45316
81502 42489
81602 22218
81702 44343
81802 12234
81902 35617
82002 32758
82102 4612
82202 52322
82302 53680
82402 56689
82502 42700
82602 3260
82702 173
82802 17372
82902 55527
83002 57838
83102 44799
83202 15050
83302 58674
83402 23800
83502 11156
83602 54216
83702 23528
83802 2561
83902 35690
84002 57679
84102 10055
84202 23648
84302 36708
84402 46104
84502 41368
84602 16451
84702 8464
84802 27722
84902 38187
85002 56980
85102 15226
85202 33885
85302 57400
85402 14276
85502 48691
85602 43091
85702 47009
85802 42154
85902 22594
86002 24557
86102 41513
86202 38144
86302 53141
86402 13498
86502 27028
86602 4045
86702 20802
86802 32294
86902 15484
87002 39545
87102 43770
87202 44209
87302 23199
87402 30913
87502 17793
87602 38811
87702 59084
87802 58689
87902 7214
88002 50437
88102 51526
88202 52156
88302 27020
88402 20263
88502 22101
88602 6583
88702 25637
88802 44280
88902 702
89002 63191
89102 43929
89202 14134
89302 15758
89402 40018
89502 49607
89602 25103
89702 26166
89802 43319
89902 4609
90002 46971
90102 21091
