102 38213
202 25904
302 9942
402 31716
502 27535
602 44452
702 40917
802 50304
902 53893
1002 52953
1102 22966
1202 64210
1302 45176
1402 20822
1502 31629
1602 19682
1702 41102
1802 51955
1902 2629
2002 22418
2102 24646
2202 22901
2302 13307
2402 5955
2502 43228
2602 9938
2702 64886
2802 27617
2902 10247
3002 5729
3102 48055
3202 15393
3302 12127
3402 34972
3502 41346
3602 45022
3702 308
3802 20069
3902 57584
4002 55487
4102 48527
4202 4958
4302 38324
4402 20048
4502 18
4602 55041
4702 58411
4802 10453
4902 7515
5002 35121
5102 48875
5202 33893
5302 27965
5402 45162
5502 34350
5602 64917
5702 32244
5802 9383
5902 5627
6002 17208
6102 40031
6202 49557
6302 64167
6402 36940
6502 31408
6602 6588
6702 62752
6802 38174
6902 18288
7002 46103
7102 47700
7202 45231
7302 23149
7402 22537
7502 51752
7602 36602
7702 20254
7802 4179
7902 24282
8002 35168
8102 55902
8202 35919
8302 64414
8402 12726
8502 21103
8602 2365
8702 10211
8802 64295
8902 15424
9002 37567
9102 64551
9202 58685
9302 12951
9402 26310
9502 32752
9602 37374
9702 32773
9802 41713
9902 6513
10002 42018
10102 3489
10202 24853
10302 65022
10402 62199
10502 895
10602 7649
10702 17942
10802 46812
10902 32194
11002 38519
11102 58843
11202 39170
11302 30399
11402 32210
11502 16013
11602 55525
11702 31692
11802 62855
11902 6514
12002 38876
12102 60953
12202 43229
12302 40211
12402 11651
12502 11673
12602 12218
12702 51449
12802 58894
12902 27191
13002 6774
13102 3956
13202 45701
13302 1254
13402 9569
13502 4529
13602 21966
13702 1936
13802 27522
13902 58207
14002 11613
14102 41244
14202 53815
14302 48786
14402 33909
14502 721
14602 46448
14702 6404
14802 44667
14902 33092
15002 61449
15102 51071
15202 31510
15302 8678
15402 49805
15502 63997
15602 45473
15702 33151
15802 54810
15902 6375
16002 65374
16102 2009
16202 13961
16302 30575
16402 28012
16502 53977
16602 21306
16702 8964
16802 22070
16902 23041
17002 17177
17102 48099
17202 53645
17302 16530
17402 16522
17502 2761
17602 53997
17702 18981
17802 13747
17902 65437
18002 63276
18102 56104
18202 29036
18302 62838
18402 20431
18502 65476
18602 10789
18702 36542
18802 14330
18902 19369
19002 58123
19102 46889
19202 10565
19302 41726
19402 28803
19502 755
19602 5063
19702 18350
19802 65493
19902 3401
20002 13597
20102 15994
20202 42592
20302 20023
20402 50020
20502 48926
20602 45352
20702 40916
20802 13406
20902 26818
21002 1312
21102 43154
21202 36382
21302 6864
21402 34018
21502 65413
21602 28232
21702 12606
21802 48867
21902 8619
22002 3465
22102 65143
22202 32382
22302 16925
22402 57846
22502 8313
22602 4125
22702 36725
22802 19260
22902 33843
23002 20620
23102 47066
23202 50967
23302 42452
23402 48737
23502 64321
23602 65082
23702 2589
23802 35510
23902 12086
24002 46219
24102 17351
24202 13165
24302 27180
24402 33701
24502 32851
24602 42501
24702 31341
24802 36069
24902 1224
25002 60955
25102 57703
25202 7780
25302 42186
25402 38747
25502 49112
25602 30360
25702 49518
25802 26313
25902 41319
26002 46932
26102 36493
26202 19359
26302 16299
26402 16322
26502 25333
26602 2276
26702 29027
26802 33832
26902 7416
27002 12407
27102 15881
27202 46908
27302 22055
27402 58286
27502 51831
27602 23386
27702 30601
27802 54589
27902 1501
28002 36478
28102 53131
28202 59974
28302 55644
28402 7862
28502 20776
28602 29551
28702 39624
28802 6817
28902 5928
29002 41799
29102 9053
29202 43612
29302 65349
29402 37217
29502 23300
29602 61250
29702 12453
29802 58361
29902 31063
30002 28693
30102 6399
30202 51293
30302 31880
30402 62282
30502 49910
