102 50400
202 43014
302 25081
402 23204
502 51855
602 24872
702 24733
802 27495
902 15116
1002 16189
1102 42035
1202 1234
1302 32465
1402 49635
1502 16327
1602 64753
1702 37150
1802 9865
1902 7662
2002 1686
2102 31517
2202 28237
2302 57827
2402 45737
2502 20641
2602 1048
2702 48729
2802 23854
2902 23757
3002 29151
3102 24431
3202 14968
3302 27078
3402 64027
3502 28890
3602 52034
3702 56090
3802 1441
3902 37982
4002 3733
4102 18899
4202 23323
4302 34656
4402 34072
4502 40022
4602 32302
4702 54008
4802 53934
4902 6471
5002 23917
5102 21139
5202 5701
5302 42302
5402 35878
5502 36661
5602 27389
5702 64412
5802 56599
5902 30493
6002 48431
6102 11167
6202 1303
6302 48632
6402 48541
6502 7553
6602 60570
6702 20364
6802 15454
6902 39427
7002 38165
7102 2901
7202 6298
7302 37554
7402 20020
7502 22850
7602 45328
7702 9678
7802 13740
7902 61525
8002 59527
8102 25242
8202 946
8302 27904
8402 41049
8502 61006
8602 11350
8702 15601
8802 4408
8902 5968
9002 24159
9102 6578
9202 43525
9302 47329
9402 17089
9502 54162
9602 52634
9702 42532
9802 59801
9902 11155
10002 3365
10102 12877
10202 1912
10302 58649
10402 11124
10502 7170
10602 7486
10702 60344
10802 23547
10902 3860
11002 50763
11102 47351
11202 56082
11302 13932
11402 62151
11502 35529
11602 44647
11702 11631
11802 14198
11902 27227
12002 17492
12102 35113
12202 33717
12302 43981
12402 54421
12502 24814
12602 37903
12702 6281
12802 62157
12902 4320
13002 39770
13102 39532
13202 58569
13302 48771
13402 15918
13502 19952
13602 44922
13702 46647
13802 65462
13902 47998
14002 43785
14102 4240
14202 31829
14302 6308
14402 3540
14502 20987
14602 9325
14702 35185
14802 47077
14902 55928
15002 2359
15102 6028
15202 49380
15302 34979
15402 20148
15502 41420
15602 18724
15702 37848
15802 3653
15902 59803
16002 31375
16102 52341
16202 8002
16302 16365
16402 3969
16502 30429
16602 49125
16702 17760
16802 32503
16902 2667
17002 62809
17102 51273
17202 21095
17302 43738
17402 38232
17502 15148
17602 37673
17702 57171
17802 37146
17902 13507
18002 16287
18102 21954
18202 32564
18302 16723
18402 50446
18502 63096
18602 14166
18702 54263
18802 20454
18902 35529
19002 53080
19102 29025
19202 58405
19302 42681
19402 6277
19502 56484
19602 51816
19702 13900
19802 39837
19902 2513
20002 3104
20102 56771
20202 37869
20302 48195
20402 43253
20502 17591
20602 14061
20702 9506
20802 12591
20902 10233
21002 11286
21102 38156
21202 48044
21302 4155
21402 22822
21502 36864
21602 14734
21702 6086
21802 61847
21902 6002
22002 65417
22102 4044
22202 4979
22302 59967
22402 21704
22502 17073
22602 3595
22702 10181
22802 4910
22902 1881
23002 20623
23102 32717
23202 13610
23302 39474
23402 1086
23502 63333
23602 24728
23702 45458
23802 34298
23902 19408
24002 57420
24102 29364
24202 60330
24302 5581
24402 34324
24502 64977
24602 63294
24702 55875
24802 56033
24902 63912
25002 50086
25102 44614
25202 5067
25302 47584
25402 53925
25502 29449
25602 47052
25702 37753
25802 61896
25902 48196
26002 53600
26102 21787
26202 54576
26302 20144
26402 42840
26502 46174
26602 25981
26702 51490
26802 59151
26902 5810
27002 21681
27102 5740
27202 59853
27302 23876
27402 49241
27502 14893
27602 32790
27702 52078
27802 50148
27902 44938
28002 6329
28102 27211
28202 27445
28302 61727
28402 37210
28502 4751
28602 62061
28702 8680
28802 27846
28902 13237
29002 37801
29102 64467
29202 8444
29302 26208
29402 13506
29502 506
29602 26559
29702 30500
29802 57324
29902 21524
30002 33629
30102 4012
30202 61366
30302 44006
30402 65158
30502 40824
30602 216
30702 30114
30802 51467
30902 40351
31002 35538
31102 7522
31202 24868
31302 19406
31402 30824
31502 47189
31602 58346
31702 10098
31802 32522
31902 41681
32002 10235
32102 5790
32202 18109
32302 16557
32402 1747
32502 26308
32602 29397
32702 38161
32802 53567
32902 49460
33002 5466
33102 43008
33202 37112
33302 5977
33402 57859
33502 12675
33602 49226
33702 50815
33802 8543
33902 63342
34002 4185
34102 38095
34202 35719
34302 22851
34402 24311
34502 64711
34602 9356
34702 29871
34802 49266
34902 23337
35002 37820
35102 43821
35202 34560
35302 7695
35402 8901
35502 40299
35602 36823
35702 207
35802 39068
35902 38109
36002 2963
36102 11147
36202 26631
36302 31970
36402 33432
36502 10226
36602 37947
36702 4434
36802 48264
36902 5261
37002 58125
37102 63862
37202 16318
37302 49341
37402 22543
37502 22697
37602 26571
37702 61645
37802 42179
37902 30683
38002 54490
38102 28988
38202 17217
38302 24580
38402 41406
38502 39908
38602 39006
38702 51943
38802 17922
38902 11383
39002 19966
39102 18346
39202 19898
39302 50640
39402 45345
39502 40329
39602 32012
39702 38324
39802 18378
39902 19982
40002 35531
40102 42793
40202 42064
40302 45396
40402 25747
40502 28071
40602 28912
40702 47944
40802 44185
40902 40522
41002 52691
41102 20019
41202 16537
41302 41951
41402 64899
41502 16289
41602 31788
41702 32670
41802 8907
41902 27808
42002 62350
42102 38834
42202 25494
42302 30563
42402 42038
42502 22645
42602 16486
42702 37188
42802 6665
42902 33865
43002 63934
43102 10662
43202 39208
43302 44523
43402 24363
43502 43622
43602 1107
43702 38859
43802 2528
43902 6891
44002 22479
44102 40192
44202 50765
44302 26914
44402 1018
44502 44173
44602 9843
44702 42072
44802 32197
44902 62771
45002 25749
45102 49412
45202 36407
45302 45743
45402 35352
45502 7517
45602 52617
45702 63907
45802 3106
45902 54233
46002 940
46102 63967
46202 49813
46302 26871
46402 31681
46502 17495
46602 57554
46702 3948
46802 29077
46902 30258
47002 55891
47102 15565
47202 37234
47302 48700
47402 38891
47502 29968
47602 53174
47702 60098
47802 27892
47902 12201
48002 20431
48102 19517
48202 35948
48302 1027
48402 37001
48502 17021
48602 39159
48702 11261
48802 57950
48902 17380
49002 37287
49102 2730
49202 62686
49302 65306
49402 61696
49502 44035
49602 21120
49702 54796
49802 36675
49902 34604
50002 16014
50102 43576
50202 58204
50302 59692
50402 11458
50502 24866
50602 551
50702 50679
50802 13632
50902 5847
51002 42798
51102 8256
51202 11207
51302 13813
51402 50501
51502 47499
51602 48087
51702 44556
51802 20440
51902 58287
52002 14214
52102 14436
52202 79
52302 20753
52402 43963
52502 44143
52602 62106
52702 10533
52802 60609
52902 49197
53002 20140
53102 64030
53202 10096
53302 58664
53402 36374
53502 6933
53602 26888
53702 11597
53802 38544
53902 10327
54002 13091
54102 47263
54202 5378
54302 62379
54402 3708
54502 40930
54602 41058
54702 41386
54802 15968
54902 30450
55002 58993
55102 62788
55202 56482
55302 62678
55402 3766
55502 9046
55602 14365
55702 62137
55802 43854
55902 24164
56002 52165
56102 16476
56202 13730
56302 49339
56402 61800
56502 64889
56602 59954
56702 11119
56802 38132
56902 7701
57002 15967
57102 41411
57202 25139
57302 51244
57402 8318
57502 46024
57602 31465
57702 10337
57802 48064
57902 10375
58002 1205
58102 5430
58202 46292
58302 61159
58402 9485
58502 59199
58602 20834
58702 44455
58802 23293
58902 57068
59002 14423
59102 61948
59202 3462
59302 32898
59402 19038
59502 56463
59602 157
59702 33892
59802 57037
59902 25340
60002 27878
60102 1534
60202 39975
60302 37255
60402 62217
60502 20058
60602 27759
60702 8707
60802 33300
60902 37455
61002 52355
61102 12367
61202 36499
61302 17812
61402 40477
61502 6723
61602 12934
61702 17693
61802 21729
61902 51694
62002 26364
62102 53081
62202 5900
62302 41259
62402 20000
62502 26214
62602 22935
62702 34554
62802 2428
62902 29558
63002 51432
63102 30129
63202 49141
63302 28877
63402 19942
63502 9922
63602 27403
63702 11516
63802 44280
63902 13703
64002 29663
64102 47422
64202 32470
64302 40429
64402 41804
64502 13202
64602 48627
64702 5027
64802 15431
64902 64993
65002 43952
65102 51535
65202 50837
65302 16843
65402 7591
65502 10877
65602 1004
65702 1396
65802 30318
65902 4498
66002 60206
66102 48977
66202 55300
66302 6404
66402 3777
66502 49087
66602 19938
66702 51695
66802 9085
66902 7691
67002 55936
67102 44456
67202 10408
67302 49922
67402 33796
67502 981
67602 36005
67702 26628
67802 24923
67902 13187
68002 25298
68102 57146
68202 8075
68302 35782
68402 38023
68502 51757
68602 49810
68702 30078
68802 32843
68902 46716
69002 55596
69102 20096
69202 24600
69302 25788
69402 14528
69502 34195
69602 50257
69702 34800
69802 9440
69902 43259
70002 55292
70102 29741
70202 23071
70302 30743
70402 8767
70502 30497
70602 14049
70702 64242
70802 48677
70902 60750
71002 44975
71102 24588
71202 53482
71302 31531
71402 57073
71502 42468
71602 44737
71702 19595
71802 35238
71902 40400
72002 21385
72102 3748
72202 36061
72302 20088
72402 64595
72502 31226
72602 24045
72702 9995
72802 9245
72902 64450
73002 20615
73102 41450
73202 1483
73302 12368
73402 24921
73502 55389
73602 38337
73702 33515
73802 16242
73902 10333
74002 51459
74102 40218
74202 13695
74302 23725
74402 20284
74502 8151
74602 40807
74702 57814
74802 7765
74902 52080
75002 55220
75102 62580
75202 17040
75302 34091
75402 19288
75502 56934
75602 35902
75702 53094
75802 54073
75902 17575
76002 18993
76102 23055
76202 54516
76302 9362
76402 24391
76502 61458
76602 60494
76702 7877
76802 862
76902 33235
77002 41573
77102 48445
77202 12018
77302 12390
77402 41615
77502 10124
77602 7790
77702 1435
77802 10898
77902 47546
78002 63951
78102 44698
78202 34880
78302 63046
78402 50316
78502 43318
78602 12794
78702 59723
78802 46481
78902 48609
79002 14151
79102 38968
79202 33595
79302 40400
79402 2287
79502 46876
79602 43492
79702 49920
79802 25809
79902 63242
80002 38227
80102 13787
80202 20919
80302 56034
80402 35391
80502 62280
80602 15359
80702 8912
80802 31640
80902 58477
81002 47655
81102 9934
81202 25519
81302 5017
81402 43851
81502 19118
81602 38090
81702 43557
81802 18239
81902 10981
82002 40315
82102 45388
82202 30915
82302 60299
82402 29077
82502 57915
82602 48391
82702 17138
82802 34086
82902 49619
83002 47737
83102 18690
83202 38767
83302 5090
83402 44328
83502 43256
83602 53549
83702 35420
83802 27731
83902 39220
84002 29196
84102 58099
84202 61185
84302 37054
84402 12379
84502 60279
84602 17769
84702 33289
84802 54806
84902 10553
85002 15754
85102 41311
85202 17676
85302 45869
85402 4285
85502 44993
85602 2881
85702 55912
85802 59669
85902 17555
86002 36673
86102 60100
86202 20550
86302 42055
86402 10840
86502 35989
86602 25423
86702 1257
86802 38031
86902 9383
87002 27740
87102 42031
87202 4001
87302 63589
87402 36023
87502 9926
87602 4486
87702 22721
87802 53210
87902 56801
88002 18806
88102 17849
88202 38531
88302 54432
88402 21908
88502 59216
88602 35776
88702 43901
88802 62777
88902 65426
89002 17644
89102 59929
89202 6677
89302 59849
89402 64126
89502 14013
89602 23601
89702 31630
89802 53953
89902 6274
90002 49268
90102 43224
