102 18964
202 14000
302 62772
402 7451
502 23753
602 50137
702 51746
802 64318
902 411
1002 6175
1102 62687
1202 3814
1302 36632
1402 53512
1502 8134
1602 4208
1702 50493
1802 59548
1902 57841
2002 34468
2102 33936
2202 61425
2302 12278
2402 42415
2502 24945
2602 18162
2702 2967
2802 46097
2902 40718
3002 12277
3102 24437
3202 15430
3302 59793
3402 17706
3502 15939
3602 19144
3702 36897
3802 45479
3902 52695
4002 6716
4102 62616
4202 26853
4302 30012
4402 41058
4502 19262
4602 56015
4702 33876
4802 29330
4902 34952
5002 50369
5102 10114
5202 13639
5302 45884
5402 4010
5502 13128
5602 17938
5702 37959
5802 58996
5902 40988
6002 16994
6102 22701
6202 63778
6302 40438
6402 14894
6502 53420
6602 20621
6702 21574
6802 35571
6902 59236
7002 18022
7102 26769
7202 17404
7302 40357
7402 43037
7502 33004
7602 38978
7702 7733
7802 6907
7902 60684
8002 5866
8102 59590
8202 21922
8302 48442
8402 57792
8502 54218
8602 49204
8702 32467
8802 26710
8902 52725
9002 47150
9102 29055
9202 62997
9302 3913
9402 3952
9502 50036
9602 28691
9702 65475
9802 32635
9902 26702
10002 3457
10102 57218
10202 3576
10302 44913
10402 9749
10502 55770
10602 18698
10702 24945
10802 39927
10902 41041
11002 61257
11102 59762
11202 23875
11302 16437
11402 42551
11502 54321
11602 6073
11702 39866
11802 59849
11902 20989
12002 6214
12102 4704
12202 8839
12302 11321
12402 54511
12502 57561
12602 3839
12702 24060
12802 34330
12902 30167
13002 29096
13102 37749
13202 7432
13302 11050
13402 955
13502 55160
13602 62534
13702 46282
13802 37619
13902 46289
14002 14389
14102 18777
14202 56697
14302 30686
14402 15168
14502 44326
14602 43405
14702 39744
14802 3134
14902 20879
15002 32723
15102 32924
15202 15847
15302 62235
15402 36092
15502 8875
15602 43624
15702 11642
15802 935
15902 6701
16002 53844
16102 6736
16202 62681
16302 43579
16402 54196
16502 13580
16602 10423
16702 9997
16802 63639
16902 25572
17002 11917
17102 36055
17202 43123
17302 43095
17402 54685
17502 25432
17602 22208
17702 29010
17802 27867
17902 56476
18002 17067
18102 27290
18202 24118
18302 1800
18402 8535
18502 19119
18602 16505
18702 6857
18802 22790
18902 18519
19002 62432
19102 47228
19202 23915
19302 43813
19402 56152
19502 40799
19602 8143
19702 43084
19802 11646
19902 57099
20002 21608
20102 49107
20202 45696
20302 49784
20402 8817
20502 48175
20602 7585
20702 8481
20802 24771
20902 60071
21002 5042
21102 46050
21202 48322
21302 59687
21402 45853
21502 64544
21602 16946
21702 36406
21802 36708
21902 2894
22002 64669
22102 50580
22202 5308
22302 50275
22402 35219
22502 16039
22602 14753
22702 29656
22802 52253
22902 21993
23002 19184
23102 26836
23202 60053
23302 44385
23402 35038
23502 12265
23602 285
23702 39484
23802 64462
23902 494
24002 33774
24102 50193
24202 30264
24302 29064
24402 1036
24502 44195
24602 47346
24702 17548
24802 28981
24902 14596
25002 5084
25102 37998
25202 47231
25302 15170
25402 2588
25502 52875
25602 16390
25702 1285
25802 62059
25902 50570
26002 22054
26102 60648
26202 34417
26302 1373
26402 7464
26502 15085
26602 9895
26702 35543
26802 62875
26902 38021
27002 25810
27102 15015
27202 58621
27302 24580
27402 23004
27502 48704
27602 4690
27702 8108
27802 54168
27902 46922
28002 43721
28102 39591
28202 34418
28302 47429
28402 56848
28502 46583
28602 43075
28702 31583
28802 12342
28902 11234
29002 46732
29102 28886
29202 33839
29302 32288
29402 52157
29502 64102
29602 18223
29702 23791
29802 24139
29902 12543
30002 1021
30102 19586
30202 27774
30302 44324
30402 61549
30502 28753
30602 53824
30702 18392
30802 48207
30902 15541
31002 41469
31102 28297
31202 60759
31302 49306
31402 31275
31502 42938
31602 29188
31702 3916
31802 7719
31902 46425
32002 439
32102 65200
32202 60070
32302 9646
32402 58179
32502 6392
32602 406
32702 62869
32802 22870
32902 44313
33002 35130
33102 26763
33202 40084
33302 8263
33402 51935
33502 62980
33602 14103
33702 51972
33802 26325
33902 12426
34002 11118
34102 64964
34202 45695
34302 52222
34402 3614
34502 14091
34602 25531
34702 21362
34802 3175
34902 57743
35002 46414
35102 10576
35202 28814
35302 3512
35402 57499
35502 47576
35602 32364
35702 30940
35802 30831
35902 40769
36002 38736
36102 6761
36202 40764
36302 27176
36402 30038
36502 16787
36602 16366
36702 54060
36802 28181
36902 62044
37002 35115
37102 28192
37202 30854
37302 48272
37402 2295
37502 29713
37602 46578
37702 21315
37802 22639
37902 29164
38002 6428
38102 60957
38202 15905
38302 22639
38402 64198
38502 44139
38602 40345
38702 13866
38802 4706
38902 49658
39002 57009
39102 16220
39202 1582
39302 26976
39402 65299
39502 62290
39602 65359
39702 39709
39802 13147
39902 17050
40002 32065
40102 4662
40202 59254
40302 48455
40402 53606
40502 1798
40602 35113
40702 3899
40802 50695
40902 60504
41002 54986
41102 57107
41202 49207
41302 13664
41402 39761
41502 43275
41602 8222
41702 33097
41802 17513
41902 8635
42002 34181
42102 49914
42202 60661
42302 44318
42402 47918
42502 48526
42602 60229
42702 41980
42802 60489
42902 61777
43002 27969
43102 61915
43202 51213
43302 13366
43402 12666
43502 24236
43602 31239
43702 42979
43802 60041
43902 8642
44002 20
44102 32782
44202 17617
44302 10410
44402 6335
44502 19944
44602 62385
44702 16100
44802 25525
44902 30427
45002 38680
45102 32169
45202 18102
45302 28771
45402 57527
45502 12347
45602 7483
45702 11684
45802 12202
45902 39983
46002 41368
46102 5935
46202 52242
46302 59859
46402 5566
46502 49301
46602 40144
46702 38101
46802 40636
46902 19095
47002 27705
47102 16003
47202 7546
47302 37153
47402 24457
47502 50615
47602 2441
47702 59015
47802 21888
47902 50491
48002 26815
48102 14909
48202 48887
48302 63777
48402 22764
48502 9004
48602 18135
48702 22674
48802 12098
48902 45569
49002 7592
49102 32609
49202 7193
49302 30595
49402 58807
49502 11298
49602 6444
49702 53063
49802 44359
49902 48520
50002 46112
50102 20354
50202 55356
50302 52708
50402 30010
50502 1207
50602 4712
50702 34615
50802 31556
50902 50529
51002 63261
51102 22122
51202 40451
51302 41002
51402 38261
51502 6593
51602 7642
51702 8664
51802 26797
51902 51271
52002 45889
52102 54245
52202 34030
52302 24280
52402 40806
52502 21007
52602 30231
52702 63703
52802 51070
52902 29580
53002 34359
53102 50829
53202 50253
53302 18955
53402 8554
53502 11051
53602 23022
53702 63165
53802 3252
53902 35586
54002 23474
54102 112
54202 21637
54302 29161
54402 30598
54502 26070
54602 21530
54702 12589
54802 33802
54902 850
55002 11525
55102 1961
55202 45987
55302 36549
55402 44520
55502 62744
55602 19652
55702 4345
55802 33961
55902 10482
56002 51972
56102 60709
56202 8079
56302 45396
56402 778
56502 23625
56602 22334
56702 31256
56802 63787
56902 15505
57002 57580
57102 49165
57202 44140
57302 8771
57402 51201
57502 31014
57602 51156
57702 50007
57802 22423
57902 33102
58002 43138
58102 39750
58202 12721
58302 17818
58402 59286
58502 2815
58602 45789
58702 52342
58802 58178
58902 56477
59002 7407
59102 31877
59202 44628
59302 51951
59402 20798
59502 16977
59602 36183
59702 47069
59802 15579
59902 46921
60002 4018
60102 30010
60202 35648
60302 18036
60402 17732
60502 39786
60602 40805
60702 41267
60802 15650
60902 7231
61002 39600
61102 42317
61202 46530
61302 48020
61402 40337
61502 44727
61602 22464
61702 26308
61802 40110
61902 58644
62002 9961
62102 43565
62202 53126
62302 49513
62402 864
62502 42006
62602 29377
62702 1496
62802 16095
62902 62616
63002 32959
63102 56388
63202 53080
63302 31772
63402 48718
63502 41143
63602 35050
63702 16464
63802 57161
63902 3172
64002 39793
64102 9422
64202 63878
64302 34107
64402 54075
64502 27415
64602 6066
64702 59731
64802 47836
64902 49095
65002 27366
65102 24702
65202 17224
65302 51153
65402 36187
65502 6919
65602 44128
65702 43380
65802 49104
65902 6476
66002 38268
66102 1944
66202 41344
66302 18383
66402 9108
66502 58836
66602 35621
66702 40262
66802 3166
66902 33531
67002 35242
67102 52155
67202 15323
67302 2593
67402 13342
67502 48659
67602 36246
67702 18903
67802 11950
67902 41891
68002 30016
68102 53766
68202 24564
68302 47892
68402 38800
68502 42884
68602 45274
68702 11196
68802 19542
68902 9422
69002 43518
69102 211
69202 447
69302 21893
69402 713
69502 24846
69602 2903
69702 4262
69802 7321
69902 43177
70002 27996
70102 11689
70202 40053
70302 54489
70402 65342
70502 17386
70602 19362
70702 58309
70802 11579
70902 55869
71002 358
71102 3613
71202 18413
71302 24444
71402 4742
71502 41876
71602 40938
71702 60900
71802 47689
71902 109
72002 1818
72102 14224
72202 8841
72302 2768
72402 48243
72502 26555
72602 50271
72702 8580
72802 51263
72902 33089
73002 12657
73102 8178
73202 63323
73302 1547
73402 48169
73502 54138
73602 6554
73702 55923
73802 28176
73902 19854
74002 40359
74102 1811
74202 56922
74302 51174
74402 62730
74502 40882
74602 36348
74702 18930
74802 50279
74902 9027
75002 1977
75102 25704
75202 42991
75302 14954
75402 51484
75502 55653
75602 21687
75702 7108
75802 7183
75902 28392
76002 56634
76102 64735
76202 33658
76302 33464
76402 22903
76502 30611
76602 43230
76702 26299
76802 53154
76902 20607
77002 32506
77102 37288
77202 16400
77302 62761
77402 49210
77502 17745
77602 38410
77702 28024
77802 3737
77902 48573
78002 56389
78102 52112
78202 21428
78302 30047
78402 41531
78502 18304
78602 680
78702 16695
78802 19941
78902 60085
79002 65531
79102 45099
79202 63204
79302 8558
79402 61728
79502 14012
79602 52801
79702 20730
79802 28016
79902 24927
80002 8003
80102 54850
80202 41792
80302 9391
80402 39953
80502 58729
80602 41499
80702 13989
80802 60817
80902 50456
81002 44555
81102 53753
81202 8963
81302 3331
81402 44981
81502 20580
81602 54541
81702 34077
81802 5578
81902 22606
82002 29500
82102 11384
82202 51824
82302 58309
82402 42035
82502 35635
82602 4859
82702 6022
82802 10054
82902 7772
83002 62760
83102 43640
83202 21654
83302 17464
83402 29547
83502 16325
83602 16538
83702 35333
83802 47694
83902 38043
84002 28473
84102 49194
84202 20382
84302 11159
84402 37581
84502 18725
84602 45929
84702 7779
84802 3406
84902 13508
85002 8583
85102 42475
85202 20859
85302 18286
85402 20539
85502 50860
85602 30306
85702 60978
85802 58950
85902 4248
86002 49949
86102 54942
86202 32479
86302 31387
86402 7432
86502 17292
86602 44204
86702 19191
86802 9269
86902 54579
87002 35650
87102 64901
87202 29804
87302 49491
87402 37292
87502 53978
87602 2741
87702 24634
87802 58784
87902 7585
88002 55883
88102 30836
88202 48862
88302 7092
88402 28449
88502 35999
88602 20341
88702 581
88802 16752
88902 12540
89002 50512
89102 3929
89202 26826
89302 47524
89402 60774
89502 15737
89602 9274
89702 23944
89802 50637
89902 45961
90002 193
90102 55437
