102 47128
202 24254
302 39188
402 7472
502 20036
602 16968
702 33251
802 49785
902 21016
1002 54227
1102 61774
1202 59020
1302 1530
1402 28815
1502 45302
1602 45174
1702 13946
1802 38075
1902 35547
2002 33393
2102 27668
2202 64122
2302 6625
2402 38569
2502 49081
2602 37664
2702 2142
2802 16747
2902 53002
3002 42220
3102 14926
3202 27363
3302 32230
3402 30
3502 24212
3602 22130
3702 32802
3802 14680
3902 35134
4002 11662
4102 60401
4202 10035
4302 52516
4402 19402
4502 43014
4602 47657
4702 4753
4802 22242
4902 9999
5002 1193
5102 26164
5202 2535
5302 17945
5402 61174
5502 5607
5602 18901
5702 18253
5802 15357
5902 35671
6002 57703
6102 8226
6202 15845
6302 14183
6402 54365
6502 15334
6602 55081
6702 29221
6802 58587
6902 56035
7002 14244
7102 57996
7202 9084
7302 53307
7402 55387
7502 6607
7602 23069
7702 28426
7802 22380
7902 40069
8002 29906
8102 60277
8202 37930
8302 12042
8402 49313
8502 63840
8602 45085
8702 46941
8802 31192
8902 58188
9002 25423
9102 57061
9202 14663
9302 55661
9402 37085
9502 50153
9602 32275
9702 4529
9802 45545
9902 53747
10002 14622
10102 12826
10202 4701
10302 17085
10402 28397
10502 32600
10602 25501
10702 41567
10802 27390
10902 3082
11002 22789
11102 43597
11202 56040
11302 62560
11402 10588
11502 61262
11602 4221
11702 29151
11802 31086
11902 64126
12002 24998
12102 59374
12202 29594
12302 38480
12402 56873
12502 15736
12602 23500
12702 60710
12802 3078
12902 25420
13002 22261
13102 61671
13202 45330
13302 15941
13402 54910
13502 54960
13602 49223
13702 59014
13802 48491
13902 14613
14002 30979
14102 46269
14202 62178
14302 31165
14402 13423
14502 26769
14602 49933
14702 62103
14802 26028
14902 22619
15002 24811
15102 33936
15202 5942
15302 50095
15402 23048
15502 27346
15602 50286
15702 35832
15802 1169
15902 42517
16002 60721
16102 55356
16202 29790
16302 9467
16402 15155
16502 19180
16602 29256
16702 62070
16802 30837
16902 7345
17002 27774
17102 53163
17202 43028
17302 64411
17402 51318
17502 61466
17602 38286
17702 27126
17802 40137
17902 25692
18002 7475
18102 44943
18202 59932
18302 58779
18402 47211
18502 22606
18602 23482
18702 47489
18802 20116
18902 4900
19002 6124
19102 51549
19202 20072
19302 12661
19402 11206
19502 32440
19602 63552
19702 37891
19802 8912
19902 6960
20002 2449
20102 555
20202 58431
20302 61218
20402 25662
20502 17128
20602 251
20702 18042
20802 25884
20902 45441
21002 2484
21102 2879
21202 52661
21302 55401
21402 17562
21502 35657
21602 112
21702 9143
21802 47806
21902 57991
22002 52647
22102 2337
22202 26832
22302 59818
22402 25237
22502 33539
22602 14919
22702 21145
22802 52249
22902 56375
23002 38326
23102 62209
23202 9428
23302 1239
23402 22774
23502 257
23602 5348
23702 32732
23802 61070
23902 13
24002 60563
24102 47017
24202 1669
24302 13229
24402 59228
24502 45430
24602 38950
24702 57088
24802 3334
24902 52332
25002 13044
25102 24732
25202 49416
25302 14915
25402 55924
25502 1104
25602 36943
25702 64559
25802 13096
25902 40183
26002 34255
26102 60565
26202 40339
26302 58238
26402 45547
26502 21734
26602 19863
26702 4607
26802 34886
26902 12583
27002 27268
27102 11668
27202 47629
27302 2084
27402 11382
27502 48452
27602 13631
27702 5601
27802 61352
27902 64389
28002 15976
28102 37105
28202 61127
28302 5704
28402 22177
28502 25608
28602 47574
28702 21874
28802 29200
28902 55287
29002 31564
29102 1224
29202 22778
29302 4596
29402 62669
29502 38954
29602 49461
29702 63533
29802 52749
29902 60243
30002 49178
30102 9575
30202 17418
30302 20705
30402 30147
30502 65474
30602 10477
30702 10858
30802 35189
30902 21100
31002 12106
31102 13617
31202 62028
31302 22254
31402 2701
31502 17067
31602 49467
31702 24066
31802 19970
31902 1234
32002 39222
32102 28838
32202 50360
32302 34716
32402 52812
32502 37684
32602 30040
32702 32620
32802 32724
32902 16718
33002 13003
33102 10606
33202 4898
33302 16457
33402 25232
33502 37072
33602 11386
33702 50175
33802 55408
33902 19440
34002 61318
34102 59775
34202 59151
34302 11176
34402 6792
34502 2107
34602 53382
34702 27914
34802 27314
34902 49116
35002 54806
35102 45631
35202 20566
35302 62124
35402 2706
35502 46406
35602 57383
35702 54470
35802 40878
35902 4850
36002 61144
36102 54795
36202 36047
36302 24928
36402 59596
36502 38335
36602 1557
36702 3528
36802 13185
36902 49894
37002 55691
37102 47953
37202 22149
37302 17661
37402 3079
37502 12752
37602 15702
37702 58728
37802 20248
37902 15001
38002 24649
38102 7852
38202 26273
38302 43595
38402 12744
38502 38291
38602 24541
38702 15484
38802 57397
38902 65009
39002 53534
39102 34294
39202 63348
39302 28751
39402 25703
39502 29266
39602 17858
39702 46470
39802 35453
39902 45612
40002 25213
40102 57677
40202 23395
40302 51489
40402 53583
40502 23189
40602 3596
40702 42527
40802 17458
40902 17854
41002 62898
41102 6371
41202 17169
41302 63752
41402 58291
41502 52894
41602 19340
41702 21901
41802 45516
41902 26955
42002 43300
42102 49637
42202 3417
42302 9931
42402 7842
42502 17607
42602 50390
42702 29510
42802 55158
42902 35724
43002 61448
43102 58556
43202 8769
43302 27455
43402 23603
43502 57905
43602 19953
43702 34650
43802 25525
43902 5167
44002 51055
44102 14373
44202 19878
44302 59583
44402 10673
44502 61670
44602 28694
44702 5080
44802 51012
44902 55896
45002 31322
45102 40060
45202 46822
45302 63064
45402 45361
45502 6932
45602 52029
45702 22415
45802 60639
45902 32970
46002 620
46102 44833
46202 25627
46302 22741
46402 56287
46502 65031
46602 20742
46702 8591
46802 37081
46902 4949
47002 10292
47102 36113
47202 26721
47302 49219
47402 57563
47502 37422
47602 36720
47702 31589
47802 10921
47902 38528
48002 10877
48102 32997
48202 33777
48302 35408
48402 26034
48502 6293
48602 47433
48702 57704
48802 62309
48902 22464
49002 42589
49102 14003
49202 22815
49302 42047
49402 48023
49502 51258
49602 37203
49702 12989
49802 3129
49902 13359
50002 57772
50102 14312
50202 27740
50302 7539
50402 4742
50502 58646
50602 37073
50702 11982
50802 48576
50902 1288
51002 58663
51102 2633
51202 37876
51302 26123
51402 23615
51502 47078
51602 15174
51702 53899
51802 12742
51902 13964
52002 1959
52102 39727
52202 41735
52302 21936
52402 63345
52502 42939
52602 27530
52702 35087
52802 11719
52902 26535
53002 24464
53102 20679
53202 56062
53302 8686
53402 35580
53502 31622
53602 36004
53702 15795
53802 59837
53902 7427
54002 2512
54102 10229
54202 27233
54302 49081
54402 30707
54502 62977
54602 26345
54702 4615
54802 36986
54902 22738
55002 53552
55102 19744
55202 37848
55302 20766
55402 54462
55502 57042
55602 10716
55702 34379
55802 28560
55902 10149
56002 56149
56102 63696
56202 41705
56302 26035
56402 5992
56502 30450
56602 41942
56702 12668
56802 129
56902 22444
57002 8489
57102 27822
57202 887
57302 19305
57402 45443
57502 14635
57602 49016
57702 64112
57802 19661
57902 44579
58002 39203
58102 31643
58202 9119
58302 32539
58402 6154
58502 26675
58602 54457
58702 49996
58802 43806
58902 55598
59002 36869
59102 59831
59202 43397
59302 55255
59402 14547
59502 53369
59602 14605
59702 50333
59802 21840
59902 55866
60002 60556
60102 14055
60202 11665
60302 48602
60402 12982
60502 24433
60602 11538
60702 48375
60802 16785
60902 476
61002 8183
61102 1252
61202 2424
61302 2929
61402 62948
61502 10707
61602 20417
61702 16396
61802 30200
61902 54068
62002 17018
62102 43751
62202 7074
62302 43141
62402 12705
62502 61508
62602 49812
62702 49517
62802 61725
62902 14718
63002 21193
63102 58792
63202 27323
63302 16760
63402 2360
63502 21358
63602 41113
63702 23568
63802 22928
63902 33169
64002 8277
64102 52527
64202 8852
64302 50866
64402 16407
64502 36824
64602 62537
64702 17310
64802 10908
64902 54234
65002 26021
65102 19749
65202 49500
65302 15203
65402 30712
65502 28747
65602 62208
65702 8717
65802 12880
65902 49366
66002 23341
66102 22879
66202 18402
66302 27216
66402 43086
66502 45757
66602 19590
66702 26502
66802 15368
66902 33658
67002 27236
67102 19012
67202 41981
67302 11939
67402 47923
67502 30768
67602 1299
67702 56672
67802 52026
67902 18002
68002 43372
68102 58429
68202 14518
68302 41702
68402 22103
68502 50629
68602 17131
68702 9765
68802 56837
68902 63779
69002 32583
69102 8217
69202 46250
69302 11421
69402 17105
69502 51835
69602 64383
69702 56583
69802 15133
69902 33332
70002 27429
70102 55265
70202 57618
70302 5372
70402 5857
70502 58079
70602 10213
70702 62496
70802 51854
70902 1117
71002 40687
71102 31578
71202 10327
71302 11445
71402 50848
71502 53290
71602 40801
71702 65493
71802 38464
71902 12860
72002 43851
72102 13701
72202 60621
72302 51893
72402 15292
72502 28421
72602 26056
72702 24323
72802 29576
72902 33462
73002 49495
73102 35794
73202 14192
73302 44418
73402 13269
73502 43818
73602 16030
73702 59118
73802 20194
73902 15586
74002 10118
74102 53017
74202 18523
74302 56055
74402 38390
74502 5810
74602 20483
74702 62657
74802 44135
74902 35144
75002 31815
75102 30842
75202 64928
75302 20749
75402 40788
75502 14127
75602 1670
75702 52351
75802 38311
75902 40728
76002 14472
76102 26484
76202 61475
76302 36694
76402 1176
76502 56241
76602 3121
76702 30242
76802 43154
76902 18031
77002 60680
77102 61284
77202 63527
77302 57631
77402 23036
77502 37480
77602 34695
77702 7089
77802 9234
77902 52301
78002 23365
78102 4759
78202 7397
78302 2036
78402 41000
78502 42129
78602 14514
78702 25717
78802 50082
78902 45081
79002 7191
79102 44919
79202 1164
79302 61474
79402 11596
79502 24944
79602 37200
79702 32492
79802 42748
79902 61370
80002 41126
80102 32844
80202 64808
80302 48730
80402 37116
80502 64672
80602 5978
80702 59165
80802 33687
80902 49758
81002 60138
81102 23954
81202 9812
81302 49621
81402 56758
81502 17261
81602 63817
81702 40634
81802 56701
81902 46899
82002 57135
82102 40260
82202 29401
82302 24621
82402 17580
82502 4857
82602 11213
82702 808
82802 13206
82902 19258
83002 12772
83102 11197
83202 38954
83302 29748
83402 18983
83502 48050
83602 47176
83702 32274
83802 15921
83902 47975
84002 63659
84102 43276
84202 18721
84302 12744
84402 17232
84502 50060
84602 48974
84702 18373
84802 28282
84902 26922
85002 31253
85102 20481
85202 40191
85302 22911
85402 3021
85502 19409
85602 19678
85702 40767
85802 50740
85902 6433
86002 29557
86102 64522
86202 64574
86302 2671
86402 23247
86502 37624
86602 31892
86702 39476
86802 44284
86902 64159
87002 24970
87102 26398
87202 54338
87302 50109
87402 51691
87502 41605
87602 53601
87702 35292
87802 14075
87902 5451
88002 10562
88102 34853
88202 9720
88302 57762
88402 36589
88502 10566
88602 1645
88702 56202
88802 5886
88902 55444
89002 50594
89102 1657
89202 21614
89302 2646
89402 63390
89502 49144
89602 16873
89702 22677
89802 45502
89902 41450
90002 46868
90102 40408
