102 10478
202 36093
302 1599
402 41246
502 52847
602 55101
702 19690
802 62694
902 42987
1002 50996
1102 2075
1202 55779
1302 26065
1402 48818
1502 54450
1602 4136
1702 59263
1802 40988
1902 35991
2002 32957
2102 24469
2202 41018
2302 42672
2402 9592
2502 39128
2602 41725
2702 16304
2802 29606
2902 32278
3002 44626
3102 19020
3202 23193
3302 8823
3402 3981
3502 42883
3602 5813
3702 55867
3802 12575
3902 56088
4002 37533
4102 60172
4202 38377
4302 55050
4402 52818
4502 60452
4602 25447
4702 27566
4802 18008
4902 62540
5002 46536
5102 47515
5202 37679
5302 58493
5402 41905
5502 38199
5602 25416
5702 22336
5802 58856
5902 45382
6002 10770
6102 30147
6202 30664
6302 28938
6402 2874
6502 13040
6602 10235
6702 2272
6802 1090
6902 322
7002 39945
7102 28639
7202 31740
7302 2862
7402 65047
7502 4092
7602 46410
7702 30806
7802 974
7902 32918
8002 41378
8102 44752
8202 19680
8302 31301
8402 9612
8502 1862
8602 58584
8702 18158
8802 52143
8902 20061
9002 62400
9102 16263
9202 13548
9302 61185
9402 24812
9502 7462
9602 7462
9702 50523
9802 53522
9902 55198
10002 23799
10102 33084
10202 22152
10302 61314
10402 39213
10502 5050
10602 34729
10702 19560
10802 58095
10902 17111
11002 53053
11102 58666
11202 49644
11302 47113
11402 4833
11502 4330
11602 59709
11702 1354
11802 41115
11902 10876
12002 57457
12102 9735
12202 51793
12302 31358
12402 6652
12502 2633
12602 9358
12702 3528
12802 21016
12902 52964
13002 56556
13102 17822
13202 39367
13302 23654
13402 1261
13502 34361
13602 2719
13702 11292
13802 7634
13902 44863
14002 54362
14102 16279
14202 9757
14302 16428
14402 54322
14502 26134
14602 2425
14702 12685
14802 50088
14902 19117
15002 50232
15102 13053
15202 34616
15302 23759
15402 26490
15502 14335
15602 7047
15702 27932
15802 31847
15902 11825
16002 17189
16102 50991
16202 1179
16302 37241
16402 42743
16502 42550
16602 17071
16702 2156
16802 38835
16902 13222
17002 29456
17102 11253
17202 50501
17302 54517
17402 55626
17502 38102
17602 23996
17702 11257
17802 61064
17902 17868
18002 31431
18102 7817
18202 22720
18302 43998
18402 52959
18502 60714
18602 30184
18702 49430
18802 49626
18902 58878
19002 50217
19102 13707
19202 57341
19302 1884
19402 11511
19502 57438
19602 62694
19702 50832
19802 22023
19902 59807
20002 18383
20102 60785
20202 29493
20302 51241
20402 23845
20502 40845
20602 58902
20702 33520
20802 25251
20902 37902
21002 35749
21102 11326
21202 8084
21302 28099
21402 65318
21502 55366
21602 64328
21702 2218
21802 40491
21902 53944
22002 23067
22102 25931
22202 47417
22302 34272
22402 37631
22502 33332
22602 17226
22702 37024
22802 32550
22902 52026
23002 60872
23102 7091
23202 60439
23302 18491
23402 2265
23502 31355
23602 46330
23702 54509
23802 41410
23902 63554
24002 60970
24102 7573
24202 17806
24302 16777
24402 8477
24502 37934
24602 36174
24702 15373
24802 34242
24902 60467
25002 65048
25102 56297
25202 16476
25302 572
25402 27578
25502 25915
25602 25685
25702 24024
25802 47043
25902 36562
26002 3228
26102 41181
26202 43034
26302 26370
26402 1499
26502 23978
26602 45720
26702 57169
26802 7754
26902 36024
27002 62046
27102 55647
27202 12646
27302 36397
27402 21978
27502 58266
27602 29233
27702 12681
27802 398
27902 23725
28002 55614
28102 8347
28202 46861
28302 17086
28402 45908
28502 21613
28602 29145
28702 24535
28802 9263
28902 7412
29002 7763
29102 38965
29202 41800
29302 31080
29402 42663
29502 7922
29602 25588
29702 8805
29802 60188
29902 19921
30002 1229
30102 46860
30202 62133
30302 23513
30402 23345
30502 52721
30602 34867
30702 25676
30802 20119
30902 35971
31002 15139
31102 17490
31202 7720
31302 12009
31402 48124
31502 38411
31602 42750
31702 54364
31802 20851
31902 2938
32002 21717
32102 41499
32202 56912
32302 5799
32402 19779
32502 53450
32602 14560
32702 11530
32802 61293
32902 26563
33002 54572
33102 59697
33202 44909
33302 3278
33402 47667
33502 50992
33602 13410
33702 13039
33802 57590
33902 62261
34002 46149
34102 33714
34202 33180
34302 1205
34402 51005
34502 33257
34602 17778
34702 4777
34802 38527
34902 55678
35002 53743
35102 20373
35202 37066
35302 47102
35402 18896
35502 28918
35602 34612
35702 18263
35802 14378
35902 40225
36002 49518
36102 62010
36202 20988
36302 58308
36402 48488
36502 21498
36602 53611
36702 7164
36802 16355
36902 54222
37002 9904
37102 3105
37202 41873
37302 18287
37402 38833
37502 12174
37602 54445
37702 29896
37802 6531
37902 61158
38002 37305
38102 40073
38202 3427
38302 44047
38402 62391
