102 13933
202 36303
302 8304
402 16590
502 6093
602 32130
702 44739
802 12539
902 27339
1002 34037
1102 25292
1202 40114
1302 31100
1402 14238
1502 44630
1602 10806
1702 62977
1802 47247
1902 13112
2002 17491
2102 22971
2202 30056
2302 10030
2402 48141
2502 64156
2602 55314
2702 7065
2802 543
2902 35369
3002 49754
3102 63610
3202 15294
3302 25258
3402 26870
3502 43852
3602 56587
3702 16193
3802 12579
3902 34017
4002 43424
4102 52757
4202 48791
4302 58044
4402 33905
4502 53044
4602 11826
4702 60536
4802 38428
4902 9416
5002 31214
5102 8223
5202 42997
5302 3287
5402 46561
5502 36480
5602 9710
5702 35872
5802 54650
5902 50822
6002 52957
6102 46559
6202 44177
6302 51264
6402 60749
6502 54481
6602 39628
6702 30232
6802 61890
6902 15395
7002 45973
7102 39644
7202 25679
7302 36206
7402 49994
7502 46710
7602 16422
7702 47159
7802 12088
7902 2893
8002 60399
8102 31983
8202 2792
8302 3230
8402 44185
8502 25737
8602 46679
8702 1105
8802 21379
8902 17183
9002 30241
9102 14399
9202 49494
9302 33149
9402 36468
9502 25676
9602 64605
9702 32625
9802 47646
9902 60337
10002 59464
10102 22337
10202 1990
10302 56906
10402 49828
10502 22871
10602 4007
10702 5468
10802 64935
10902 48348
11002 18134
11102 53333
11202 20158
11302 14936
11402 28161
11502 37419
11602 35344
11702 23608
11802 36574
11902 34360
12002 57017
12102 47009
12202 36605
12302 46947
12402 22194
12502 60692
12602 23767
12702 30456
12802 37250
12902 12569
13002 40677
13102 54837
13202 20654
13302 52084
13402 31736
13502 60099
13602 29429
13702 52351
13802 1724
13902 43492
14002 10200
14102 17581
14202 5147
14302 50392
14402 15972
14502 29719
14602 24508
14702 24161
14802 29108
14902 3340
15002 44350
15102 22526
15202 14965
15302 32553
15402 38335
15502 41268
15602 43073
15702 26966
15802 44812
15902 8367
16002 2078
16102 41402
16202 33244
16302 39238
16402 57541
16502 11187
16602 18529
16702 50806
16802 14945
16902 31269
17002 59984
17102 57849
17202 60836
17302 50669
17402 5370
17502 3770
17602 65170
17702 12503
17802 53041
17902 43855
18002 10372
18102 17034
18202 64140
18302 16437
18402 20880
18502 11757
18602 9307
18702 54713
18802 37738
18902 42702
19002 61606
19102 49320
19202 23179
19302 43458
19402 35660
19502 25690
19602 26941
19702 57849
19802 14815
19902 46294
20002 26907
20102 34346
20202 24627
20302 59022
20402 1628
20502 35824
20602 43021
20702 53238
20802 43556
20902 2374
21002 46186
21102 20573
21202 9160
21302 2317
21402 47100
21502 53491
21602 58643
21702 39032
21802 31920
21902 35691
22002 47870
22102 45687
22202 63577
22302 40000
22402 43602
22502 48605
22602 53020
22702 52592
22802 53235
22902 32911
23002 15106
23102 50481
23202 5424
23302 109
23402 43363
23502 61007
23602 37614
23702 30709
23802 3852
23902 64740
24002 12276
24102 2302
24202 44284
24302 56938
24402 5137
24502 58020
24602 20161
24702 64441
24802 62861
24902 54543
25002 47496
25102 11859
25202 32254
25302 54007
25402 21083
25502 25585
25602 63724
25702 5182
25802 50087
25902 44298
26002 8540
26102 26328
26202 111
26302 6154
26402 49082
26502 25303
26602 9993
26702 65273
26802 57527
26902 13275
27002 44081
27102 26084
27202 62465
27302 49073
27402 19470
27502 13956
27602 10901
27702 46141
27802 50689
27902 12421
28002 6497
28102 24476
28202 44134
28302 53534
28402 41615
28502 35882
28602 15572
28702 33698
28802 49419
28902 54267
29002 47085
29102 3141
29202 12439
29302 17213
29402 21227
29502 28434
29602 4501
29702 5245
29802 23977
29902 3487
30002 26267
30102 5028
30202 44469
30302 47438
30402 11875
30502 14594
30602 29577
30702 46977
30802 25646
30902 12313
31002 23289
31102 40803
31202 20871
31302 55528
31402 64367
31502 47625
31602 64802
31702 40064
31802 28337
31902 17873
32002 3692
32102 61645
32202 36144
32302 65365
32402 5103
32502 52580
32602 23193
32702 16176
32802 11408
32902 28412
33002 12102
33102 31311
33202 43690
33302 33628
33402 26912
33502 11891
33602 39213
33702 20613
33802 39584
33902 42520
34002 41781
34102 62948
34202 17641
34302 36593
34402 45135
34502 25186
34602 11846
34702 60413
34802 22608
34902 21763
35002 33465
35102 11578
35202 9880
35302 3786
35402 43347
35502 316
35602 37754
35702 31274
35802 59398
35902 20265
36002 27566
36102 2887
36202 47057
36302 20655
36402 33152
36502 12256
36602 27676
36702 36001
36802 31555
36902 8688
37002 16184
37102 64742
37202 11234
37302 30235
37402 60486
37502 19415
37602 3952
37702 55017
37802 33849
37902 19143
38002 8661
38102 40277
38202 10012
38302 392
38402 16745
38502 64249
38602 45672
38702 1461
38802 62894
38902 13913
39002 31796
39102 44435
39202 62184
39302 33002
39402 46973
39502 55371
39602 43466
39702 62529
39802 60178
39902 28597
40002 58269
40102 49628
40202 9802
40302 64159
40402 46876
40502 13298
40602 17926
40702 40457
40802 53908
40902 6454
41002 7981
41102 52990
41202 55344
41302 1291
41402 19283
41502 3406
41602 20073
41702 4049
41802 25671
41902 57035
42002 65218
42102 23485
42202 30268
42302 48374
42402 9536
42502 21393
42602 35034
42702 20982
42802 57876
42902 7888
43002 28009
43102 53883
43202 27853
43302 49520
43402 21211
43502 642
43602 54809
43702 15665
43802 557
43902 11793
44002 37957
44102 52281
44202 893
44302 4557
44402 46490
44502 23599
44602 39405
44702 50711
44802 62260
44902 19541
45002 35185
45102 16357
45202 46614
45302 59204
45402 4989
45502 60029
45602 3550
45702 53623
45802 13858
45902 20540
46002 55099
46102 11504
46202 22496
46302 52857
46402 17512
46502 14363
46602 17380
46702 43916
46802 56649
46902 9315
47002 24209
47102 18853
47202 14576
47302 30536
47402 39450
47502 53765
47602 21303
47702 41892
47802 20796
47902 50945
48002 27375
48102 6046
48202 44689
48302 65263
48402 26769
48502 17900
48602 6821
48702 60442
48802 34969
48902 58820
49002 14651
49102 23807
49202 51212
49302 41583
49402 4142
49502 13275
49602 55143
49702 13378
49802 61106
49902 55815
50002 21219
50102 57419
50202 64528
50302 18497
50402 46346
50502 12887
50602 15364
50702 65335
50802 31120
50902 16651
51002 61479
51102 21787
51202 57061
51302 22361
51402 23946
51502 15297
51602 9361
51702 29577
51802 63695
51902 11613
52002 55859
52102 29803
52202 43665
52302 5880
52402 29640
52502 36243
52602 58172
52702 25637
52802 53800
52902 15792
53002 26582
53102 3885
53202 65399
53302 61764
53402 40679
53502 10448
53602 13603
53702 22841
53802 7679
53902 25543
54002 5745
54102 14980
54202 62862
54302 60257
54402 13739
54502 46707
54602 18782
54702 42753
54802 18257
54902 45544
55002 38283
55102 12097
55202 46431
55302 46897
55402 9091
55502 36145
55602 39413
55702 27120
55802 32630
55902 53018
56002 20994
56102 35559
56202 63825
56302 57635
56402 55069
56502 31735
56602 23490
56702 7976
56802 3453
56902 62083
57002 36600
57102 4369
57202 27695
57302 35912
57402 54220
57502 53674
57602 61406
57702 52079
57802 37358
57902 44226
58002 12373
58102 40572
58202 15636
58302 41929
58402 63822
58502 61108
58602 40306
58702 20896
58802 31004
58902 54319
59002 55520
59102 30002
59202 47177
59302 39557
59402 36340
59502 27214
59602 42016
59702 31931
59802 49912
59902 30526
60002 50668
60102 59979
60202 32316
60302 61885
60402 54207
60502 900
60602 36088
60702 31525
60802 35133
60902 51076
61002 33092
61102 64636
61202 25690
61302 4411
61402 17021
61502 52381
61602 15896
61702 49872
61802 28100
61902 27094
62002 39718
62102 12488
62202 465
62302 26420
62402 49919
62502 56633
62602 10085
62702 30825
62802 14091
62902 51032
63002 12386
63102 59345
63202 33239
63302 7821
63402 4762
63502 59855
63602 50569
63702 40071
63802 25532
63902 40920
64002 58944
64102 14907
64202 26955
64302 61474
64402 5284
64502 22866
64602 36025
64702 18758
64802 52991
64902 52504
65002 51392
65102 28875
65202 14468
65302 35208
65402 4141
65502 16850
65602 52310
65702 34135
65802 40602
65902 23459
66002 22858
66102 7152
66202 47855
66302 16193
66402 12870
66502 19380
66602 58461
66702 17895
66802 30318
66902 42216
67002 44252
67102 38633
67202 275
67302 54952
67402 35028
67502 2841
67602 46799
67702 33782
67802 12581
67902 60559
68002 23849
68102 42468
68202 33764
68302 35926
68402 43685
68502 20543
68602 7698
68702 19345
68802 64914
68902 32818
69002 60672
69102 15614
69202 12691
69302 29391
69402 11431
69502 49326
69602 20824
69702 49296
69802 63839
69902 20490
70002 54525
70102 59175
70202 64988
70302 53974
70402 8044
70502 36859
70602 47368
70702 1605
70802 4360
70902 18557
71002 28279
71102 39480
71202 19793
71302 18379
71402 15517
71502 6757
71602 60202
71702 30472
71802 26183
71902 35838
72002 46628
72102 61510
72202 58789
72302 40434
72402 30441
72502 37000
72602 53572
72702 11491
72802 49549
72902 38666
73002 14608
73102 16848
73202 64442
73302 60838
73402 20555
73502 43652
73602 45159
73702 9082
73802 13003
73902 36668
74002 31330
74102 47684
74202 60145
74302 41293
74402 9087
74502 2483
74602 32373
74702 51440
74802 64347
74902 62253
75002 23531
75102 53946
75202 25819
75302 28268
75402 12501
75502 57150
75602 34464
75702 21829
75802 14666
75902 55131
76002 26773
76102 10075
76202 14235
76302 14310
76402 42004
76502 18214
76602 41538
76702 4140
76802 16743
76902 10861
77002 11517
77102 51254
77202 45959
77302 5708
77402 32472
77502 18948
77602 16989
77702 46162
77802 58324
77902 62344
78002 53909
78102 54016
78202 10085
78302 35169
78402 17179
78502 43432
78602 36512
78702 9385
78802 5655
78902 27766
79002 11549
79102 60210
79202 60286
79302 60495
79402 65166
79502 46305
79602 24246
79702 36167
79802 49368
79902 30116
80002 5690
80102 19753
80202 33242
80302 29055
80402 50095
80502 51283
80602 293
80702 19364
80802 17890
80902 49576
81002 65266
81102 45015
81202 47899
81302 21051
81402 30128
81502 11931
81602 25587
81702 25011
81802 18161
81902 29593
82002 1337
82102 37674
82202 15274
82302 3009
82402 26030
82502 42171
82602 13591
82702 27249
82802 32640
82902 53945
83002 51970
83102 51388
83202 64470
83302 11413
83402 57238
83502 22597
83602 54112
83702 36849
83802 48877
83902 23612
84002 6516
84102 10786
84202 9299
84302 39399
84402 41248
84502 14289
84602 6613
84702 45676
84802 10491
84902 17111
85002 14596
85102 41977
85202 28701
85302 1103
85402 50405
85502 809
85602 29650
85702 27600
85802 25698
85902 22622
86002 53576
86102 32194
86202 29667
86302 51993
86402 8623
86502 62493
86602 28619
86702 13997
86802 61800
86902 39164
87002 14584
87102 44269
87202 59548
87302 35213
87402 31311
87502 36951
87602 39660
87702 20580
87802 47764
87902 16236
88002 18761
88102 27859
88202 5697
88302 41336
88402 34548
88502 9993
88602 74
88702 60935
88802 37794
88902 3809
89002 24261
89102 33683
89202 21862
89302 23943
89402 59486
89502 44272
89602 25044
89702 27642
89802 34543
89902 34939
90002 145
90102 1170
