102 13933
202 41319
302 54668
402 53900
502 29530
602 23956
702 59708
802 11661
902 36440
1002 13005
1102 47864
1202 51194
1302 12806
1402 7668
1502 53927
1602 53188
1702 13751
1802 3726
1902 51339
2002 46719
2102 36873
2202 48770
2302 31778
2402 44410
2502 37995
2602 14160
2702 56966
2802 30766
2902 22948
3002 22303
3102 36575
3202 60829
3302 62927
3402 11037
3502 28796
3602 9942
3702 56861
3802 56139
3902 7326
4002 34576
4102 60127
4202 48537
4302 58334
4402 51661
4502 30636
4602 27337
4702 39736
4802 57779
4902 24620
5002 47053
5102 29502
5202 15798
5302 45160
5402 5341
5502 14159
5602 48930
5702 37970
5802 62679
5902 19806
6002 26685
6102 60327
6202 28429
6302 46683
6402 5602
6502 51931
6602 30753
6702 22879
6802 41210
6902 19738
7002 54095
7102 46906
7202 44255
7302 31076
7402 61437
7502 14998
7602 53130
7702 52868
7802 47204
7902 33092
8002 36223
8102 48009
8202 39912
8302 16475
8402 24555
8502 14826
8602 10642
8702 63325
8802 19721
8902 40499
9002 14941
9102 20578
9202 51818
9302 52233
9402 11018
9502 60473
9602 9031
9702 21378
9802 20555
9902 21810
10002 7597
10102 14816
10202 42344
