102 48608
202 27111
302 45539
402 29030
502 60511
602 31492
702 7484
802 19777
902 18519
1002 13502
1102 37332
1202 9998
1302 24638
1402 35568
1502 15841
1602 33932
1702 14635
1802 12426
1902 39437
2002 36280
2102 61865
2202 45796
2302 37940
2402 16692
2502 42630
2602 61936
2702 23917
2802 32215
2902 38519
3002 14263
3102 270
3202 5634
3302 24677
3402 39521
3502 30368
3602 31960
3702 51400
3802 13
3902 50454
4002 30616
4102 51213
4202 62740
4302 43563
4402 7418
4502 1694
4602 61074
4702 39403
4802 52035
4902 53638
5002 22960
5102 25395
5202 34625
5302 62845
5402 11139
5502 62160
5602 48944
5702 42521
5802 35885
5902 63557
6002 44464
6102 322
6202 63792
6302 64681
6402 55195
6502 4447
6602 21558
6702 19410
6802 18294
6902 18285
7002 25330
7102 58274
7202 31654
7302 39170
7402 50671
7502 38039
7602 41202
7702 5002
7802 29610
7902 63822
8002 41333
8102 11988
8202 42650
8302 35454
8402 7871
8502 60432
8602 13894
8702 24390
8802 31242
8902 19332
9002 7846
9102 45007
9202 28091
9302 64877
9402 22686
9502 63149
9602 5971
9702 15244
9802 50168
9902 54637
10002 35621
10102 23980
10202 56745
10302 40355
10402 36555
10502 59161
10602 59838
10702 51418
10802 64481
10902 6893
11002 31660
11102 2678
11202 49828
11302 43253
11402 20015
11502 12636
11602 51614
11702 58501
11802 15004
11902 7625
12002 16159
12102 60413
12202 59232
12302 13972
12402 15476
12502 58857
12602 34693
12702 40822
12802 40736
12902 52567
13002 29020
13102 46475
13202 50202
13302 19509
13402 57954
13502 31489
13602 14421
13702 17206
13802 44536
13902 23908
14002 53258
14102 45549
14202 43522
14302 17490
14402 6509
14502 17524
14602 11996
14702 33116
14802 41861
14902 40033
15002 29362
15102 1865
15202 15002
15302 5662
15402 38473
15502 54828
15602 61592
15702 49496
15802 49533
15902 37253
16002 65430
16102 55881
16202 30985
16302 7050
16402 38486
16502 16750
16602 59564
16702 30928
16802 11583
16902 14141
17002 22766
17102 16006
17202 11525
17302 47394
17402 45225
17502 796
17602 10921
17702 7230
17802 6424
17902 29476
18002 45443
18102 50436
18202 52349
18302 49376
18402 7642
18502 5003
18602 49628
18702 49446
18802 34319
18902 23971
19002 7666
19102 2023
19202 63657
19302 39039
19402 31923
19502 39952
19602 42738
19702 45247
19802 60002
19902 62596
20002 14957
20102 63075
20202 15774
20302 21898
20402 37994
20502 11550
20602 45510
20702 39623
20802 24737
20902 46288
21002 44455
21102 8228
21202 18073
21302 62390
21402 13091
21502 2513
21602 28463
21702 26155
21802 31091
21902 16400
22002 62704
22102 54241
22202 9789
22302 38715
22402 40099
22502 62080
22602 54715
22702 19954
22802 443
22902 42826
23002 61946
23102 11874
23202 54785
23302 48490
23402 44465
23502 63540
23602 17959
23702 41835
23802 43437
23902 10857
24002 55879
24102 54454
24202 25144
24302 28083
24402 21421
24502 45846
24602 2018
24702 41343
24802 62621
24902 22834
25002 36509
25102 32196
25202 24440
25302 54889
25402 43947
25502 64667
25602 34951
25702 5182
25802 39185
25902 38360
26002 4748
26102 2174
26202 60180
26302 7882
26402 62785
26502 44294
26602 42424
26702 61768
26802 54704
26902 25742
27002 50379
27102 35569
27202 50862
27302 21524
27402 23249
27502 9623
27602 2382
27702 37168
27802 39694
27902 18240
28002 13549
28102 4371
28202 53090
28302 2296
28402 44407
28502 60617
28602 21482
28702 1626
28802 50071
28902 51779
29002 22261
29102 21438
29202 56615
29302 56526
29402 30471
29502 62574
29602 3478
29702 9397
29802 59637
29902 56395
30002 45531
30102 40637
30202 42941
30302 7468
30402 14806
30502 57820
30602 27123
30702 33902
30802 29240
30902 37478
31002 57690
31102 9645
31202 11138
31302 48031
31402 23626
31502 36374
31602 35917
31702 51486
31802 43643
31902 51774
32002 38116
32102 48598
32202 26111
32302 18879
32402 13155
32502 19440
32602 2990
32702 48828
32802 29153
32902 22205
33002 41767
33102 41363
33202 50386
33302 63356
33402 46254
33502 37105
33602 24040
33702 49354
33802 2432
33902 13350
34002 49737
34102 14395
34202 9765
34302 7448
34402 1520
34502 57148
34602 40733
34702 31662
34802 55029
34902 30807
35002 23414
35102 40970
35202 47272
35302 46363
35402 4134
35502 2265
35602 15411
35702 49411
35802 8435
35902 46806
36002 47144
36102 22725
36202 35953
36302 10095
36402 50390
36502 57733
36602 59137
36702 49564
36802 62179
36902 64615
37002 120
37102 32449
37202 47504
37302 8356
37402 44880
37502 60324
37602 35947
37702 2674
37802 42122
37902 38591
38002 54770
38102 3221
38202 12227
38302 64085
38402 23384
38502 5644
38602 34558
38702 42682
38802 6561
38902 17217
39002 5558
39102 1419
39202 61067
39302 23324
39402 12631
39502 12053
39602 47890
39702 41896
39802 28105
39902 24533
40002 157
40102 24815
40202 54299
40302 21551
40402 47787
40502 1200
40602 51222
40702 21962
40802 45252
40902 60545
41002 4513
41102 40122
41202 17510
41302 20018
41402 31207
41502 11255
41602 33575
41702 43730
41802 14048
41902 8427
42002 37711
42102 4053
42202 59452
42302 9932
42402 62769
42502 61688
42602 44310
42702 6026
42802 15238
42902 42102
43002 21769
43102 6157
43202 31457
43302 15072
43402 49294
43502 43368
43602 24642
43702 16271
43802 13230
43902 43649
44002 23631
44102 25485
44202 19530
44302 24644
44402 26511
44502 27879
44602 39800
44702 64585
44802 47944
44902 16287
45002 22481
45102 52098
45202 7966
45302 20699
45402 40109
45502 58062
45602 49911
45702 60503
45802 13742
45902 24347
46002 46905
46102 43828
46202 45227
46302 40981
46402 33154
46502 63281
46602 64257
46702 12992
46802 32530
46902 29053
47002 32451
47102 42129
47202 44224
47302 37592
47402 64023
47502 15986
47602 28101
47702 4189
47802 34617
47902 45025
48002 40724
48102 9800
48202 46332
48302 26567
48402 23840
48502 63212
48602 13336
48702 56434
48802 55669
48902 52472
49002 7243
49102 947
49202 38550
49302 15348
49402 6952
49502 53452
49602 9423
49702 4064
49802 24778
49902 51331
50002 1548
50102 20047
50202 5837
50302 11456
50402 64658
50502 1907
50602 56255
50702 55081
50802 56035
50902 4477
51002 34101
51102 3231
51202 64638
51302 3854
51402 28819
51502 51807
51602 64941
51702 29442
51802 26410
51902 50405
52002 11600
52102 63193
52202 11099
52302 28973
52402 60968
52502 16183
52602 34765
52702 29120
52802 26080
52902 35732
53002 49282
53102 3497
53202 33296
53302 33452
53402 29243
53502 14107
53602 7849
53702 2169
53802 45196
53902 55283
54002 59723
54102 54374
54202 36059
54302 65494
54402 5917
54502 46398
54602 13447
54702 42093
54802 24612
54902 55770
55002 34258
55102 2595
55202 60686
55302 25591
55402 59493
55502 62816
55602 41878
55702 32794
55802 17375
55902 30470
56002 47724
56102 62985
56202 47989
56302 24558
56402 16295
56502 13397
56602 33412
56702 63540
56802 2719
56902 21746
57002 3317
57102 323
57202 22791
57302 40635
57402 57708
57502 65134
57602 33185
57702 11984
57802 55489
57902 31411
58002 53692
58102 57616
58202 59814
58302 56503
58402 46555
58502 19399
58602 6467
58702 47756
58802 32525
58902 27868
59002 6435
59102 19480
59202 63552
59302 30356
59402 17417
59502 47719
59602 19658
59702 4622
59802 28407
59902 39116
60002 39282
60102 40462
60202 16927
60302 38118
60402 10086
60502 5853
60602 17740
60702 14363
60802 60675
60902 17729
61002 10813
61102 21352
61202 35520
61302 51844
61402 15544
61502 21919
61602 31164
61702 20717
61802 38531
61902 20910
62002 53057
62102 12927
62202 8903
62302 919
62402 27071
62502 39390
62602 58053
62702 9231
62802 39255
62902 58392
63002 11192
63102 34794
63202 32998
63302 31437
63402 19418
63502 1145
63602 59141
63702 12160
63802 1653
63902 42538
64002 50959
64102 18599
64202 5626
64302 60058
64402 32890
64502 15464
64602 58283
64702 55456
64802 63909
64902 54923
65002 36058
65102 6608
65202 11026
65302 55566
65402 20231
65502 51891
65602 39251
65702 65524
65802 24522
65902 27789
66002 26126
66102 13356
66202 57888
66302 38405
66402 13198
66502 33913
66602 29115
66702 16236
66802 22901
66902 32951
67002 11618
67102 18503
67202 60763
67302 34075
67402 52761
67502 36988
67602 3030
67702 23525
67802 53021
67902 20687
68002 56853
68102 51035
68202 7337
68302 52716
68402 33901
68502 38854
68602 6608
68702 51370
68802 30028
68902 33761
69002 4035
69102 29930
69202 19287
69302 14592
69402 28567
69502 22342
69602 24810
69702 14632
69802 59078
69902 25765
70002 10009
70102 36308
70202 17657
70302 45075
70402 19255
70502 8179
70602 59603
70702 45404
70802 48955
70902 24836
71002 27882
71102 40342
71202 59485
71302 55559
71402 1377
71502 22325
71602 25484
71702 49121
71802 23352
71902 29691
72002 835
72102 47419
72202 49701
72302 3515
72402 46787
72502 8708
72602 1690
72702 9154
72802 37644
72902 39647
73002 8337
73102 8677
73202 39422
73302 3111
73402 11684
73502 12766
73602 54092
73702 12008
73802 27637
73902 52862
74002 11220
74102 58885
74202 1132
74302 65082
74402 30140
74502 29800
74602 4018
74702 4400
74802 963
74902 1632
75002 59657
75102 64634
75202 10496
75302 58292
75402 36285
75502 26156
75602 57053
75702 46809
75802 25191
75902 36696
76002 22788
76102 37297
76202 8234
76302 47297
76402 62663
76502 13035
76602 56570
76702 24276
76802 467
76902 2023
77002 55850
77102 34723
77202 15968
77302 3513
77402 32910
77502 24938
77602 7986
77702 60671
77802 2737
77902 9638
78002 8224
78102 32471
78202 20580
78302 5691
78402 46054
78502 11543
78602 965
78702 46789
78802 9829
78902 57707
79002 56451
79102 41033
79202 36360
79302 21125
79402 12412
79502 28048
79602 989
79702 45679
79802 4263
79902 36167
80002 54183
80102 8596
80202 16540
80302 41941
80402 20903
80502 23760
80602 4390
80702 20183
80802 51886
80902 36419
81002 61309
81102 52296
81202 12434
81302 16229
81402 14792
81502 37872
81602 50965
81702 41721
81802 2428
81902 64685
82002 58829
82102 53306
82202 18355
82302 26360
82402 41743
82502 38537
82602 24765
82702 19504
82802 13532
82902 29473
83002 52818
83102 32791
83202 37758
83302 42369
83402 35216
83502 11973
83602 11735
83702 51163
83802 56545
83902 42420
84002 41082
84102 41942
84202 32020
84302 28986
84402 64667
84502 44721
84602 44441
84702 55361
84802 1696
84902 4438
85002 24088
85102 58281
85202 7808
85302 29404
85402 21137
85502 33890
85602 55218
85702 36850
85802 12464
85902 43977
86002 2897
86102 24350
86202 11828
86302 39905
86402 29203
86502 63615
86602 9761
86702 15206
86802 53286
86902 8316
87002 6888
87102 60494
87202 53793
87302 6864
87402 679
87502 52938
87602 19805
87702 17653
87802 4728
87902 62926
88002 59565
88102 65311
88202 31847
88302 522
88402 23691
88502 28508
88602 51017
88702 50295
88802 13570
88902 8914
89002 64567
89102 35952
89202 19959
89302 60007
89402 22137
89502 65299
89602 19629
89702 19342
89802 56023
89902 24095
90002 19975
90102 14045
