102 8604
202 46162
302 38318
402 46315
502 32171
602 42992
702 37696
802 57608
902 28854
1002 47054
1102 9997
1202 25959
1302 46601
1402 50096
1502 32747
1602 10508
1702 8674
1802 33276
1902 62571
2002 25705
2102 38349
2202 15160
2302 33140
2402 29378
2502 64407
2602 18100
2702 47148
2802 57428
2902 50479
3002 54730
3102 48460
3202 53476
3302 14717
3402 25202
3502 5590
3602 64921
3702 64404
3802 60796
3902 58439
4002 30472
4102 54111
4202 44253
4302 12115
4402 60565
4502 27845
4602 53574
4702 33329
4802 41291
4902 64428
5002 58961
5102 41829
5202 49186
5302 37034
5402 17321
5502 13745
5602 65314
5702 54564
5802 3025
5902 49754
6002 4162
6102 13805
6202 45301
6302 52565
6402 20551
6502 35322
6602 28975
6702 18683
6802 4886
6902 27753
7002 21095
7102 36211
7202 60406
7302 24008
7402 6803
7502 57726
7602 1887
7702 25670
7802 33021
7902 43707
8002 60525
8102 35218
8202 56947
8302 11947
8402 6041
8502 8423
8602 45511
8702 53465
8802 34218
8902 34212
9002 49101
9102 15355
9202 14895
9302 37038
9402 4372
9502 48074
9602 60511
9702 23543
9802 48437
9902 12737
10002 35649
10102 57759
10202 4341
10302 13169
10402 7422
10502 38108
10602 64542
10702 12385
10802 7154
10902 61088
11002 23199
11102 50742
11202 46002
11302 51677
11402 10300
11502 6866
11602 8802
11702 58020
11802 59401
11902 47944
12002 25247
12102 37522
12202 34347
12302 16412
12402 18268
12502 61501
12602 56985
12702 45643
12802 13043
12902 2978
13002 17701
13102 54745
13202 64287
13302 22614
13402 64491
13502 56003
13602 40882
13702 18563
13802 12666
13902 131
14002 44755
14102 28284
14202 22796
14302 14000
14402 11466
14502 10765
14602 15236
14702 3605
14802 56371
14902 44774
15002 56365
15102 38901
15202 29323
15302 475
15402 44132
15502 30134
15602 41676
15702 40589
15802 16348
15902 13361
16002 48768
16102 28888
16202 1232
16302 5456
16402 61541
16502 48791
16602 36473
16702 56279
16802 8944
16902 42626
17002 1118
17102 13928
17202 25451
17302 61957
17402 4180
17502 32295
17602 49029
17702 36614
17802 32505
17902 63699
18002 38471
18102 4992
18202 4474
18302 48299
18402 15957
18502 16801
18602 23556
18702 61172
18802 23441
18902 36327
19002 31681
19102 53100
19202 56245
19302 57012
19402 20151
19502 52129
19602 2116
19702 4036
19802 35807
19902 20090
20002 32916
20102 9409
20202 54362
20302 43706
20402 17993
20502 17968
20602 43873
20702 26687
20802 15335
20902 61150
21002 3786
21102 51565
21202 45627
21302 64181
21402 1449
21502 63399
21602 35350
21702 29812
21802 25869
21902 51563
22002 44318
22102 40881
22202 13637
22302 43514
22402 12218
22502 36502
22602 4810
22702 49036
22802 28723
22902 53303
23002 39521
23102 51540
23202 27878
23302 34619
23402 4713
23502 19797
23602 37088
23702 42372
23802 37534
23902 52170
24002 17483
24102 12282
24202 41373
24302 53794
24402 55003
24502 11413
24602 23426
24702 36601
24802 49062
24902 30530
25002 10609
25102 51400
25202 45475
25302 29124
25402 52509
25502 14155
25602 43846
25702 3686
25802 51151
25902 31148
26002 31564
26102 49774
26202 51846
26302 13165
26402 1066
26502 32850
26602 23427
26702 63787
26802 24
26902 7146
27002 54866
27102 54997
27202 11460
27302 55468
27402 6506
27502 3164
27602 23358
27702 37541
27802 32036
27902 32812
28002 56938
28102 40161
28202 25516
28302 41839
28402 6188
28502 51321
28602 35994
28702 7082
28802 1882
28902 44461
29002 11088
29102 16426
29202 252
29302 54452
29402 12401
29502 35732
29602 35808
29702 10913
29802 49053
29902 27765
30002 48019
30102 49951
30202 22018
30302 18459
30402 17036
30502 56243
30602 43485
30702 28369
30802 37004
30902 64953
31002 4775
31102 54444
31202 28483
31302 4985
31402 13946
31502 20979
31602 16434
31702 24457
31802 10742
31902 47832
32002 35638
32102 32079
32202 4442
32302 14903
32402 2180
32502 319
32602 61045
32702 768
32802 55178
32902 34909
33002 8889
33102 39760
33202 12787
33302 29967
33402 6057
33502 61756
33602 40588
33702 31197
33802 17255
33902 55597
34002 8717
34102 3546
34202 29099
34302 14225
34402 46884
34502 17410
34602 52021
34702 54930
34802 64344
34902 56195
35002 3871
35102 11191
35202 26922
35302 35955
35402 7157
35502 25058
35602 55167
35702 16821
35802 57198
35902 38158
36002 45889
36102 30108
36202 52875
36302 26763
36402 56944
36502 6725
36602 13637
36702 50591
36802 9034
36902 51791
37002 45302
37102 50705
37202 58939
37302 14378
37402 64832
37502 62272
37602 3786
37702 53597
37802 59654
37902 1973
38002 3533
38102 34161
38202 16132
38302 8752
38402 56721
38502 64876
38602 6297
38702 28751
38802 39503
38902 31105
39002 8301
39102 56600
39202 48127
39302 39462
39402 58361
39502 29728
39602 11079
39702 45577
39802 12395
39902 23366
40002 13878
40102 63074
40202 43750
40302 51754
40402 63012
40502 45193
40602 41890
40702 50451
40802 35603
40902 34961
41002 47007
41102 13273
41202 53027
41302 51600
41402 14429
41502 46036
41602 17153
41702 2428
41802 1874
41902 48918
42002 35875
42102 50040
42202 5143
42302 54976
42402 13741
42502 47026
42602 34309
42702 56343
42802 50391
42902 52141
43002 4089
43102 31783
43202 52326
43302 13995
43402 35350
43502 32282
43602 61637
43702 22431
43802 7018
43902 17562
44002 16562
44102 60838
44202 8369
44302 34759
44402 12197
44502 34268
44602 49905
44702 23923
44802 20682
44902 58420
45002 29130
45102 24768
45202 31880
45302 10880
45402 37866
45502 61232
45602 38194
45702 21859
45802 2765
45902 59208
46002 49293
46102 16016
46202 45683
46302 40735
46402 10425
46502 52597
46602 18796
46702 4175
46802 22137
46902 4543
47002 632
47102 19375
47202 5835
47302 11947
47402 51723
47502 1663
47602 61776
47702 11970
47802 16527
47902 3001
48002 52903
48102 39256
48202 1676
48302 28575
48402 61165
48502 30829
48602 4035
48702 56929
48802 8987
48902 11097
49002 39730
49102 20761
49202 21647
49302 17879
49402 63247
49502 1032
49602 28075
49702 27659
49802 32551
49902 17045
50002 49343
50102 37673
50202 44729
50302 30792
50402 27052
50502 37897
50602 36794
50702 26932
50802 9573
50902 28450
51002 15646
51102 14261
51202 41639
51302 2747
51402 59493
51502 50042
51602 27209
51702 2135
51802 58908
51902 32663
52002 23974
52102 13569
52202 36437
52302 62245
52402 59641
52502 34874
52602 53501
52702 15977
52802 57042
52902 58944
53002 14824
53102 64573
53202 23083
53302 39070
53402 32568
53502 11091
53602 63437
53702 6137
53802 41142
53902 19340
54002 450
54102 52281
54202 3107
54302 32143
54402 9162
54502 57057
54602 31142
54702 59855
54802 28601
54902 5952
55002 45939
55102 14369
55202 8535
55302 19298
55402 20646
55502 62251
55602 36488
55702 61527
55802 63217
55902 45752
56002 18293
56102 25146
56202 19725
56302 51341
56402 51992
56502 52627
56602 8628
56702 17365
56802 19107
56902 23661
57002 19883
57102 57771
57202 22370
57302 50073
57402 33674
57502 31692
57602 54960
57702 13061
57802 48442
57902 2590
58002 36928
58102 44877
58202 33788
58302 26381
58402 3834
58502 29847
58602 31121
58702 31595
58802 50379
58902 24191
59002 7820
59102 62843
59202 3819
59302 3435
59402 45052
59502 38609
59602 16870
59702 51110
59802 16148
59902 5347
60002 47307
60102 28798
60202 63618
60302 54187
60402 26825
60502 39054
60602 24295
60702 29386
60802 21009
60902 22408
61002 44846
61102 44718
61202 42184
61302 58272
61402 58243
61502 43484
61602 13898
61702 40954
61802 57380
61902 60392
62002 7795
62102 3497
62202 57797
62302 54707
62402 31756
62502 32381
62602 12940
62702 31539
62802 30107
62902 43300
63002 56664
63102 3663
63202 13397
63302 57853
63402 39898
63502 17060
63602 53042
63702 27325
63802 38287
63902 10857
64002 1897
64102 28790
64202 54020
64302 48414
64402 50057
64502 60523
64602 34012
64702 33875
64802 30192
64902 55582
65002 55186
65102 51025
65202 9914
65302 618
65402 18352
65502 53444
65602 22373
65702 62638
65802 41390
65902 46691
66002 30816
66102 57478
66202 44623
66302 12334
66402 11731
66502 34549
66602 3093
66702 58799
66802 29811
66902 54892
67002 1811
67102 57349
67202 23928
67302 33162
67402 8393
67502 11227
67602 59091
67702 9989
67802 56129
67902 1654
68002 42477
68102 30612
68202 25417
68302 4029
68402 3797
68502 34369
68602 38456
68702 32379
68802 27965
68902 14211
69002 27023
69102 14534
69202 34635
69302 3272
69402 35553
69502 53430
69602 50261
69702 44037
69802 13625
69902 59616
70002 52491
70102 63327
70202 56647
70302 51122
70402 38506
70502 9583
70602 43312
70702 45924
70802 1899
70902 19616
71002 28242
71102 10941
71202 35655
71302 39115
71402 20351
71502 40070
71602 55999
71702 13450
71802 60756
71902 14793
72002 7860
72102 53081
72202 58276
72302 63155
72402 36890
72502 54372
72602 32604
72702 49639
72802 46565
72902 62855
73002 6143
73102 6098
73202 32319
73302 60405
73402 20530
73502 50940
73602 59777
73702 26191
73802 43470
73902 52450
74002 27629
74102 22040
74202 65449
74302 59887
74402 51031
74502 62903
74602 6906
74702 35084
74802 7579
74902 47151
75002 9315
75102 1779
75202 60557
75302 8460
75402 53566
75502 33740
75602 43185
75702 62929
75802 6019
75902 40307
76002 15013
76102 8688
76202 62281
76302 18657
76402 17750
76502 32590
76602 18900
76702 49219
76802 45254
76902 49716
77002 58703
77102 23889
77202 20922
77302 26790
77402 42060
77502 48356
77602 32049
77702 34995
77802 50190
77902 29028
78002 37987
78102 45867
78202 13598
78302 14541
78402 18073
78502 3612
78602 19106
78702 25121
78802 265
78902 44968
79002 58958
79102 12668
79202 6672
79302 18404
79402 51294
79502 43842
79602 45837
79702 5267
79802 45013
79902 18843
80002 37169
80102 41314
80202 55046
80302 49151
80402 38987
80502 54263
80602 49862
80702 43199
80802 18350
80902 60783
81002 59882
81102 65378
81202 41494
81302 14421
81402 25291
81502 52228
81602 47817
81702 59335
81802 52870
81902 44313
82002 6865
82102 39709
82202 33285
82302 20753
82402 58451
82502 40469
82602 51154
82702 51294
82802 6810
82902 38421
83002 30804
83102 29713
83202 8183
83302 15483
83402 47452
83502 59301
83602 20277
83702 31465
83802 19431
83902 30492
84002 26450
84102 14464
84202 49297
84302 40244
84402 50543
84502 43379
84602 50255
84702 19924
84802 52009
84902 49921
85002 15963
85102 36652
85202 1006
85302 20944
85402 17466
85502 44947
85602 40486
85702 48609
85802 35572
85902 43183
86002 19509
86102 47156
86202 40771
86302 61573
86402 8857
86502 28035
86602 25017
86702 65498
86802 60864
86902 22191
87002 7039
87102 39153
87202 46438
87302 21990
87402 56966
87502 262
87602 37714
87702 29593
87802 39123
87902 43086
88002 61908
88102 17494
88202 46019
88302 59703
88402 48799
88502 15032
88602 39754
88702 46141
88802 61419
88902 2775
89002 11249
89102 22331
89202 53413
89302 38793
89402 6883
89502 9318
89602 38952
89702 13827
89802 31435
89902 33323
90002 51165
90102 52088
