102 64091
202 12760
302 28850
402 1105
502 21305
602 21924
702 47132
802 56192
902 3227
1002 65222
1102 19314
1202 43250
1302 9321
1402 34159
1502 4877
1602 32863
1702 35629
1802 2640
1902 33029
2002 45033
2102 50381
2202 43794
2302 27184
2402 6246
2502 677
2602 30961
2702 57389
2802 40158
2902 10646
3002 50825
3102 56278
3202 60214
3302 30404
3402 25507
3502 55977
3602 57254
3702 57044
3802 61731
3902 51048
4002 37548
4102 47536
4202 44956
4302 45789
4402 1017
4502 62198
4602 5626
4702 30585
4802 5503
4902 28247
5002 13936
5102 10525
5202 65184
5302 21037
5402 7358
5502 34606
5602 51618
5702 57132
5802 12347
5902 41703
6002 22279
6102 24138
6202 48520
6302 48894
6402 6254
6502 3486
6602 43857
6702 34443
6802 27183
6902 50293
7002 20019
7102 23263
7202 28951
7302 89
7402 18998
7502 20809
7602 53284
7702 24573
7802 11568
7902 59394
8002 26692
8102 55840
8202 58856
8302 58016
8402 32654
8502 47732
8602 65065
8702 51832
8802 1729
8902 14768
9002 10528
9102 2905
9202 45359
9302 56998
9402 24444
9502 37635
9602 59425
9702 7277
9802 9827
9902 61657
10002 20265
10102 32941
10202 22093
10302 50915
10402 37831
10502 29791
10602 10349
10702 55749
10802 22554
10902 41419
11002 62977
11102 36814
11202 7452
11302 14288
11402 41786
11502 44710
11602 11512
11702 20191
11802 27042
11902 21671
12002 1796
12102 22012
12202 43624
12302 63598
12402 48975
12502 8961
12602 60910
12702 31669
12802 56228
12902 32751
13002 39798
13102 65419
13202 53642
13302 59263
13402 23809
13502 39671
13602 41560
13702 62526
13802 30625
13902 56930
14002 30966
14102 27769
14202 32734
14302 19548
14402 53426
14502 26276
14602 11150
14702 48376
14802 65285
14902 53314
15002 49304
15102 12082
15202 18634
15302 1715
15402 1443
15502 33185
15602 63981
15702 33098
15802 1160
15902 10852
16002 56239
16102 43938
16202 47029
16302 30540
16402 27479
16502 15071
16602 28843
16702 10751
16802 60775
16902 1636
17002 2533
17102 19707
17202 24892
17302 65110
17402 35381
17502 57188
17602 57902
17702 60024
17802 2420
17902 17240
18002 61590
18102 53883
18202 32036
18302 40141
18402 24120
18502 20134
18602 63387
18702 60973
18802 43552
18902 59240
19002 65094
19102 8307
19202 31420
19302 62623
19402 64692
19502 62980
19602 45319
19702 28040
19802 10708
19902 48057
20002 22374
20102 48729
20202 53792
20302 6308
20402 34023
20502 51249
20602 57027
20702 10822
20802 25769
20902 35848
21002 3873
21102 35374
21202 29398
21302 42417
21402 30429
21502 20449
21602 38331
21702 61356
21802 7761
21902 22383
22002 65075
22102 24386
22202 60347
22302 36409
22402 6428
22502 56869
22602 16237
22702 35036
22802 57454
22902 9415
23002 17096
23102 59506
23202 57198
23302 56606
23402 48578
23502 27059
23602 26575
23702 40268
23802 5883
23902 29770
24002 8980
24102 61705
24202 46551
24302 39390
24402 4087
24502 12312
24602 47242
24702 8575
24802 22453
24902 37479
25002 14522
25102 52778
25202 52262
25302 31804
25402 37906
25502 22685
25602 59988
25702 2939
25802 56417
25902 28857
26002 61310
26102 25742
26202 52162
26302 13308
26402 40178
26502 59123
26602 31012
26702 12384
26802 2801
26902 25785
27002 13472
27102 62942
27202 24517
27302 25031
27402 51806
27502 13262
27602 43805
27702 33204
27802 2767
27902 50883
28002 47665
28102 63801
28202 45322
28302 41162
28402 26560
28502 56983
28602 34100
28702 57443
28802 56962
28902 602
29002 58497
29102 22501
29202 12778
29302 47819
29402 27911
29502 36653
29602 47181
29702 48008
29802 24400
29902 16686
30002 61178
30102 41336
30202 29247
30302 11659
30402 402
30502 11495
30602 62347
30702 2418
30802 39741
30902 2873
31002 63414
31102 42845
31202 49827
31302 37690
31402 19318
31502 52418
31602 28899
31702 6513
31802 31439
31902 59823
32002 61824
32102 51982
32202 26741
32302 47853
32402 9005
32502 57286
32602 10952
32702 54626
32802 36394
32902 61610
33002 49598
33102 4012
33202 44351
33302 50984
33402 649
33502 8766
33602 61691
33702 6992
33802 64120
33902 47118
34002 21182
34102 2911
34202 51273
34302 25854
34402 21486
34502 35190
34602 3263
34702 426
34802 33549
34902 42654
35002 39790
35102 38209
35202 47690
35302 56912
35402 36670
