102 1768
202 48212
302 23971
402 48679
502 2466
602 55061
702 4687
802 22325
902 63691
1002 57410
1102 43223
1202 6213
1302 22570
1402 42857
1502 20166
1602 17419
1702 38892
1802 16663
1902 61047
2002 10580
2102 4829
2202 38921
2302 53872
2402 10754
2502 11522
2602 55219
2702 52945
2802 39268
2902 41246
3002 17346
3102 35751
3202 16951
3302 2407
3402 9885
3502 7997
3602 8647
3702 26332
3802 48084
3902 15476
4002 19024
4102 655
4202 15781
4302 56270
4402 57161
4502 5510
4602 54133
4702 48812
4802 61707
4902 1074
5002 13749
5102 1087
5202 23464
5302 50337
5402 10909
5502 62153
5602 62024
5702 3530
5802 28569
5902 58941
6002 26231
6102 1731
6202 29675
6302 32873
6402 69
6502 58863
6602 9973
6702 15145
6802 33460
6902 31381
7002 20423
7102 45383
7202 17001
7302 353
7402 26487
7502 37098
7602 52373
7702 2519
7802 8635
7902 20177
8002 48152
8102 51732
8202 52332
8302 19482
8402 36018
8502 49024
8602 77
8702 27517
8802 22318
8902 42728
9002 61851
9102 26157
9202 30006
9302 14267
9402 26215
9502 26592
9602 46559
9702 29176
9802 42660
9902 33531
10002 37236
10102 55349
10202 35694
10302 62740
10402 34693
10502 6938
10602 10805
10702 61448
10802 57632
10902 17202
11002 8841
11102 20376
11202 24355
11302 18822
11402 38909
11502 8193
11602 51536
11702 55878
11802 54671
11902 58897
12002 54016
12102 39747
12202 7098
12302 29545
12402 58143
12502 38332
12602 23262
12702 60655
12802 41593
12902 29735
13002 33852
13102 24292
13202 4939
13302 58318
13402 27075
13502 56158
13602 46705
13702 44776
13802 55463
13902 30227
14002 59860
14102 32323
14202 57751
14302 68
14402 43160
14502 38026
14602 18163
14702 5651
14802 21333
14902 719
15002 14623
15102 25526
15202 34601
15302 42397
15402 17498
15502 19868
15602 49005
15702 38193
15802 64425
15902 62060
16002 12744
16102 62062
16202 5251
16302 6316
16402 57876
16502 22747
16602 5670
16702 41579
16802 25783
16902 50789
17002 28867
17102 26846
17202 51009
17302 11826
17402 26101
17502 9333
17602 35174
17702 4412
17802 30012
17902 43708
18002 3799
18102 45286
18202 27722
18302 53737
18402 18026
18502 1165
18602 61161
18702 52558
18802 37325
18902 4989
19002 31982
19102 387
19202 22263
19302 45468
19402 25370
19502 20672
19602 36267
19702 62997
19802 50352
19902 17490
20002 24100
20102 38867
20202 1135
20302 33797
20402 29435
20502 23182
20602 14263
20702 43629
20802 48636
20902 24396
21002 20581
21102 12530
21202 56253
21302 49656
21402 50876
21502 45
21602 9323
21702 60016
21802 26590
21902 62441
22002 16246
22102 21571
22202 6038
22302 21611
22402 26148
22502 6498
22602 3812
22702 48401
22802 41533
22902 16348
23002 10014
23102 48194
23202 55549
23302 58736
23402 34769
23502 54368
23602 19864
23702 62439
23802 53288
23902 32318
24002 46044
24102 15113
24202 34219
24302 48696
24402 16980
24502 32530
24602 54085
24702 61537
24802 35551
24902 33361
25002 62708
25102 30145
25202 26444
25302 39421
25402 50673
25502 38977
25602 24106
25702 63099
25802 21003
25902 5311
26002 43169
26102 42513
26202 13542
26302 41904
26402 35876
26502 10872
26602 58140
26702 38942
26802 5097
26902 36707
27002 14671
27102 25591
27202 4429
27302 4765
27402 52045
27502 32804
27602 16916
27702 30382
27802 49066
27902 52393
28002 10127
28102 37177
28202 3796
28302 29109
28402 35146
28502 33338
28602 55144
28702 57250
28802 23307
28902 58286
29002 6508
29102 47949
29202 3629
29302 6392
29402 51310
29502 33667
29602 15268
29702 57145
29802 62582
29902 8677
30002 1633
30102 41067
30202 45539
30302 12683
30402 9367
30502 62511
30602 59484
30702 33198
30802 17713
30902 64759
31002 37257
31102 34235
31202 3469
31302 17390
31402 9570
31502 30900
31602 52742
31702 12349
31802 25207
31902 57478
32002 58772
32102 60949
32202 48235
32302 2865
32402 56897
32502 18877
32602 48535
32702 20891
32802 33428
32902 53114
33002 869
33102 51460
33202 36388
33302 18743
33402 47102
33502 35632
33602 294
33702 43935
33802 14364
33902 16496
34002 33009
34102 14893
34202 34246
34302 1233
34402 25645
34502 39631
34602 2231
34702 27743
34802 18576
34902 62471
35002 36541
35102 51663
35202 46603
35302 22080
35402 29790
35502 24854
35602 58916
35702 24649
35802 28467
35902 56527
36002 879
36102 14285
36202 24142
36302 47757
36402 57243
36502 9052
36602 430
36702 31616
36802 29039
36902 57685
37002 15347
37102 41980
37202 56601
37302 54088
37402 14019
37502 33150
37602 34135
37702 55884
37802 31753
37902 24507
38002 62286
38102 11671
38202 17683
38302 20439
38402 39153
38502 12379
38602 57510
38702 33792
38802 42903
38902 13430
39002 61940
39102 37593
39202 62570
39302 64326
39402 281
39502 15609
39602 1287
39702 43181
39802 12549
39902 7745
40002 32216
40102 46739
40202 19748
40302 49945
40402 2760
40502 53005
40602 59447
40702 28399
40802 30861
40902 12591
41002 58879
41102 25421
41202 64599
41302 19325
41402 16386
41502 2935
41602 12090
41702 59456
41802 49280
41902 61678
42002 4275
42102 7108
42202 7094
42302 33173
42402 278
42502 14849
42602 15117
42702 39266
42802 27468
42902 14755
43002 59250
43102 40843
43202 41575
43302 55698
43402 23456
43502 33334
43602 49555
43702 29615
43802 21640
43902 2990
44002 12986
44102 40041
44202 54389
44302 28848
44402 40032
44502 9055
44602 62398
44702 27880
44802 60330
44902 3207
45002 63327
45102 28611
45202 16669
45302 41028
45402 11023
45502 62841
45602 43946
45702 773
45802 697
45902 7378
46002 20502
46102 8550
46202 11384
46302 7317
46402 56162
46502 38181
46602 34827
46702 36663
46802 15113
46902 36760
47002 51234
47102 63695
47202 52319
47302 2707
47402 54793
47502 58120
47602 40113
47702 25539
47802 22104
47902 44913
48002 13772
48102 33160
48202 26913
48302 14721
48402 22322
48502 61014
48602 33620
48702 12805
48802 2519
48902 38989
49002 2104
49102 14436
49202 54852
49302 11507
49402 58619
49502 63478
49602 34277
49702 20566
49802 39382
49902 14404
50002 8151
50102 49079
50202 64405
50302 39401
50402 46484
50502 41632
50602 8527
50702 23063
50802 33397
50902 46825
51002 35262
51102 42138
51202 33775
51302 59157
51402 35778
51502 23984
51602 6577
51702 17194
51802 13798
51902 38801
52002 383
52102 28790
52202 6753
52302 47376
52402 24261
52502 43913
52602 15725
52702 8578
52802 25660
52902 57755
53002 25568
53102 23654
53202 45867
53302 1678
53402 56481
53502 14002
53602 58445
53702 21587
53802 19641
53902 47124
54002 30652
54102 6546
54202 62789
54302 62818
54402 8569
54502 3596
54602 27923
54702 22742
54802 27300
54902 55925
55002 58356
55102 47005
55202 23700
55302 744
55402 1038
55502 36971
55602 16139
55702 28002
55802 42643
55902 35893
56002 9810
56102 13955
56202 29311
56302 15496
56402 34050
56502 55677
56602 34899
56702 33156
56802 43226
56902 28673
57002 17651
57102 12021
57202 37775
57302 20528
57402 42996
57502 7134
57602 41711
57702 55708
57802 34718
57902 10541
58002 56786
58102 57159
58202 30056
58302 15812
58402 34639
58502 4159
58602 10029
58702 65295
58802 42628
58902 1333
59002 48009
59102 29711
59202 7754
59302 39688
59402 41795
59502 36816
59602 29345
59702 60584
59802 16220
59902 40766
60002 35571
60102 55216
60202 22984
60302 35636
60402 3572
60502 19695
60602 44472
60702 50904
60802 43957
60902 63237
61002 27191
61102 56951
61202 14308
61302 50957
61402 54354
61502 30739
61602 33427
61702 6560
61802 38347
61902 62443
62002 34988
62102 39506
62202 37149
62302 45009
62402 50699
62502 5730
62602 11246
62702 59816
62802 58191
62902 1657
63002 11458
63102 1122
63202 46519
63302 58995
63402 21578
63502 28656
63602 36826
63702 40464
63802 11501
63902 54375
64002 25683
64102 26849
64202 34378
64302 17942
64402 50457
64502 61246
64602 45164
64702 54439
64802 55374
64902 22333
65002 22653
65102 22494
65202 63790
65302 61037
65402 49860
65502 33769
65602 26888
65702 18626
65802 22914
65902 63866
66002 55902
66102 22906
66202 47727
66302 64181
66402 34387
66502 49876
66602 63787
66702 33250
66802 51840
66902 13184
67002 15827
67102 27361
67202 18423
67302 44013
67402 58393
67502 26571
67602 7064
67702 50859
67802 45518
67902 56615
68002 41348
68102 57867
68202 31037
68302 16382
68402 10142
68502 46859
68602 12312
68702 57654
68802 36484
68902 18360
69002 64895
69102 52438
69202 5891
69302 48019
69402 50030
69502 1442
69602 54848
69702 58869
69802 64913
69902 15682
70002 29146
70102 17184
70202 3103
70302 40065
70402 61091
70502 61585
70602 9684
70702 5377
70802 19459
70902 32273
71002 27816
71102 6851
71202 27410
71302 34248
71402 10148
71502 41605
71602 36431
71702 47784
71802 13513
71902 6481
72002 16399
72102 35268
72202 60476
72302 18436
72402 45834
72502 54163
72602 65430
72702 35160
72802 35860
72902 62429
73002 13036
73102 59341
73202 47617
73302 32237
73402 35003
73502 32036
73602 38980
73702 38560
73802 30609
73902 1585
74002 54119
74102 33301
74202 3434
74302 5024
74402 25757
74502 38836
74602 61199
74702 47324
74802 56564
74902 43930
75002 18990
75102 37339
75202 10728
75302 52007
75402 16594
75502 20139
75602 2116
75702 45951
75802 42999
75902 64890
76002 38154
76102 8247
76202 63497
76302 59878
76402 30734
76502 33910
76602 22961
76702 63268
76802 15919
76902 20156
77002 61934
77102 24235
77202 19394
77302 20677
77402 38257
77502 36285
77602 16362
77702 8709
77802 26775
77902 21390
78002 55729
78102 21136
78202 47162
78302 20229
78402 50342
78502 65157
78602 8236
78702 11206
78802 28510
78902 55882
79002 4984
79102 208
79202 60066
79302 2259
79402 9409
79502 53845
79602 5192
79702 20369
79802 41838
79902 350
80002 64043
80102 10096
80202 9654
80302 31436
80402 52598
80502 54210
80602 5523
80702 46533
80802 20184
80902 33164
81002 667
81102 3848
81202 51752
81302 21864
81402 14025
81502 51019
81602 51315
81702 42662
81802 35972
81902 11479
82002 33101
82102 4219
82202 59028
82302 64678
82402 51182
82502 49018
82602 4401
82702 3057
82802 31342
82902 5639
83002 13415
83102 30338
83202 13217
83302 2222
83402 19473
83502 52256
83602 56698
83702 7824
83802 14523
83902 57830
84002 7753
84102 23689
84202 4668
84302 41265
84402 12653
84502 42182
84602 26808
84702 58331
84802 59622
84902 34706
85002 312
85102 19755
85202 58399
85302 12113
85402 33379
85502 17148
85602 13145
85702 28690
85802 9361
85902 33620
86002 45859
86102 1327
86202 23546
86302 22026
86402 19321
86502 57837
86602 22131
86702 46898
86802 31005
86902 12738
87002 53160
87102 9262
87202 55765
87302 53808
87402 16286
87502 45009
87602 34936
87702 33733
87802 13371
87902 38075
88002 64887
88102 47829
88202 61666
88302 53409
88402 14656
88502 28034
88602 4644
88702 44909
88802 59989
88902 24857
89002 60720
89102 21317
89202 42165
89302 8681
89402 63630
89502 54748
89602 3093
89702 60211
89802 40107
89902 43508
90002 27888
90102 45757
