102 47948
202 4771
302 36044
402 14249
502 15118
602 6661
702 30921
802 41688
902 27582
1002 42855
1102 57896
1202 37003
1302 32769
1402 63506
1502 32775
1602 9445
1702 60061
1802 423
1902 40104
2002 26646
2102 38239
2202 8056
2302 45323
2402 33316
2502 28067
2602 21230
2702 55182
2802 1542
2902 29085
3002 12815
3102 52000
3202 20330
3302 12722
3402 44401
3502 33129
3602 1395
3702 23066
3802 6221
3902 42929
4002 9894
4102 54311
4202 62145
4302 24605
4402 33310
4502 38294
4602 6422
4702 52185
4802 55338
4902 49684
5002 3638
5102 35769
5202 59099
5302 51265
5402 15681
5502 52581
5602 26250
5702 15233
5802 4856
5902 17273
6002 55292
6102 28948
6202 59454
6302 8095
6402 50174
6502 59567
6602 34247
6702 63073
6802 15178
6902 32719
7002 5468
7102 36042
7202 20301
7302 19417
7402 39122
7502 28599
7602 54919
7702 36048
7802 18133
7902 45436
8002 41
8102 33508
8202 56554
8302 25283
8402 60887
8502 50595
8602 2800
8702 58641
8802 42118
8902 29313
9002 56676
9102 8979
9202 21555
9302 54429
9402 56994
9502 21271
9602 62928
9702 35384
9802 49511
9902 39712
10002 44005
10102 51266
10202 65510
10302 26565
10402 56287
10502 41288
10602 50790
10702 10143
10802 57424
10902 56294
11002 51856
11102 57797
11202 24764
11302 11452
11402 15932
11502 11168
11602 5230
11702 16149
11802 43322
11902 58570
12002 63261
12102 19149
12202 16719
12302 48961
12402 38842
12502 25495
12602 1792
12702 63687
12802 55155
12902 62275
13002 25552
13102 5091
13202 42650
13302 30464
13402 41019
13502 64187
13602 40961
13702 9088
13802 23881
13902 49000
14002 52404
14102 47844
14202 33660
14302 26021
14402 15476
14502 39449
14602 60484
14702 13322
14802 49790
14902 42193
15002 24099
15102 35656
15202 18044
15302 21374
15402 51966
15502 34972
15602 3608
15702 57974
15802 11785
15902 31459
16002 17191
16102 25440
16202 9956
16302 49915
16402 9871
16502 63348
16602 45554
16702 34942
16802 46641
16902 29482
17002 40270
17102 27838
17202 21358
17302 2019
17402 6761
17502 48673
17602 59920
17702 62552
17802 29177
17902 16505
18002 61614
18102 11306
18202 3062
18302 54462
18402 9
18502 64074
18602 52031
18702 3308
18802 45760
18902 31604
19002 10010
19102 33415
19202 64789
19302 8821
19402 1181
19502 51838
19602 50026
19702 40730
19802 8393
19902 6587
20002 7235
20102 21538
20202 43056
20302 22756
20402 27522
20502 32095
20602 7799
20702 32931
20802 26784
20902 15174
21002 13472
21102 45387
21202 56230
21302 27641
21402 52758
21502 40184
21602 29197
21702 35005
21802 15758
21902 36428
22002 4159
22102 29125
22202 55217
22302 31284
22402 55395
22502 44399
22602 30054
22702 51130
22802 43002
22902 22920
23002 15329
23102 36203
23202 60482
23302 7430
23402 20600
23502 11775
23602 59192
23702 15156
23802 775
23902 14639
24002 12018
24102 2074
24202 30720
24302 15152
24402 32511
24502 51871
24602 27792
24702 33847
24802 47283
24902 20280
25002 42688
25102 38178
25202 10736
25302 44267
25402 61018
25502 48217
25602 29436
25702 16993
25802 57627
25902 19497
26002 8079
26102 8835
26202 50672
26302 11208
26402 251
26502 27707
26602 4991
26702 11466
26802 8776
26902 1035
27002 25588
27102 50706
27202 60525
27302 12301
27402 23990
27502 5488
27602 20253
27702 29793
27802 36554
27902 46077
28002 7380
28102 30393
28202 1294
28302 33100
28402 17503
28502 44071
28602 4585
28702 24363
28802 27682
28902 22492
29002 14982
29102 11340
29202 4409
29302 11303
29402 31610
29502 13087
29602 1429
29702 3782
29802 11492
29902 39805
30002 31541
30102 63588
30202 23282
30302 33782
30402 40508
30502 24527
30602 20175
30702 10592
30802 47186
30902 64995
31002 46704
31102 46948
31202 13309
31302 57778
31402 31989
31502 32696
31602 30378
31702 40752
31802 12158
31902 28689
32002 56388
32102 58163
32202 28902
32302 39391
32402 39513
32502 44281
32602 455
32702 50006
32802 29650
32902 63979
33002 50861
33102 9830
33202 26519
33302 1040
33402 27391
33502 27779
33602 42722
33702 65394
33802 9222
33902 62063
34002 975
34102 50430
34202 37359
34302 38898
34402 17071
34502 61349
34602 18614
34702 49616
34802 30561
34902 45103
35002 41178
35102 40808
35202 5885
35302 49991
35402 61613
35502 12237
