102 22458
202 15799
302 23291
402 25728
502 25202
602 53347
702 48340
802 59938
902 20481
1002 10438
1102 41118
1202 57960
1302 218
1402 64056
1502 40968
1602 13269
1702 50554
1802 61807
1902 47143
2002 49571
2102 2031
2202 42239
2302 22854
2402 61253
2502 30975
2602 57050
2702 19770
2802 1659
2902 8102
3002 36814
3102 64324
3202 43679
3302 15625
3402 42541
3502 36562
3602 55153
3702 48796
3802 2049
3902 32016
4002 15266
4102 34818
4202 42674
4302 31887
4402 1945
4502 64124
4602 6624
4702 18387
4802 36274
4902 43996
5002 12922
5102 33763
5202 16215
5302 42554
5402 42141
5502 59813
5602 57550
5702 44804
5802 25046
5902 27700
6002 30615
6102 40279
6202 15968
6302 22281
6402 690
6502 15970
6602 18971
6702 14471
6802 59677
6902 8835
7002 10167
7102 41120
7202 3281
7302 24257
7402 25266
7502 47775
7602 23458
7702 47536
7802 37767
7902 15451
8002 62286
8102 15591
8202 55362
8302 3404
8402 24450
8502 17492
8602 44145
8702 45077
8802 48114
8902 16860
9002 8970
9102 6154
9202 1764
9302 37182
9402 40781
9502 25021
9602 53876
9702 41144
9802 36736
9902 49358
10002 54038
10102 25096
10202 49730
10302 7187
10402 22394
10502 11518
10602 61593
10702 55919
10802 18114
10902 63906
11002 50152
11102 2824
11202 47973
11302 1439
11402 58436
11502 31363
11602 8067
11702 54976
11802 7196
11902 9057
12002 23798
12102 60992
12202 24804
12302 51151
12402 21073
12502 8902
12602 31763
12702 24121
12802 23856
12902 30017
13002 7819
13102 89
13202 40343
13302 49638
13402 20876
13502 9360
13602 26448
13702 17799
13802 36867
13902 27857
14002 46176
14102 48378
14202 19162
14302 13658
14402 6048
14502 35964
14602 1477
14702 59119
14802 38509
14902 19203
15002 29808
15102 25025
15202 45142
15302 7100
15402 9317
15502 56832
15602 2936
15702 34768
15802 44834
15902 8029
16002 19600
16102 33529
16202 4435
16302 45491
16402 16961
16502 46011
16602 22908
16702 38365
16802 44185
16902 18626
17002 13412
17102 52560
17202 243
17302 12820
17402 31128
17502 3688
17602 56643
17702 26181
17802 34897
17902 45805
18002 58112
18102 28612
18202 32703
18302 34228
18402 41132
18502 32436
18602 51315
18702 34903
18802 1385
18902 39424
19002 49656
19102 7585
19202 33697
19302 39753
19402 59509
19502 52371
19602 52787
19702 2961
19802 48050
19902 54833
20002 60091
20102 49663
20202 42335
20302 51492
20402 13829
20502 10675
20602 55028
20702 6344
20802 45853
20902 26945
21002 23953
21102 23216
21202 62257
21302 49139
21402 36018
21502 44756
21602 502
21702 49052
21802 35794
21902 39617
22002 61255
22102 44413
22202 54117
22302 56736
22402 62498
22502 64704
22602 61322
22702 46700
22802 49103
22902 9385
23002 60720
23102 48254
23202 14936
23302 47257
23402 4690
23502 40581
23602 35061
23702 3287
23802 48427
23902 31541
24002 37096
24102 28265
24202 5889
24302 52779
24402 64398
24502 2230
24602 20742
24702 10166
24802 65249
24902 52707
25002 25763
25102 10390
25202 580
25302 56008
25402 4576
25502 10792
25602 40076
25702 4108
25802 11817
25902 11376
26002 44684
26102 23949
26202 49689
26302 34093
26402 62238
26502 30401
26602 58198
26702 22942
26802 4626
26902 21022
27002 9861
27102 62955
27202 11797
27302 10479
27402 5630
27502 22564
27602 13059
27702 47631
27802 1694
27902 47519
28002 31433
28102 29702
28202 14767
28302 62123
28402 16857
28502 22741
28602 7462
28702 48332
28802 18609
28902 18805
29002 4758
29102 49620
29202 38390
29302 17351
29402 55794
29502 32185
29602 41948
29702 33096
29802 33392
29902 55032
30002 42226
30102 56163
30202 57250
30302 32075
30402 55038
30502 24252
30602 32476
30702 26077
30802 12496
30902 22427
31002 59779
31102 4901
31202 26782
31302 41890
31402 37727
31502 16176
31602 17218
31702 26941
31802 50397
31902 9613
32002 53155
32102 29319
32202 17723
32302 6050
32402 58837
32502 19233
32602 62070
32702 31612
32802 61351
32902 28396
33002 34080
33102 41791
33202 47365
33302 21693
33402 36603
33502 21494
33602 55054
33702 64659
33802 32590
33902 28689
34002 63863
34102 12126
34202 55965
34302 8462
34402 14330
34502 45428
34602 15408
34702 38899
34802 34405
34902 50233
35002 64937
35102 64327
35202 19449
35302 31578
35402 10899
35502 41505
35602 36004
35702 8041
35802 11940
35902 55592
36002 52092
36102 21099
36202 52440
36302 28196
36402 36782
36502 49775
36602 55246
36702 5272
36802 25453
36902 39671
37002 8263
37102 45920
37202 13827
37302 62395
37402 11800
37502 7056
37602 27217
37702 7832
37802 5356
37902 50015
38002 64806
38102 9384
38202 27163
38302 58616
38402 58372
38502 3697
38602 62849
38702 31361
38802 48405
38902 49488
39002 62556
39102 51759
39202 18680
39302 23311
39402 26521
39502 495
39602 62897
39702 31488
39802 19680
39902 26737
40002 9095
40102 40885
40202 59980
40302 16371
40402 39425
40502 61378
40602 15861
40702 35796
40802 8741
40902 55316
41002 16208
41102 63774
41202 5919
41302 9778
41402 897
41502 63510
41602 21044
41702 4523
41802 64685
41902 30180
42002 27031
42102 26178
42202 7434
42302 20469
42402 55343
42502 18753
42602 37832
42702 19907
42802 3454
42902 20682
43002 30941
43102 13381
43202 822
43302 17127
43402 35571
43502 30462
43602 55873
43702 5041
43802 52421
43902 61230
44002 17398
44102 23219
44202 21286
44302 10365
44402 18806
44502 58282
44602 2405
44702 21017
44802 52940
44902 16386
45002 1792
45102 7335
45202 3599
45302 17574
45402 9895
45502 49363
45602 51290
45702 46170
45802 27483
45902 13240
46002 65397
46102 53026
46202 3566
46302 24700
46402 54033
46502 9036
46602 41913
46702 52854
46802 5638
46902 20930
47002 53204
47102 26813
47202 39821
47302 50227
47402 62421
47502 55667
47602 62380
47702 12194
47802 52956
47902 33380
48002 24980
48102 8646
48202 53617
48302 8421
48402 50592
48502 12409
48602 15051
48702 58151
48802 39844
48902 23725
49002 60430
49102 8266
49202 39685
49302 53812
49402 44496
49502 47133
49602 24178
49702 40947
49802 14206
49902 46311
50002 64500
50102 53499
50202 28410
50302 4958
50402 58827
50502 13373
50602 34097
50702 29420
50802 30501
50902 20158
51002 23978
51102 5573
51202 26344
51302 16573
51402 23635
51502 6551
51602 64834
51702 30315
51802 4961
51902 46094
52002 41488
52102 10286
52202 22206
52302 38281
52402 57215
52502 57016
52602 20323
52702 25737
52802 7345
52902 60659
53002 21655
53102 60562
53202 22850
53302 36448
53402 39441
53502 31866
53602 58795
53702 40576
53802 30147
53902 31714
54002 17372
54102 49637
54202 29066
54302 56977
54402 3190
54502 10490
54602 59538
54702 55476
54802 41750
54902 55230
55002 3613
55102 34715
55202 21149
55302 4593
55402 45416
55502 33349
55602 54090
55702 39772
55802 55374
55902 8836
56002 41563
56102 35488
56202 11615
56302 57786
56402 29915
56502 44537
56602 63055
56702 65127
56802 26387
56902 19898
57002 14837
57102 46930
57202 10433
57302 3250
57402 5085
57502 45128
57602 2413
57702 57057
57802 46368
57902 5654
58002 58677
58102 35626
58202 24883
58302 56954
58402 55353
58502 12506
58602 50099
58702 40815
58802 36496
58902 23932
59002 16302
59102 36246
59202 30352
59302 12457
59402 18871
59502 38853
59602 61660
59702 28467
59802 26651
59902 27466
60002 45405
60102 27483
60202 12097
60302 41912
60402 18542
60502 49269
60602 26958
60702 16868
60802 22866
60902 23134
61002 35936
61102 49125
61202 22625
61302 61086
61402 8134
61502 59351
61602 51618
61702 55850
61802 52319
61902 36746
62002 24858
62102 35
62202 22462
62302 36370
62402 43402
62502 39172
62602 33109
62702 57308
62802 56195
62902 19056
63002 53690
63102 63513
63202 62008
63302 37518
63402 59357
63502 43937
63602 11343
63702 57086
63802 40291
63902 33997
64002 46893
64102 23659
64202 39773
64302 55562
64402 43104
64502 60228
64602 47628
64702 42988
64802 59292
64902 25308
65002 9749
65102 24731
65202 546
65302 29557
65402 26837
65502 54572
65602 64070
65702 48563
65802 51350
65902 2915
66002 9198
66102 42656
66202 63923
66302 30347
66402 17187
66502 19901
66602 51155
66702 4817
66802 59982
66902 40823
67002 54269
67102 17571
67202 29464
67302 50110
67402 9777
67502 15780
67602 61069
67702 60414
67802 22577
67902 28984
68002 1474
68102 35747
68202 63084
68302 26485
68402 22848
68502 60098
68602 45783
68702 12740
68802 45015
68902 37998
69002 54280
69102 48426
69202 6696
69302 58041
69402 10780
69502 27200
69602 51387
69702 28657
69802 37980
69902 34114
70002 20164
70102 63627
70202 22011
70302 26312
70402 40017
70502 64111
70602 31072
70702 42594
70802 56352
70902 9096
71002 65513
71102 9863
71202 4427
71302 46986
71402 58994
71502 59066
71602 18931
71702 16332
71802 27708
71902 36861
72002 9259
72102 54678
72202 20412
72302 2616
72402 15770
72502 41838
72602 39634
72702 10109
72802 11955
72902 51388
73002 20741
73102 45163
73202 6471
73302 45876
73402 28820
73502 24248
73602 52687
73702 16382
73802 54972
73902 7750
74002 51555
74102 5119
74202 65290
74302 8139
74402 51865
74502 51585
74602 6406
74702 54881
74802 54740
74902 45992
75002 1078
75102 58834
75202 24535
75302 55643
75402 55953
75502 22734
75602 3269
75702 7186
75802 28751
75902 29338
76002 38373
76102 55959
76202 18203
76302 46091
76402 25283
76502 43946
76602 34865
76702 11366
76802 36252
76902 32497
77002 15084
77102 47202
77202 65235
77302 17799
77402 57291
77502 35628
77602 53418
77702 4168
77802 57310
77902 22921
78002 15769
78102 39968
78202 19359
78302 1261
78402 18692
78502 13245
78602 10038
78702 5525
78802 41653
78902 9557
79002 59966
79102 42413
79202 33936
79302 63364
79402 30399
79502 42379
79602 52687
79702 35333
79802 49025
79902 2190
80002 44667
80102 14657
80202 25261
80302 20874
80402 25224
80502 2760
80602 23067
80702 24646
80802 19684
80902 1245
81002 1117
81102 46490
81202 21765
81302 38034
81402 25249
81502 26487
81602 601
81702 59333
81802 64112
81902 7510
82002 17046
82102 21532
82202 50759
82302 35698
82402 58973
82502 24756
82602 19641
82702 10707
82802 5726
82902 44571
83002 5926
83102 49376
83202 55947
83302 38368
83402 44542
83502 54992
83602 8720
83702 47115
83802 8695
83902 30124
84002 1211
84102 23809
84202 51923
84302 60991
84402 62320
84502 9523
84602 2905
84702 50938
84802 19272
84902 52262
85002 57921
85102 22222
85202 13719
85302 37540
85402 44352
85502 29309
85602 18669
85702 31812
85802 36828
85902 28653
86002 15342
86102 42971
86202 53018
86302 39274
86402 23137
86502 41361
86602 19297
86702 26794
86802 2841
86902 59470
87002 64939
87102 17941
87202 21581
87302 12425
87402 8272
87502 12776
87602 14038
87702 13665
87802 62076
87902 42533
88002 12290
88102 40089
88202 60963
88302 47966
88402 57919
88502 55531
88602 13507
88702 21062
88802 23558
88902 37520
89002 474
89102 20308
89202 34859
89302 25167
89402 7643
89502 45069
89602 64022
89702 40
89802 63439
89902 50529
90002 3021
90102 22145
