102 22321
202 30866
302 42420
402 49426
502 62814
602 63893
702 16185
802 56102
902 65369
1002 32194
1102 27944
1202 20425
1302 152
1402 7347
1502 56454
1602 38065
1702 55156
1802 53603
1902 6512
2002 28755
2102 13108
2202 44326
2302 27413
2402 7401
2502 45357
2602 44014
2702 25803
2802 49349
2902 22093
3002 6702
3102 13699
3202 13009
3302 32317
3402 17004
3502 62193
3602 34778
3702 45786
3802 30830
3902 14564
4002 9648
4102 46820
4202 45724
4302 19393
4402 6245
4502 39026
4602 55348
4702 6866
4802 58070
4902 42502
5002 6718
5102 37697
5202 39046
5302 28785
5402 47934
5502 13509
5602 53941
5702 35513
5802 44101
5902 555
6002 44344
6102 59620
6202 18130
6302 19294
6402 55996
6502 32298
6602 12173
6702 32104
6802 3200
6902 2286
7002 41186
7102 45356
7202 45952
7302 45745
7402 60246
7502 7895
7602 25637
7702 2481
7802 34352
7902 11303
8002 38744
8102 41401
8202 21233
8302 54834
8402 41985
8502 24222
8602 7614
8702 27561
8802 27052
8902 55519
9002 28617
9102 57706
9202 42655
9302 26438
9402 35100
9502 38135
9602 63670
9702 12230
9802 27245
9902 11396
10002 29885
10102 56437
10202 56374
10302 51188
10402 3342
10502 57492
10602 53511
10702 16833
10802 8118
10902 20389
11002 26963
11102 11546
11202 39069
11302 5532
11402 16816
11502 13137
11602 60447
11702 38944
11802 45404
11902 65161
12002 36317
12102 33752
12202 36491
12302 40072
12402 54675
12502 60564
12602 29120
12702 54048
12802 44307
12902 6219
13002 24404
13102 56466
13202 32162
13302 6002
13402 20236
13502 34354
13602 163
13702 61918
13802 39810
13902 65474
14002 7860
14102 17732
14202 19519
14302 1812
14402 9102
14502 57974
14602 42673
14702 58559
14802 54083
14902 50385
15002 22395
15102 63040
15202 7033
15302 28520
15402 41208
15502 19955
15602 53200
15702 17388
15802 5639
15902 60298
16002 43380
16102 30431
16202 41789
16302 65213
16402 17886
16502 65457
16602 38789
16702 5362
16802 34971
16902 18383
17002 9363
17102 47342
17202 38337
17302 27371
17402 54202
17502 48525
17602 35433
17702 29049
17802 26525
17902 35210
18002 29014
18102 32567
18202 39941
18302 8668
18402 32120
18502 10361
18602 41483
18702 45431
18802 11896
18902 37543
19002 52982
19102 4118
19202 23020
19302 33452
19402 46486
19502 7055
19602 24907
19702 32989
19802 51648
19902 54448
20002 13271
20102 55530
20202 43615
20302 39118
20402 12059
20502 61247
20602 47330
20702 8492
20802 5493
20902 46893
21002 34256
21102 2684
21202 39413
21302 4450
21402 59552
21502 3230
21602 52085
21702 19630
21802 41348
21902 37748
22002 32946
22102 47569
22202 49222
22302 21209
22402 35187
22502 39454
22602 55551
22702 15387
22802 28927
22902 36386
23002 33183
23102 30163
23202 7714
23302 1136
23402 60835
23502 59529
23602 7531
23702 6319
23802 38425
23902 60459
24002 53572
24102 25266
24202 27086
24302 33414
24402 11706
24502 15148
24602 7195
24702 35284
24802 63348
24902 38504
25002 18616
25102 29651
25202 7488
25302 53539
25402 28457
25502 44892
25602 717
25702 41147
25802 2364
25902 21563
26002 12245
26102 33446
26202 16222
26302 41217
26402 3415
26502 45967
26602 12202
26702 8428
26802 14887
26902 56604
27002 45634
27102 21297
27202 33281
27302 11847
27402 38646
27502 19628
27602 5408
27702 34088
27802 52199
27902 50448
28002 38980
28102 7560
28202 41383
28302 48814
28402 9326
28502 49714
28602 32202
28702 51542
28802 32576
28902 6920
29002 14599
29102 39341
29202 52882
29302 51302
29402 22550
29502 273
29602 10719
29702 2854
29802 10226
29902 1920
30002 65108
30102 25797
30202 6982
30302 45733
30402 16425
30502 9964
30602 57892
30702 8262
30802 4210
30902 58628
31002 60543
31102 55122
31202 34629
31302 25288
31402 55587
31502 27234
31602 59995
31702 60384
31802 42135
31902 64791
32002 51910
32102 39865
32202 39387
32302 38439
32402 8
32502 22999
32602 60507
32702 22830
32802 16790
32902 9949
33002 7823
33102 7519
33202 39821
33302 27631
33402 48326
33502 21529
33602 21966
33702 53943
33802 1131
33902 55718
34002 49668
34102 28686
34202 47335
34302 4646
34402 47081
34502 23819
34602 38403
34702 25071
34802 25959
34902 42219
35002 36674
35102 24885
35202 35471
35302 2152
35402 9439
35502 18089
35602 48051
35702 3066
35802 28149
35902 39699
36002 21938
36102 17442
36202 4627
36302 13663
36402 60553
36502 64204
36602 43669
36702 34873
36802 40003
36902 11452
37002 15902
37102 25316
37202 29790
37302 5731
37402 34710
37502 65206
37602 65042
37702 1620
37802 48730
37902 2577
38002 26053
38102 31778
38202 4661
38302 12333
38402 40469
38502 42502
38602 16351
38702 39948
38802 30239
38902 17815
39002 5688
39102 18645
39202 59777
39302 60842
39402 42236
39502 4368
39602 8741
39702 37752
39802 38548
39902 33230
40002 58419
40102 19849
40202 44180
40302 47251
40402 63249
40502 33155
40602 51419
40702 27701
40802 6769
40902 24473
41002 2898
41102 63146
41202 752
41302 49146
41402 24322
41502 27870
41602 33254
41702 43276
41802 56930
41902 57490
42002 41973
42102 63862
42202 34598
42302 26426
42402 39719
42502 3605
42602 47524
42702 23381
42802 26955
42902 31626
43002 9090
43102 32602
43202 5667
43302 43745
43402 60657
43502 34863
43602 60798
43702 44957
43802 33713
43902 31129
44002 3487
44102 29339
44202 63987
44302 11478
44402 2728
44502 36038
44602 38561
44702 40245
44802 24350
44902 25618
45002 52640
45102 24382
45202 44424
45302 2215
45402 19118
45502 57369
45602 50075
45702 14260
45802 27555
45902 40892
46002 33313
46102 2871
46202 4645
46302 16276
46402 59962
46502 18100
46602 9115
46702 24766
46802 47422
46902 54194
47002 16777
47102 21533
47202 37890
47302 3955
47402 56827
47502 51799
47602 48414
47702 61611
47802 29164
47902 50061
48002 22981
48102 64518
48202 31328
48302 59362
48402 63901
48502 50202
48602 18884
48702 58965
48802 47158
48902 53317
49002 28936
49102 6822
49202 27926
49302 54316
49402 52376
49502 7120
49602 3172
49702 27902
49802 27920
49902 7796
50002 59056
50102 63079
50202 158
50302 36208
50402 16653
50502 57105
50602 15741
50702 42797
50802 7722
50902 62557
51002 7618
51102 46837
51202 32808
51302 25654
51402 48676
51502 13698
51602 21389
51702 64296
51802 12011
51902 746
52002 56349
52102 60048
52202 25498
52302 50321
52402 51806
52502 31737
52602 51621
52702 24651
52802 36766
52902 16240
53002 22601
53102 45569
53202 11258
53302 43797
53402 9789
53502 30767
53602 33095
53702 20999
53802 40636
53902 57155
54002 54339
54102 5511
54202 36773
54302 45894
54402 31917
54502 10864
54602 17627
54702 60734
54802 28453
54902 56434
55002 46468
55102 12603
55202 57730
55302 56889
55402 8497
55502 36920
55602 64264
55702 57943
55802 11134
55902 20602
56002 45780
56102 39653
56202 3535
56302 36322
56402 20960
56502 9425
56602 11290
56702 47199
56802 47658
56902 7494
57002 6189
57102 13136
57202 35750
57302 60184
57402 10616
57502 46086
57602 50922
57702 53125
57802 23673
57902 56835
58002 14697
58102 27802
58202 23503
58302 63302
58402 26445
58502 8988
58602 50521
58702 29921
58802 12323
58902 59038
59002 18317
59102 58476
59202 64062
59302 42092
59402 974
59502 27187
59602 8613
59702 23214
59802 12059
59902 46043
60002 8493
60102 64424
60202 5244
60302 8786
60402 50430
60502 24080
60602 33175
60702 12472
60802 21520
60902 46792
61002 24282
61102 18557
61202 33763
61302 64750
61402 19933
61502 62066
61602 18955
61702 38490
61802 20332
61902 28491
62002 3122
62102 5474
62202 55626
62302 23208
62402 30180
62502 50017
62602 17162
62702 1193
62802 48869
62902 55477
63002 40567
63102 38015
63202 44129
63302 35946
63402 38622
63502 58079
63602 42001
63702 42706
63802 852
63902 25950
64002 35254
64102 25372
64202 12119
64302 31246
64402 35409
64502 22048
64602 10637
64702 54406
64802 43956
64902 64837
65002 2384
65102 18762
65202 53515
65302 5819
65402 37482
65502 58909
65602 26529
65702 20695
65802 1475
65902 28819
66002 58486
66102 20402
66202 65522
66302 57092
66402 6079
66502 29979
66602 37088
66702 56469
66802 11124
66902 16026
67002 50026
67102 17716
67202 21764
67302 59986
67402 26454
67502 45872
67602 17348
67702 59258
67802 62756
67902 18188
68002 59121
68102 16842
68202 10627
68302 25044
68402 39819
68502 33745
68602 44834
68702 23262
68802 58365
68902 48144
69002 11997
69102 52649
69202 43469
69302 2329
69402 205
69502 23783
69602 42915
69702 62802
69802 21728
69902 62138
70002 36238
70102 36086
70202 13852
70302 44682
70402 4265
70502 14688
70602 43765
70702 38463
70802 48671
70902 13903
71002 56718
71102 48144
71202 61139
71302 30248
71402 6839
71502 24924
71602 43170
71702 34623
71802 40700
71902 40524
72002 2827
72102 64186
72202 49157
72302 46309
72402 30972
72502 2863
72602 24942
72702 61815
72802 42035
72902 3289
73002 1968
73102 43478
73202 24270
73302 31134
73402 50566
73502 9051
73602 62059
73702 13198
73802 63566
73902 54443
74002 4877
74102 13414
74202 39029
74302 20206
74402 21594
74502 7003
74602 32218
74702 31945
74802 21740
74902 39844
75002 10004
75102 24743
75202 39316
75302 6583
75402 58469
75502 34165
75602 38166
75702 5663
75802 3165
75902 626
76002 59919
76102 41778
76202 10319
76302 49471
76402 50184
76502 33451
76602 59091
76702 60095
76802 24486
76902 64240
77002 27893
77102 5257
77202 41078
77302 5476
77402 5858
77502 29095
77602 60162
77702 54110
77802 27811
77902 6055
78002 58176
78102 39884
78202 8517
78302 42573
78402 27448
78502 46361
78602 43737
78702 19965
78802 42976
78902 2808
79002 12575
79102 30912
79202 53284
79302 1966
79402 25015
79502 13817
79602 28907
79702 48931
79802 7947
79902 61322
80002 32326
80102 45109
80202 23641
80302 23422
80402 13004
80502 60533
80602 53842
80702 62294
80802 59256
80902 49830
81002 45531
81102 26611
81202 23769
81302 17573
81402 15603
81502 48147
81602 15130
81702 44686
81802 42500
81902 46884
82002 21791
82102 61932
82202 7081
82302 45766
82402 34457
82502 19402
82602 58269
82702 40140
82802 52503
82902 64461
83002 36927
83102 38745
83202 14267
83302 33993
83402 32677
83502 62913
83602 502
83702 26480
83802 50287
83902 23093
84002 12632
84102 62192
84202 46515
84302 34061
84402 39541
84502 18679
84602 20848
84702 57991
84802 23181
84902 14273
85002 20218
85102 36191
85202 48689
85302 19080
85402 21844
85502 16776
85602 19697
85702 62390
85802 17848
85902 59533
86002 20176
86102 46173
86202 48911
86302 10136
86402 53569
86502 64482
86602 24937
86702 45031
86802 17937
86902 112
87002 42740
87102 18644
87202 30979
87302 42235
87402 24612
87502 40544
87602 61089
87702 31744
87802 30876
87902 20995
88002 24901
88102 29438
88202 35491
88302 15724
88402 224
88502 15402
88602 46173
88702 24455
88802 49133
88902 1605
89002 10780
89102 56385
89202 27591
89302 60045
89402 20967
89502 11360
89602 35726
89702 14875
89802 5441
89902 46563
90002 38464
90102 26797
