102 60031
202 15822
302 8490
402 51373
502 22153
602 55068
702 1481
802 8345
902 3254
1002 1553
1102 50961
1202 59104
1302 408
1402 25506
1502 14759
1602 54320
1702 54834
1802 16958
1902 19715
2002 50338
2102 43879
2202 45330
2302 48726
2402 4834
2502 43071
2602 27229
2702 16775
2802 29885
2902 55867
3002 63655
3102 37036
3202 26925
3302 7109
3402 30389
3502 36611
3602 55704
3702 12691
3802 6586
3902 16702
4002 40769
4102 26040
4202 43568
4302 17444
4402 2241
4502 21805
4602 44881
4702 50882
4802 40951
4902 37640
5002 28731
5102 21248
5202 16848
5302 18711
5402 35096
5502 13282
5602 2865
5702 26296
5802 31117
5902 40518
6002 36174
6102 60959
6202 52038
6302 46913
6402 17011
6502 9773
6602 42405
6702 8530
6802 24199
6902 25797
7002 29597
7102 52856
7202 20590
7302 13672
7402 7045
7502 16881
7602 14391
7702 4162
7802 1107
7902 748
8002 49359
8102 8965
8202 4903
8302 409
8402 37136
8502 47746
8602 46754
8702 6363
8802 27776
8902 37155
9002 23772
9102 114
9202 64657
9302 45061
9402 54754
9502 26544
9602 14866
9702 22231
9802 20492
9902 54327
10002 44278
10102 56785
10202 8649
10302 1142
10402 10559
10502 64662
10602 4302
10702 25838
10802 5000
10902 40099
11002 5005
11102 30380
11202 15080
11302 14242
11402 45658
11502 49879
11602 54777
11702 49690
11802 26172
11902 20065
12002 18914
12102 8754
12202 44126
12302 36969
12402 20147
12502 38185
12602 2449
12702 45236
12802 28723
12902 49063
13002 51687
13102 36841
13202 1171
13302 60553
13402 6349
13502 12411
13602 48592
13702 831
13802 65127
13902 6486
14002 11320
14102 8975
14202 35510
14302 5937
14402 26522
14502 41095
14602 27122
14702 31430
14802 60939
14902 31982
15002 9591
15102 64350
15202 3563
15302 30560
15402 64386
15502 12971
15602 11763
15702 3872
15802 33027
15902 53393
16002 58262
16102 23850
16202 2993
16302 60308
16402 7250
16502 19228
16602 22243
16702 42149
16802 44944
16902 53681
17002 62930
17102 1887
17202 1616
17302 17693
17402 42987
17502 945
17602 30004
17702 13921
17802 36017
17902 26110
18002 33217
18102 11805
18202 51868
18302 60518
18402 7399
18502 13522
18602 23096
18702 61729
18802 56114
18902 58309
19002 21683
19102 46521
19202 1401
19302 4293
19402 43800
19502 38752
19602 55660
19702 49037
19802 53756
19902 3555
20002 36891
20102 16096
20202 13012
20302 27678
20402 38012
20502 27331
20602 22819
20702 46071
20802 55289
20902 28780
21002 26914
21102 8633
21202 48488
21302 973
21402 1742
21502 35997
21602 44153
21702 49690
21802 22258
21902 27257
22002 23217
22102 6834
22202 1782
22302 28126
22402 21364
22502 27661
22602 58550
22702 59816
22802 37797
22902 30771
23002 55299
23102 36884
23202 54205
23302 59283
23402 63809
23502 55283
23602 33994
23702 51728
23802 30383
23902 33245
24002 6853
24102 47135
24202 57095
24302 1809
24402 41825
24502 21162
24602 1104
24702 15590
24802 10551
24902 7796
25002 20074
25102 33251
25202 8588
25302 14302
25402 35116
25502 52281
25602 17677
25702 15333
25802 41367
25902 22534
26002 56126
26102 33040
26202 13596
26302 61218
26402 35200
26502 5088
26602 45843
26702 46262
26802 64586
26902 39910
27002 28806
27102 2903
27202 7041
27302 46193
27402 61418
27502 22069
27602 61778
27702 36553
27802 11446
27902 59888
28002 65511
28102 54792
28202 44432
28302 43205
28402 61706
28502 48491
28602 8195
28702 10401
28802 37226
28902 35510
29002 34144
29102 47938
29202 34866
29302 20426
29402 54188
29502 2598
29602 30882
29702 19736
29802 18631
29902 2804
30002 12406
30102 3148
30202 32874
30302 21804
30402 30800
30502 56880
30602 26762
30702 9480
30802 64956
30902 51555
31002 52846
31102 61075
31202 16112
31302 23834
31402 23147
31502 2167
31602 35147
31702 59458
31802 34717
31902 53162
32002 20270
32102 1906
32202 33561
32302 15223
32402 3992
32502 50240
32602 12190
32702 63241
32802 26428
32902 19913
33002 23706
33102 19719
33202 36791
33302 28663
33402 43578
33502 49045
33602 24920
33702 63118
33802 64065
33902 31146
34002 641
34102 29678
34202 63631
34302 45121
34402 1014
34502 57096
34602 4757
34702 16861
34802 13891
34902 57010
35002 18866
35102 65474
35202 43313
35302 55018
35402 41667
35502 47036
35602 44301
35702 37137
35802 60569
35902 24555
36002 19574
36102 50345
36202 22626
36302 46340
36402 20927
36502 49965
36602 18389
36702 42577
36802 58707
36902 50270
37002 48952
37102 61119
37202 2183
37302 40592
37402 19914
37502 11834
37602 41581
37702 17981
37802 46577
37902 18962
38002 44407
38102 19066
38202 33165
38302 18743
38402 41692
38502 39559
38602 21460
38702 44864
38802 8850
38902 42483
39002 31879
39102 21775
39202 8068
39302 15380
39402 5568
39502 54199
39602 591
39702 58943
39802 1224
39902 57694
40002 63107
40102 57242
40202 25944
40302 50654
40402 21059
40502 30572
40602 28024
40702 53
40802 64261
40902 13778
41002 19163
41102 2569
41202 36552
41302 18337
41402 11890
41502 11335
41602 16169
41702 26525
41802 60145
41902 40140
42002 63257
42102 85
42202 23477
42302 2830
42402 49425
42502 56018
42602 15252
42702 45009
42802 13752
42902 43833
43002 60815
43102 21255
43202 52351
43302 33674
43402 46318
43502 29419
43602 44456
43702 52523
43802 56083
43902 24612
44002 48411
44102 60999
44202 31843
44302 15536
44402 19795
44502 21762
44602 54746
44702 32578
44802 63900
44902 29933
45002 27325
45102 57024
45202 14713
45302 61528
45402 55526
45502 26792
45602 51723
45702 37634
45802 31850
45902 29315
46002 45055
46102 18968
46202 42381
46302 30445
46402 46208
46502 50506
46602 16546
46702 50617
46802 34185
46902 62137
47002 57178
47102 29511
47202 14609
47302 26442
47402 54893
47502 63889
47602 52779
47702 39467
47802 44951
47902 26107
48002 27545
48102 18399
48202 61193
48302 57002
48402 37018
48502 63722
48602 3001
48702 25189
48802 26313
48902 23395
49002 31433
49102 44211
49202 11512
49302 63107
49402 59946
49502 58453
49602 15656
49702 45421
49802 16003
49902 2008
50002 7148
50102 38055
50202 39373
50302 41400
50402 44983
50502 33416
50602 60216
50702 46689
50802 47171
50902 8781
51002 57418
51102 53207
51202 61022
51302 32346
51402 50607
51502 11877
51602 26838
51702 57377
51802 47125
51902 60820
52002 15825
52102 54401
52202 14899
52302 30552
52402 45383
52502 53787
52602 26266
52702 24470
52802 7702
52902 20922
53002 26870
53102 57326
53202 28359
53302 64020
53402 33502
53502 46906
53602 52126
53702 12302
53802 53181
53902 49756
54002 62325
54102 26818
54202 21574
54302 24908
54402 12039
54502 1251
54602 13062
54702 37666
54802 15046
54902 17064
55002 37795
55102 18516
55202 17745
55302 12998
55402 11134
55502 4322
55602 9612
55702 36028
55802 19886
55902 63568
56002 26998
56102 47761
56202 6427
56302 35643
56402 52797
56502 25171
56602 27893
56702 47103
56802 29259
56902 59952
57002 48199
57102 32437
57202 1503
57302 45588
57402 2098
57502 44828
57602 59695
57702 37776
57802 61169
57902 4258
58002 41294
58102 2941
58202 38225
58302 49618
58402 37641
58502 35612
58602 33803
58702 33720
58802 49001
58902 12342
59002 44735
59102 58877
59202 39635
59302 1163
59402 2328
59502 55582
59602 29354
59702 21655
59802 23334
59902 60694
60002 8195
60102 63388
60202 17801
60302 44432
60402 61824
60502 54689
60602 5437
60702 60086
60802 9537
60902 62625
61002 38657
61102 62460
61202 2518
61302 6825
61402 30883
61502 55030
61602 45056
61702 58968
61802 4562
61902 5494
62002 38611
62102 26021
62202 65188
62302 47785
62402 47216
62502 57788
62602 45080
62702 2386
62802 25692
62902 59656
63002 7940
63102 16643
63202 16925
63302 35012
63402 34577
63502 1519
63602 4273
63702 26207
63802 37373
63902 11054
64002 52116
64102 10552
64202 34628
64302 23232
64402 21042
64502 26092
64602 47815
64702 54890
64802 25304
64902 9034
65002 7911
65102 195
65202 45034
65302 26216
65402 32130
65502 25623
65602 25733
65702 37078
65802 37671
65902 41147
66002 43774
66102 42908
66202 63916
66302 11452
66402 53316
66502 34306
66602 20177
66702 50852
66802 62972
66902 55353
67002 62047
67102 22480
67202 49378
67302 14911
67402 11766
67502 16514
67602 50509
67702 55394
67802 38555
67902 14151
68002 40760
68102 51089
68202 6049
68302 46395
68402 25997
68502 14119
68602 61307
68702 13463
68802 54572
68902 44436
69002 31245
69102 21360
69202 59711
69302 34693
69402 22789
69502 45560
69602 36815
69702 17888
69802 61279
69902 42415
70002 17338
70102 38598
70202 28145
70302 1399
70402 14650
70502 55781
70602 56844
70702 25379
70802 54459
70902 8007
71002 51156
71102 15418
71202 36062
71302 28011
71402 58261
71502 56631
71602 55913
71702 27078
71802 54443
71902 61012
72002 46629
72102 65529
72202 43810
72302 52976
72402 42844
72502 2025
72602 47739
72702 28532
72802 17343
72902 23982
73002 60522
73102 50120
73202 27507
73302 26412
73402 26200
73502 41890
73602 57198
73702 36090
73802 14579
73902 40942
74002 47291
74102 33598
74202 37622
74302 61212
74402 24937
74502 47370
74602 53266
74702 57288
74802 58769
74902 56160
75002 60671
75102 20232
75202 22765
75302 40435
75402 30083
75502 12607
75602 26747
75702 41319
75802 13998
75902 56448
76002 17045
76102 39653
76202 19279
76302 58624
76402 23211
76502 22186
76602 42879
76702 44285
76802 55376
76902 38152
77002 23220
77102 12695
77202 12841
77302 1750
77402 565
77502 36032
77602 22198
77702 61531
77802 27458
77902 32311
78002 19755
78102 54902
78202 4449
78302 46238
78402 60837
78502 12962
78602 22345
78702 29902
78802 33840
78902 38555
79002 39908
79102 15653
79202 43561
79302 37083
79402 57287
79502 14592
79602 9924
79702 40800
79802 5325
79902 8116
80002 26571
80102 35034
80202 10025
80302 63664
80402 21551
80502 36985
80602 53210
80702 32919
80802 36217
80902 64823
81002 54765
81102 30737
81202 42426
81302 57989
81402 7335
81502 40980
81602 21266
81702 47134
81802 35304
81902 24532
82002 55426
82102 55913
82202 58989
82302 20137
82402 14053
82502 7620
82602 27861
82702 28055
82802 60402
82902 52220
83002 31804
83102 17169
83202 3965
83302 49376
83402 50767
83502 49469
83602 7470
83702 32408
83802 49943
83902 17388
84002 29749
84102 13666
84202 55399
84302 38460
84402 46199
84502 14948
84602 43302
84702 45478
84802 47471
84902 1158
85002 16004
85102 51637
85202 58886
85302 61188
85402 5144
85502 43743
85602 50496
85702 33385
85802 24956
85902 23649
86002 46634
86102 33598
86202 28142
86302 32940
86402 11266
86502 3630
86602 13371
86702 62689
86802 48613
86902 1454
87002 41256
87102 27588
87202 55486
87302 21822
87402 39774
87502 65352
87602 1059
87702 35126
87802 4623
87902 20321
88002 65059
88102 52560
88202 21453
88302 5929
88402 46106
88502 58222
88602 19094
88702 14544
88802 18958
88902 62154
89002 41989
89102 15916
89202 51614
89302 26748
89402 49415
89502 62375
89602 18256
89702 33256
89802 50732
89902 16228
90002 64312
90102 2210
