102 37824
202 3927
302 28828
402 19133
502 45171
602 43879
702 34139
802 61084
902 21678
1002 11597
1102 9470
1202 1877
1302 53017
1402 38089
1502 24185
1602 51579
1702 16760
1802 40618
1902 56306
2002 53052
2102 33803
2202 20320
2302 33834
2402 57224
2502 28797
2602 837
2702 17532
2802 42347
2902 32013
3002 18270
3102 37164
3202 32974
3302 16697
3402 44646
3502 5353
3602 17213
3702 35865
3802 24765
3902 64645
4002 25694
4102 60453
4202 33782
4302 34988
4402 65388
4502 59357
4602 16824
4702 49707
4802 30963
4902 42774
5002 61988
5102 63690
5202 37777
5302 10005
5402 934
5502 48510
5602 122
5702 47157
5802 11698
5902 60826
6002 5589
6102 4721
6202 43365
6302 63425
6402 21810
6502 24619
6602 34997
6702 59317
6802 11328
6902 46284
7002 61274
7102 31393
7202 59270
7302 33397
7402 35560
7502 20286
7602 33916
7702 59366
7802 28155
7902 26041
8002 64853
8102 55169
8202 40828
8302 19406
8402 30711
8502 44631
8602 38530
8702 34289
8802 27029
8902 43183
9002 56261
9102 26885
9202 48698
9302 26483
9402 39181
9502 65266
9602 30937
9702 35631
9802 52773
9902 61759
10002 63723
10102 23395
10202 63662
10302 42180
10402 27673
10502 62232
10602 28020
10702 37852
10802 58043
10902 42098
11002 20519
11102 43323
11202 7205
11302 54109
11402 42115
11502 17831
11602 61165
11702 8873
11802 50935
11902 26541
12002 52633
12102 60674
12202 49826
12302 18609
12402 6576
12502 32082
12602 37460
12702 65429
12802 63179
12902 39619
13002 19014
13102 7293
13202 56609
13302 57230
13402 38450
13502 3144
13602 42659
13702 37111
13802 18863
13902 52841
14002 51306
14102 27050
14202 6381
14302 61774
14402 8324
14502 21497
14602 48843
14702 64880
14802 19028
14902 6456
15002 9459
15102 48589
15202 17087
15302 47247
15402 20162
15502 52818
15602 55743
15702 38324
15802 61818
15902 50063
16002 33568
16102 20824
16202 1160
16302 33625
16402 26293
16502 61518
16602 45498
16702 23290
16802 26748
16902 27223
17002 20720
17102 2277
17202 34350
17302 27931
17402 49438
17502 40915
17602 61289
17702 44866
17802 47287
17902 38308
18002 54642
18102 39563
18202 4956
18302 5023
18402 62345
18502 11986
18602 19171
18702 37035
18802 21796
18902 12237
19002 61522
19102 56770
19202 61213
19302 11675
19402 44604
19502 5859
19602 15117
19702 6993
19802 34937
19902 42723
20002 61344
20102 53507
20202 54004
20302 54742
20402 43968
20502 24145
20602 22212
20702 53628
20802 41392
20902 22522
21002 20098
21102 15788
21202 14242
21302 60691
21402 32694
21502 37318
21602 45932
21702 15996
21802 28255
21902 8888
22002 46257
22102 39399
22202 9829
22302 63421
22402 285
22502 45911
22602 63986
22702 49090
22802 56062
22902 37682
23002 1795
23102 39556
23202 46184
23302 21191
23402 13019
23502 40590
23602 6811
23702 26036
23802 26358
23902 1436
24002 44374
24102 37869
24202 44930
24302 42367
24402 40801
24502 15654
24602 16236
24702 42623
24802 62215
24902 56032
25002 44572
25102 25299
25202 38331
25302 46257
25402 55079
25502 44087
25602 14479
25702 62402
25802 38758
25902 29000
26002 29689
26102 18992
26202 644
26302 18763
26402 19379
26502 25451
26602 47663
26702 38022
26802 47115
26902 44824
27002 38320
27102 37863
27202 53502
27302 61059
27402 42147
27502 14868
27602 52346
27702 36090
27802 3690
27902 31878
28002 54866
28102 55670
28202 47870
28302 55030
28402 29068
28502 7878
28602 15954
28702 27363
28802 42023
28902 45522
29002 26555
29102 25409
29202 10344
29302 7697
29402 15196
29502 40548
29602 15557
29702 50430
29802 37514
29902 32124
30002 63791
30102 59812
30202 48507
30302 58325
30402 18873
30502 24938
30602 8019
30702 22498
30802 47777
30902 61782
31002 9117
31102 13230
31202 58964
31302 28609
31402 39438
31502 39863
31602 31103
31702 26829
31802 35261
31902 34553
32002 2918
32102 20547
32202 6685
32302 38414
32402 47958
32502 35711
32602 62468
32702 59728
32802 18678
