102 15141
202 17836
302 46623
402 61907
502 53816
602 5663
702 27946
802 22465
902 7267
1002 26236
1102 44391
1202 54915
1302 41724
1402 24103
1502 57663
1602 33530
1702 11658
1802 8947
1902 58954
2002 5341
2102 39894
2202 57356
2302 43262
2402 24829
2502 60888
2602 52142
2702 55238
2802 9904
2902 50040
3002 25496
3102 6160
3202 60037
3302 48143
3402 38097
3502 7485
3602 40979
3702 59360
3802 2080
3902 5571
4002 1112
4102 7552
4202 9490
4302 824
4402 59404
4502 11799
4602 31110
4702 53945
4802 27819
4902 15438
5002 964
5102 53673
5202 60537
5302 34623
5402 43391
5502 37070
5602 61572
5702 40238
5802 20143
5902 56487
6002 5949
6102 26556
6202 28955
6302 40270
6402 25012
6502 8232
6602 24983
6702 24138
6802 42327
6902 47911
7002 33412
7102 52909
7202 35724
7302 31884
7402 61200
7502 25450
7602 24714
7702 62978
7802 10331
7902 12802
8002 8195
8102 26472
8202 8439
8302 39483
8402 27293
8502 56397
8602 508
8702 50130
8802 42789
8902 20765
9002 18416
9102 55383
9202 51330
9302 14909
9402 26240
9502 43816
9602 61265
9702 48508
9802 14224
9902 895
10002 44557
10102 35888
10202 19896
10302 40966
10402 10818
10502 37565
10602 60680
10702 37272
10802 2216
10902 29230
11002 28446
11102 38044
11202 61760
11302 3842
11402 58832
11502 23919
11602 46311
11702 19791
11802 60278
11902 47696
12002 14261
12102 7471
12202 63171
12302 30229
12402 44187
12502 21106
12602 42974
12702 3756
12802 62133
12902 34508
13002 40280
13102 15702
13202 58036
13302 36762
13402 40796
13502 41703
13602 20196
13702 38347
13802 27122
13902 63083
14002 14346
14102 40031
14202 24233
14302 13673
14402 64618
14502 57412
14602 8704
14702 52122
14802 19906
14902 46884
15002 29810
15102 6966
15202 46466
15302 1129
15402 3641
15502 12104
15602 53314
15702 37358
15802 8493
15902 23586
16002 27294
16102 15707
16202 50060
16302 5685
16402 17783
16502 37833
16602 43621
16702 1135
16802 17062
16902 3270
17002 64154
17102 19792
17202 25968
17302 4341
17402 9900
17502 16510
17602 20227
17702 29500
17802 16424
17902 65459
18002 21229
18102 38641
18202 52028
18302 39491
18402 1043
18502 13484
18602 29945
18702 26985
18802 12909
18902 15235
19002 34061
19102 57398
19202 44582
19302 17480
19402 53279
19502 52674
19602 41451
19702 32208
19802 60485
19902 258
20002 7274
20102 56517
20202 27267
20302 40315
20402 52282
20502 95
20602 28817
20702 2048
20802 54853
20902 63934
21002 48765
21102 55327
21202 20957
21302 16709
21402 15041
21502 12835
21602 53559
21702 11561
21802 28606
21902 16324
22002 58624
22102 20244
22202 15040
22302 5324
22402 1615
22502 6237
22602 33102
22702 45590
22802 40713
22902 31872
23002 50213
23102 42320
23202 26407
23302 29645
23402 65099
23502 11893
23602 8999
23702 42686
23802 48910
23902 34428
24002 24621
24102 38120
24202 50483
24302 15622
24402 64252
24502 61722
24602 7648
24702 36308
24802 65060
24902 6499
25002 44691
25102 64540
25202 17481
25302 594
25402 44472
25502 46065
25602 5881
25702 4550
25802 60074
25902 61109
26002 54753
26102 19851
26202 51027
26302 57707
26402 63406
26502 54876
26602 64246
26702 44009
26802 64251
26902 15982
27002 30303
27102 9381
27202 35893
27302 42302
27402 36378
27502 15352
27602 25404
27702 45406
27802 12868
27902 39846
28002 22823
28102 9442
28202 33960
28302 56234
28402 24285
28502 49526
28602 40068
28702 19722
28802 39423
28902 3069
29002 38869
29102 49504
29202 58453
29302 42551
29402 12415
29502 54051
29602 49502
29702 9434
29802 51247
29902 60526
30002 20908
30102 46075
30202 38173
30302 29566
30402 23487
30502 53677
30602 14266
30702 57332
30802 63330
30902 35041
31002 64124
31102 23344
31202 63241
31302 32992
31402 11142
31502 1399
31602 7711
31702 3621
31802 40343
31902 55239
32002 16501
32102 4956
32202 59634
32302 41255
32402 59182
32502 53260
32602 1399
32702 35198
32802 49559
32902 6772
33002 65320
33102 4884
33202 46494
33302 64708
33402 24753
33502 28276
33602 38318
33702 16851
33802 54484
33902 4519
34002 26105
34102 3309
34202 51284
34302 6044
34402 11122
34502 63110
34602 25454
34702 36269
34802 52333
34902 60342
35002 7092
35102 50545
35202 58641
35302 6856
35402 42743
35502 15562
35602 269
35702 24305
35802 60944
35902 57778
36002 59555
36102 57547
36202 12879
36302 53622
36402 16973
36502 19889
36602 60175
36702 46284
36802 20679
36902 2723
37002 49839
37102 13846
37202 51814
37302 12780
37402 36206
37502 58384
37602 38074
37702 55093
37802 59199
37902 30229
38002 46702
38102 23624
38202 34639
38302 36964
38402 1313
38502 36546
38602 44462
38702 45521
38802 34083
38902 48402
39002 5891
39102 29487
39202 51233
39302 29139
39402 62838
39502 50950
39602 7393
39702 34142
39802 35828
39902 29766
40002 56808
40102 16216
40202 19344
40302 63178
40402 37594
40502 17954
40602 43026
40702 54373
40802 7923
40902 55812
41002 41066
41102 12240
41202 31972
41302 11585
41402 24210
41502 13958
41602 21999
41702 39725
41802 46562
41902 44033
42002 49284
42102 27849
42202 16558
42302 29811
42402 43686
42502 38318
42602 36976
42702 48156
42802 60541
42902 36615
43002 5029
43102 45445
43202 37926
43302 2307
43402 59297
43502 61601
43602 61535
43702 36072
43802 46133
43902 9152
44002 61219
44102 56231
44202 16967
44302 63534
44402 34225
44502 49371
44602 4895
44702 48220
44802 16410
44902 16816
45002 5573
45102 13775
45202 36198
45302 57147
45402 30518
45502 54673
45602 11031
45702 64847
45802 10037
45902 41435
46002 20930
46102 47106
46202 48101
46302 49278
46402 35894
46502 21547
46602 4119
46702 19145
46802 13593
46902 5586
47002 32663
47102 37152
47202 54517
47302 4827
47402 64700
47502 6391
47602 39754
47702 57380
47802 161
47902 56540
48002 9561
48102 43645
48202 24947
48302 36884
48402 47252
48502 7675
48602 26617
48702 56678
48802 50591
48902 54420
49002 31064
49102 19058
49202 39014
49302 18810
49402 36546
49502 6385
49602 18874
49702 26021
49802 10405
49902 54751
50002 209
50102 56955
50202 51978
50302 10854
50402 46744
50502 59565
50602 1181
50702 27468
50802 24429
50902 46465
51002 51631
51102 49553
51202 60190
51302 54456
51402 17459
51502 33223
51602 24063
51702 60026
51802 27803
51902 18436
52002 50971
52102 50503
52202 49455
52302 35262
52402 60467
52502 52927
52602 57548
52702 41380
52802 58553
52902 1129
53002 18552
53102 40874
53202 50206
53302 13988
53402 52078
53502 55112
53602 28680
53702 18213
53802 7006
53902 37351
54002 62525
54102 33512
54202 759
54302 38074
54402 15429
54502 2582
54602 22441
54702 15206
54802 20327
54902 61196
55002 24126
55102 55913
55202 54836
55302 63118
55402 53712
55502 40421
55602 38323
55702 1857
55802 416
55902 12273
56002 9009
56102 3254
56202 53789
56302 18792
56402 29358
56502 54844
56602 4535
56702 35444
56802 60674
56902 34149
57002 24865
57102 31125
57202 36617
57302 9678
57402 46530
57502 27179
57602 60899
57702 36062
57802 32395
57902 40412
58002 45282
58102 27779
58202 11986
58302 42250
58402 39954
58502 13129
58602 46603
58702 20097
58802 60600
58902 46741
59002 14160
59102 15279
59202 34038
59302 8241
59402 55211
59502 10777
59602 63895
59702 34772
59802 33574
59902 10879
60002 17260
60102 21539
60202 24468
60302 61600
60402 65362
60502 34526
60602 7941
60702 9078
60802 56233
60902 19308
61002 15610
61102 11318
61202 60294
61302 3016
61402 28377
61502 36848
61602 17626
61702 46682
61802 38792
61902 58421
62002 62004
62102 30184
62202 14299
62302 42574
62402 51959
62502 16647
62602 21499
62702 46983
62802 3926
62902 30728
63002 38616
63102 59447
63202 63263
63302 63966
63402 64993
63502 1968
63602 39347
63702 30069
63802 13458
63902 24146
64002 53984
64102 46671
64202 57371
64302 13191
64402 22161
64502 14869
64602 29469
64702 35490
64802 47050
64902 47093
65002 12075
65102 29156
65202 59818
65302 37642
65402 43060
65502 2091
65602 55823
65702 29900
65802 10329
65902 2033
66002 24038
66102 43809
66202 34693
66302 14
66402 2489
66502 2165
66602 50054
66702 61468
66802 9468
66902 13098
67002 31393
67102 5549
67202 40977
67302 33024
67402 26881
67502 18390
67602 64637
67702 8524
67802 52294
67902 32475
68002 25815
68102 44847
68202 30841
68302 43951
68402 4255
68502 26110
68602 52017
68702 5586
68802 16955
68902 53052
69002 57824
69102 35089
69202 10857
69302 13131
69402 18772
69502 20206
69602 63216
69702 5097
69802 38468
69902 5526
70002 61263
70102 16235
70202 45424
70302 41567
70402 60114
70502 41438
70602 26336
70702 5996
70802 16222
70902 49889
71002 19198
71102 4279
71202 61771
71302 22595
71402 51739
71502 2220
71602 27085
71702 32600
71802 64481
71902 21833
72002 10673
72102 63185
72202 26224
72302 15570
72402 15244
72502 26075
72602 28908
72702 37585
72802 31933
72902 31746
73002 54103
73102 55445
73202 42133
73302 65244
73402 32613
73502 37337
73602 10622
73702 39573
73802 13173
73902 63698
74002 32961
74102 7705
74202 64944
74302 23781
74402 56558
74502 8657
74602 7460
74702 6684
74802 14290
74902 28671
75002 61090
75102 26224
75202 51820
75302 34514
75402 37688
75502 28096
75602 35592
75702 53803
75802 48684
75902 22265
76002 52101
76102 631
76202 5109
76302 4382
76402 42491
76502 179
76602 61517
76702 33071
76802 48941
76902 52562
77002 28512
77102 59423
77202 63676
77302 64040
77402 30784
77502 44037
77602 22600
77702 41923
77802 45452
77902 31892
78002 32063
78102 1401
78202 30471
78302 10458
78402 901
78502 25895
78602 46836
78702 54337
78802 61681
78902 31435
79002 56219
79102 29597
79202 35908
79302 35629
79402 10840
79502 40748
79602 20841
79702 101
79802 42043
79902 57059
80002 61738
80102 14903
80202 19148
80302 40564
80402 13165
80502 3235
80602 48659
80702 7348
80802 43358
80902 33952
81002 48367
81102 29047
81202 43513
81302 39539
81402 49836
81502 28850
81602 29046
81702 53367
81802 60093
81902 4510
82002 22710
82102 31681
82202 2906
82302 8386
82402 39723
82502 41750
82602 57803
82702 34000
82802 37120
82902 19794
83002 64686
83102 1457
83202 59846
83302 22001
83402 52227
83502 32895
83602 4387
83702 10579
83802 13330
83902 37223
84002 27343
84102 22663
84202 30637
84302 26988
84402 62408
84502 14891
84602 43189
84702 28484
84802 46444
84902 51696
85002 5786
85102 9743
85202 18732
85302 64712
85402 26714
85502 37266
85602 57972
85702 34989
85802 25688
85902 44442
86002 8750
86102 24072
86202 40537
86302 48601
86402 4474
86502 462
86602 11158
86702 24508
86802 1767
86902 48168
87002 55075
87102 7920
87202 29130
87302 5645
87402 54850
87502 9283
87602 21944
87702 25368
87802 58039
87902 49695
88002 57041
88102 27339
88202 43392
88302 20278
88402 42289
88502 43987
88602 23151
88702 12106
88802 49330
88902 39359
89002 29718
89102 22953
89202 56972
89302 15107
89402 61305
89502 15232
89602 24122
89702 37643
89802 5734
89902 38433
90002 57346
90102 65035
90202 50540
