102 31271
202 7849
302 48309
402 15607
502 33311
602 47316
702 51369
802 57759
902 29187
1002 7146
1102 58593
1202 4829
1302 20822
1402 35601
1502 13454
1602 3743
1702 55400
1802 57680
1902 31306
2002 57324
2102 9751
2202 59314
2302 20475
2402 62688
2502 57847
2602 12219
2702 38322
2802 45933
2902 61614
3002 57442
3102 37160
3202 50131
3302 23381
3402 39432
3502 32023
3602 3612
3702 32850
3802 6657
3902 40592
4002 15996
4102 7951
4202 21986
4302 50487
4402 56204
4502 56956
4602 46610
4702 47443
4802 41898
4902 35224
5002 44400
5102 38480
5202 65096
5302 29174
5402 41959
5502 58325
5602 19672
5702 60406
5802 6785
5902 37113
6002 49084
6102 61932
6202 4123
6302 40052
6402 43018
6502 11783
6602 60888
6702 11040
6802 37197
6902 3655
7002 47809
7102 44680
7202 50397
7302 49488
7402 35381
7502 12717
7602 64037
7702 59219
7802 52204
7902 19920
8002 27716
8102 1600
8202 52138
8302 18410
8402 32051
8502 6119
8602 39368
8702 29384
8802 5003
8902 56187
9002 20229
9102 63129
9202 22936
9302 2909
9402 43948
9502 21186
9602 14070
9702 21087
9802 57109
9902 62300
10002 18092
10102 33870
10202 54310
10302 46299
10402 29907
10502 8442
10602 35669
10702 51499
10802 41746
10902 47636
11002 9846
11102 49814
11202 53352
11302 63422
11402 7560
11502 5946
11602 57710
11702 37460
11802 54780
11902 51735
12002 32425
12102 6269
12202 4283
12302 42471
12402 49748
12502 13974
12602 35066
12702 35435
12802 26496
12902 10906
13002 1388
13102 11705
13202 40316
13302 31888
13402 3223
13502 9602
13602 52411
13702 1777
13802 15417
13902 44270
14002 15388
14102 360
14202 32155
14302 47174
14402 26252
14502 65101
14602 7195
14702 36165
14802 1103
14902 36028
15002 61353
15102 23971
15202 33452
15302 14279
15402 11876
15502 12824
15602 6348
15702 19627
15802 16062
15902 26848
16002 24199
16102 23175
16202 30240
16302 8701
16402 53576
16502 41846
16602 13590
16702 56156
16802 3617
16902 16124
17002 48541
17102 55809
17202 59868
17302 11535
17402 32969
17502 4357
17602 58786
17702 39268
17802 9039
17902 61128
18002 29845
18102 59790
18202 45524
18302 55267
18402 35199
18502 47683
18602 6098
18702 20616
18802 22863
18902 46458
19002 51571
19102 18359
19202 41777
19302 36780
19402 47519
19502 52174
19602 29491
19702 29850
19802 29289
19902 36245
20002 38681
20102 28802
20202 42593
20302 24842
20402 63235
20502 19660
20602 44329
20702 8610
20802 27021
20902 8136
21002 18812
21102 64270
21202 23655
21302 25939
21402 164
21502 59946
21602 29313
21702 59398
21802 64263
21902 11198
22002 2515
22102 54552
22202 45448
22302 57368
22402 37686
22502 5036
22602 8102
22702 49104
22802 4515
22902 53701
23002 45355
23102 28289
23202 8928
23302 4749
23402 47256
23502 64074
23602 8396
23702 54691
23802 52983
23902 31637
24002 31758
24102 22363
24202 50330
24302 22883
24402 21788
24502 40388
24602 61638
24702 60881
24802 65309
24902 20602
25002 57791
25102 55672
25202 31782
25302 63287
25402 24948
25502 27141
25602 30244
25702 34128
25802 8011
25902 39637
26002 43590
26102 7864
26202 14435
26302 17046
26402 52612
26502 33308
26602 8412
26702 8205
26802 21300
26902 36412
27002 2330
27102 42267
27202 42271
27302 24324
27402 10978
27502 50605
27602 56893
27702 45318
27802 42972
27902 50473
28002 4469
28102 26270
28202 17915
28302 29873
28402 22012
28502 17824
28602 43242
28702 48965
28802 7087
28902 50795
29002 34890
29102 8112
29202 57949
29302 34163
29402 15818
29502 14265
29602 43986
29702 32103
29802 22099
29902 21806
30002 59454
30102 57336
30202 5959
30302 25934
30402 43558
30502 28885
30602 4452
30702 5903
30802 26468
30902 18349
31002 44250
31102 17423
31202 61862
31302 63023
31402 43555
31502 15819
31602 21843
31702 3554
31802 39530
31902 59221
32002 55670
32102 21104
32202 36210
32302 55158
32402 21127
32502 5551
32602 50633
32702 10841
32802 27024
32902 25253
33002 45236
33102 40585
33202 49675
33302 25169
33402 23337
33502 61054
33602 60648
33702 19539
33802 6746
33902 29068
34002 33272
34102 12803
34202 52578
34302 17547
34402 57398
34502 52994
34602 48
34702 22491
34802 24417
34902 11367
35002 5825
35102 36732
35202 54065
35302 48803
35402 46692
35502 11506
35602 20010
35702 1642
35802 4491
35902 3781
36002 24874
36102 32298
36202 54455
36302 65064
36402 36084
36502 48018
36602 30236
36702 58039
36802 3070
36902 52105
37002 53837
37102 13761
37202 50333
37302 43912
37402 19293
37502 33917
37602 29075
37702 26656
37802 40072
37902 62834
38002 60499
38102 24232
38202 39973
38302 27490
38402 59017
38502 2857
38602 14852
38702 180
38802 20007
38902 64504
39002 27326
39102 7050
39202 45553
39302 29004
39402 62326
39502 5372
39602 48897
39702 9427
39802 1427
39902 15915
40002 32739
40102 36526
40202 58924
40302 31207
40402 60392
40502 23550
40602 62885
40702 26416
40802 53320
40902 13613
41002 41438
41102 20491
41202 50131
41302 7483
41402 52473
41502 58857
41602 44902
41702 59263
41802 15755
41902 52805
42002 29684
42102 18474
42202 45546
42302 54418
42402 2352
42502 8225
42602 23714
42702 21498
42802 19880
42902 22272
43002 12852
43102 28828
43202 24508
43302 5237
43402 5385
43502 1853
43602 17538
43702 62605
43802 19349
43902 48704
44002 37927
44102 59034
44202 23813
44302 19735
44402 32815
44502 45626
44602 49792
44702 44547
44802 60095
44902 34134
45002 25051
45102 28922
45202 4403
45302 42856
45402 45772
45502 11780
45602 46942
45702 31156
45802 17749
45902 18806
46002 46583
46102 14843
46202 52717
46302 14572
46402 29387
46502 40503
46602 24976
46702 6382
46802 3179
46902 40561
47002 33526
47102 4039
47202 32867
47302 17007
47402 46395
47502 29788
47602 2153
47702 46840
47802 51003
47902 35395
48002 39006
48102 18080
48202 25961
48302 47279
48402 39199
48502 24236
48602 4649
48702 28307
48802 29797
48902 9865
49002 1911
49102 58082
49202 2062
49302 41357
49402 43944
49502 55568
49602 55386
49702 19659
49802 39174
49902 58278
50002 54426
50102 43044
50202 10378
50302 20020
50402 49191
50502 44346
50602 60758
50702 2907
50802 27271
50902 20065
51002 4091
51102 40415
51202 22622
51302 31474
51402 56894
51502 56086
51602 48170
51702 27719
51802 42168
51902 43902
52002 16389
52102 44591
52202 3825
52302 45646
52402 52507
52502 17992
52602 20125
52702 64106
52802 20582
52902 11391
53002 25006
53102 8460
53202 1308
53302 28255
53402 17053
53502 15745
53602 26029
53702 18246
53802 18801
53902 2800
54002 42295
54102 65102
54202 33662
54302 20369
54402 65341
54502 47772
54602 29103
54702 31205
54802 59336
54902 20984
55002 10239
55102 60462
55202 46180
55302 41760
55402 13750
55502 16345
55602 38293
55702 47528
55802 55138
55902 21716
56002 19655
56102 61276
56202 40062
56302 19386
56402 17284
56502 45935
56602 18428
56702 28321
56802 49838
56902 48659
57002 21938
57102 12434
57202 7485
57302 55195
57402 3553
57502 48496
57602 59683
57702 61807
57802 52825
57902 22003
58002 32021
58102 5367
58202 35147
58302 35751
58402 8433
58502 14329
58602 22622
58702 47103
58802 27210
58902 1104
59002 30935
59102 5048
59202 54159
59302 52736
59402 63926
59502 27487
59602 31846
59702 46476
59802 13841
59902 8297
60002 42345
60102 18247
60202 31219
60302 42202
60402 13176
60502 1180
60602 30867
60702 49964
60802 38934
60902 10157
61002 37404
61102 46245
61202 874
61302 3426
61402 44054
61502 780
61602 5701
61702 61421
61802 10533
61902 49217
62002 35234
62102 32151
62202 59872
62302 53720
62402 22385
62502 2939
62602 52816
62702 49102
62802 14872
62902 15132
63002 5496
63102 29558
63202 37863
63302 5730
63402 34290
63502 20004
63602 63787
63702 65267
63802 34744
63902 11100
64002 38211
64102 11429
64202 6468
64302 59547
64402 16776
64502 48216
64602 37936
64702 47883
64802 46948
64902 4085
65002 22518
65102 51797
65202 1641
65302 44244
65402 52822
65502 28960
65602 41547
65702 57830
65802 16787
65902 28719
66002 64851
66102 37718
66202 32811
66302 19392
66402 32443
66502 60623
66602 50928
66702 56950
66802 9619
66902 31449
67002 18903
67102 55626
67202 58074
67302 3542
67402 34259
67502 24214
67602 59437
67702 14227
67802 57212
67902 10509
68002 1657
68102 25410
68202 38477
68302 1435
68402 21208
68502 18676
68602 64339
68702 38024
68802 2135
68902 29244
69002 51023
69102 25990
69202 20175
69302 64868
69402 9061
69502 30868
69602 4492
69702 34013
69802 10319
69902 15757
70002 38454
70102 28649
70202 4405
70302 13819
70402 3800
70502 9635
70602 42892
70702 28844
70802 60840
70902 64170
71002 56331
71102 37402
71202 48189
71302 4942
71402 6592
71502 38951
71602 64952
71702 40503
71802 23691
71902 30615
72002 36812
72102 8468
72202 22335
72302 25857
72402 61787
72502 39572
72602 57607
72702 63380
72802 11161
72902 47305
73002 58143
73102 38921
73202 60887
73302 64517
73402 23292
73502 28235
73602 46959
73702 25710
73802 124
73902 52380
74002 15645
74102 62575
74202 16979
74302 9976
74402 1128
74502 65097
74602 57057
74702 13115
74802 6298
74902 569
75002 64865
75102 62065
75202 44724
75302 45293
75402 49485
75502 47571
75602 8408
75702 42487
75802 35558
75902 7193
76002 3009
76102 46342
76202 52542
76302 3294
76402 17156
76502 19118
76602 32164
76702 36125
76802 45969
76902 9863
77002 28012
77102 23595
77202 9038
77302 58761
77402 46675
77502 55866
77602 21681
77702 50945
77802 34962
77902 65363
78002 6905
78102 11606
78202 790
78302 6559
78402 17211
78502 52716
78602 62298
78702 41061
78802 22966
78902 7161
79002 23093
79102 55235
79202 45871
79302 49625
79402 27937
79502 51646
79602 50349
79702 41984
79802 26798
79902 53515
80002 38512
80102 59942
80202 777
80302 54566
80402 16945
80502 3537
80602 34185
80702 17600
80802 9782
80902 13444
81002 41632
81102 35094
81202 64814
81302 31471
81402 62469
81502 62197
81602 12662
81702 3107
81802 61193
81902 33809
82002 57470
82102 38011
82202 63226
82302 58418
82402 7143
82502 30638
82602 31973
82702 57706
82802 796
82902 23176
83002 3015
83102 16965
83202 24920
83302 16920
83402 28127
83502 8365
83602 6761
83702 50123
83802 61059
83902 23286
84002 26703
84102 58150
84202 11201
84302 35820
84402 18130
84502 44120
84602 10342
84702 4840
84802 14139
84902 18643
85002 9066
85102 30759
85202 53414
85302 24295
85402 58084
85502 20193
85602 20255
85702 53620
85802 54351
85902 41586
86002 3512
86102 63512
86202 54478
86302 46878
86402 48830
86502 6725
86602 4210
86702 63447
86802 1511
86902 33535
87002 33762
87102 26808
87202 18497
87302 50020
87402 56675
87502 8438
87602 20921
87702 3602
87802 39417
87902 39360
88002 37951
88102 63945
88202 31069
88302 623
88402 6806
88502 25742
88602 46784
88702 29799
88802 12750
88902 63896
89002 4218
89102 544
89202 4024
89302 604
89402 38708
89502 42018
89602 36902
89702 56318
89802 34688
89902 32803
90002 35681
90102 44752
