102 43059
202 53600
302 1440
402 40716
502 47205
602 6860
702 43600
802 38492
902 20949
1002 61905
1102 64584
1202 42723
1302 11237
1402 12062
1502 9641
1602 26371
1702 34745
1802 51788
1902 48151
2002 39852
2102 38899
2202 30244
2302 12248
2402 55602
2502 35741
2602 28084
2702 23069
2802 16308
2902 32347
3002 55190
3102 50246
3202 35389
3302 61527
3402 16311
3502 48469
3602 44797
3702 57730
3802 38472
3902 54859
4002 49991
4102 62100
4202 27
4302 14821
4402 3119
4502 51735
4602 55528
4702 37909
4802 52918
4902 11724
5002 4590
5102 635
5202 42257
5302 35472
5402 29997
5502 53320
5602 37458
5702 33947
5802 12638
5902 44540
6002 16705
6102 26410
6202 48612
6302 33779
6402 6487
6502 35792
6602 57632
6702 48257
6802 55113
6902 41220
7002 54297
7102 11032
7202 2331
7302 36711
7402 35142
7502 19780
7602 11135
7702 39121
7802 32798
7902 8999
8002 15270
8102 40960
8202 43175
8302 6885
8402 17023
8502 23382
8602 24336
8702 1686
8802 36994
8902 25851
9002 63374
9102 39594
9202 38516
9302 24920
9402 53433
9502 7261
9602 53455
9702 19781
9802 35223
9902 41799
10002 3328
10102 38050
10202 60119
10302 51534
10402 90
10502 47068
10602 26426
10702 19810
10802 52828
10902 16832
11002 6354
11102 54200
11202 42125
11302 28730
11402 50391
11502 917
11602 31480
11702 27090
11802 30248
11902 19922
12002 29569
12102 33698
12202 32678
12302 25322
12402 17117
12502 54800
12602 26051
12702 63761
12802 54667
12902 48402
13002 16027
13102 43634
13202 20169
13302 31190
13402 46717
13502 65469
13602 28091
13702 46464
13802 13361
13902 33591
14002 22629
14102 52985
14202 10214
14302 39590
14402 23801
14502 39613
14602 19647
14702 33947
14802 56128
14902 10368
15002 23364
15102 19052
15202 40322
15302 47817
15402 31104
15502 48243
15602 56461
15702 60924
15802 26077
15902 29348
16002 17333
16102 13538
16202 15348
16302 52154
16402 40023
16502 56651
16602 25697
16702 37882
16802 18744
16902 58048
17002 19972
17102 61272
17202 30859
17302 45032
17402 35796
17502 35941
17602 45060
17702 56882
17802 6967
17902 18530
18002 36208
18102 62250
18202 24405
18302 39821
18402 27274
18502 39995
18602 37934
18702 14637
18802 6159
18902 59856
19002 42429
19102 22167
19202 8748
19302 37623
19402 24044
19502 40699
19602 37638
19702 768
19802 58104
19902 65289
20002 10912
20102 52559
20202 63223
20302 18589
20402 15027
20502 42924
20602 61962
20702 62191
20802 58594
20902 3276
21002 47243
21102 46092
21202 64293
21302 54792
21402 25990
21502 3975
21602 16878
21702 59463
21802 38176
21902 6037
22002 11413
22102 65063
22202 9113
22302 18872
22402 20200
22502 27168
22602 47596
22702 12981
22802 56931
22902 44321
23002 18658
23102 24039
23202 13689
23302 59599
23402 35167
23502 24887
23602 33805
23702 51986
23802 8163
23902 58454
24002 18051
24102 12257
24202 49496
24302 40368
24402 52590
24502 25157
24602 6030
24702 29535
24802 55561
24902 40107
25002 21774
25102 44485
25202 24328
25302 65222
25402 12776
25502 45544
25602 7241
25702 1815
25802 1621
25902 64027
26002 7989
26102 3059
26202 1711
26302 61134
26402 49563
26502 35751
26602 62459
26702 23452
26802 48829
26902 34119
27002 63433
27102 24641
27202 64831
27302 64194
27402 45022
27502 22983
27602 56962
27702 44383
27802 55683
27902 29711
28002 15227
28102 7206
28202 49278
28302 48878
28402 36681
28502 30474
28602 6942
28702 24252
28802 2751
28902 28742
29002 51069
29102 20123
29202 45319
29302 51416
29402 48859
29502 57321
29602 10006
29702 13591
29802 12857
29902 15338
30002 13303
30102 53716
30202 36894
30302 62949
30402 26371
30502 46872
30602 30006
30702 31579
30802 8989
30902 20786
31002 35113
31102 21182
31202 9636
31302 40742
31402 25775
31502 54002
31602 26992
31702 13786
31802 35706
31902 8290
32002 62036
32102 35295
32202 5602
32302 52125
32402 11089
32502 7002
32602 41662
32702 12166
32802 62664
32902 36195
33002 22567
33102 10433
33202 39012
33302 22308
33402 45253
33502 23646
33602 47525
33702 36925
33802 59588
33902 57227
34002 63465
34102 1844
34202 33364
34302 42957
34402 40557
34502 8863
34602 59540
34702 59540
34802 24875
34902 53005
35002 37348
35102 8246
35202 2602
35302 27435
35402 32093
35502 64078
35602 30801
35702 10448
35802 13902
35902 17930
36002 11968
36102 34032
36202 57585
36302 9493
36402 59703
36502 59243
36602 37438
36702 34655
36802 19929
36902 51467
37002 58909
37102 7753
37202 64589
37302 32081
37402 6785
37502 8261
37602 49811
37702 57237
37802 41888
37902 16455
38002 44861
38102 53055
38202 6460
38302 46265
38402 46968
38502 16737
38602 55406
38702 22005
38802 32934
38902 64402
39002 42340
39102 3368
39202 47181
39302 21818
39402 40588
39502 5675
39602 45117
39702 25449
39802 34076
39902 5881
40002 35697
40102 22625
40202 6927
40302 2293
40402 43932
40502 42326
40602 17272
40702 55671
40802 17490
40902 61186
41002 36964
41102 58481
41202 11477
41302 33694
41402 21562
41502 2225
41602 23788
41702 4865
41802 14676
41902 13959
42002 40319
42102 8409
42202 63755
42302 18523
42402 20235
42502 39463
42602 4341
42702 39774
42802 48725
42902 25842
43002 36993
43102 33142
43202 25970
43302 27592
43402 35704
43502 14499
43602 34584
43702 10730
43802 23706
43902 4705
44002 22927
44102 31395
44202 32184
44302 47241
44402 59982
44502 41802
44602 35069
44702 28248
44802 3678
44902 11906
45002 28552
45102 56766
45202 11228
45302 63094
45402 7805
45502 46825
45602 12503
45702 60382
45802 59805
45902 27484
46002 36337
46102 16691
46202 55876
46302 46698
46402 29103
46502 62092
46602 51727
46702 58160
46802 18272
46902 41864
47002 45734
47102 26112
47202 42783
47302 42064
47402 36943
47502 40575
47602 47626
47702 26150
47802 26388
47902 61163
48002 37357
48102 20435
48202 10044
48302 61468
48402 38998
48502 24707
48602 9173
48702 61768
48802 33881
48902 4627
49002 53659
49102 14423
49202 1698
49302 62219
49402 53582
49502 18224
49602 37129
49702 44528
49802 25589
49902 15621
50002 6421
50102 13019
50202 61051
50302 50137
50402 20059
50502 41570
50602 11003
50702 51269
50802 32783
50902 21788
51002 540
51102 52819
51202 48225
51302 50917
51402 45943
51502 17495
51602 42015
51702 30369
51802 17061
51902 916
52002 42751
52102 16521
52202 7254
52302 59133
52402 1402
52502 41811
52602 17434
52702 60228
52802 12258
52902 8867
53002 56370
53102 54584
53202 38636
53302 34808
53402 46949
53502 54590
53602 63910
53702 44154
53802 50275
53902 64831
54002 39866
54102 55520
54202 35646
54302 3596
54402 29963
54502 20183
54602 38942
54702 22351
54802 45890
54902 26389
55002 65110
55102 44735
55202 35912
55302 37552
55402 42658
55502 46316
55602 425
55702 46849
55802 31728
55902 35279
56002 11154
56102 53112
56202 58259
56302 45795
56402 5703
56502 7739
56602 44566
56702 64332
56802 7531
56902 23237
57002 31319
57102 30588
57202 39760
57302 8716
57402 32811
57502 22619
57602 25927
57702 43167
57802 36530
57902 11485
58002 5876
58102 31121
58202 57634
58302 20960
58402 17725
58502 8113
58602 43933
58702 5698
58802 1167
58902 32324
59002 56095
59102 64522
59202 58037
59302 51806
59402 7026
59502 30301
59602 40366
59702 44859
59802 14767
59902 1923
60002 19039
60102 11147
60202 55949
60302 16711
60402 36676
60502 36824
60602 1011
60702 28136
60802 20306
60902 55993
61002 35827
61102 14280
61202 5158
61302 31003
61402 52453
61502 8119
61602 852
61702 13220
61802 60992
61902 47321
62002 20564
62102 38568
62202 16478
62302 39580
62402 33839
62502 38404
62602 49323
62702 23193
62802 42357
62902 45797
63002 31826
63102 6878
63202 23229
63302 19043
63402 27166
63502 62613
63602 16618
63702 45671
63802 3472
63902 4982
64002 784
64102 44519
64202 38792
64302 38745
64402 39543
64502 32796
64602 20281
64702 8048
64802 63369
64902 40683
65002 65276
65102 50479
65202 7787
65302 65443
65402 24230
65502 45803
65602 38440
65702 3885
65802 47091
65902 23578
66002 42020
66102 53031
66202 37774
66302 4404
66402 7347
66502 19429
66602 42397
66702 34512
66802 23863
66902 37133
67002 3220
67102 12970
67202 60008
67302 28843
67402 9294
67502 33573
67602 6203
67702 11541
67802 4137
67902 60304
68002 9123
68102 5809
68202 61475
68302 21683
68402 62478
68502 54631
68602 27792
68702 64453
68802 33343
68902 51628
69002 60466
69102 29433
69202 58620
69302 48292
69402 4324
69502 43141
69602 6554
69702 53804
69802 29521
69902 10338
70002 37571
70102 51443
70202 39743
70302 25388
70402 7446
70502 28245
70602 18969
70702 17511
70802 27107
70902 32175
71002 7712
71102 61022
71202 59116
71302 13593
71402 54408
71502 22406
71602 59609
71702 24535
71802 41480
71902 61998
72002 62894
72102 33923
72202 22433
72302 59696
72402 37274
72502 13804
72602 14959
72702 4509
72802 42437
72902 51588
73002 48212
73102 5796
73202 38970
73302 23757
73402 37834
73502 46369
73602 24706
73702 54931
73802 10607
73902 30201
74002 59390
74102 10053
74202 2499
74302 63465
74402 39148
74502 40050
74602 36836
74702 58693
74802 2744
74902 35173
75002 22787
75102 5969
75202 58519
75302 35431
75402 47194
75502 46161
75602 10006
75702 31314
75802 18512
75902 7903
76002 12713
76102 53989
76202 26917
76302 14745
76402 1904
76502 50082
76602 10638
76702 9100
76802 42263
76902 23253
77002 9399
77102 28980
77202 10022
77302 61074
77402 5512
77502 24011
77602 20029
77702 40022
77802 14708
77902 11086
78002 7556
78102 51456
78202 55109
78302 26778
78402 17416
78502 1022
78602 37082
78702 40810
78802 3234
78902 45769
79002 9973
79102 28431
79202 33072
79302 56432
79402 24648
79502 15389
79602 17757
79702 50219
79802 4461
79902 47763
80002 30964
80102 12688
80202 36319
80302 65042
80402 60238
80502 3378
80602 28074
80702 27341
80802 19493
80902 20502
81002 4164
81102 53479
81202 9611
81302 52603
81402 2809
81502 53871
81602 20349
81702 50334
81802 49926
81902 45118
82002 44923
82102 49
82202 59394
82302 9491
82402 16468
82502 55888
82602 53140
82702 35959
82802 24507
82902 44595
83002 14974
83102 7845
83202 20183
83302 3582
83402 43334
83502 64873
83602 5387
83702 26131
83802 25137
83902 57654
84002 398
84102 46900
84202 39953
84302 36069
84402 28459
84502 25573
84602 65502
84702 19519
84802 11515
84902 16000
85002 1383
85102 58313
85202 40960
85302 12871
85402 23196
85502 37558
85602 61394
85702 44470
85802 1335
85902 48972
86002 63384
86102 55554
86202 33291
86302 15055
86402 15266
86502 23197
86602 795
86702 41011
86802 53040
86902 5606
87002 49151
87102 52242
87202 20045
87302 23207
87402 53358
87502 58258
87602 63693
87702 31950
87802 39574
87902 23163
88002 17928
88102 62882
88202 27510
88302 44046
88402 54176
88502 19957
88602 32864
88702 28710
88802 502
88902 52138
89002 5935
89102 27715
89202 6900
89302 29140
89402 28398
89502 36485
89602 14010
89702 40141
89802 28282
89902 24593
90002 52393
90102 50033
