102 18448
202 16521
302 55664
402 12308
502 15094
602 18220
702 13987
802 39490
902 45025
1002 32100
1102 55808
1202 27302
1302 27843
1402 15904
1502 31624
1602 9384
1702 47124
1802 37411
1902 14015
2002 37945
2102 33638
2202 54261
2302 7501
2402 28434
2502 15760
2602 31603
2702 7472
2802 16218
2902 64299
3002 63066
3102 31912
3202 28300
3302 36206
3402 55113
3502 16604
3602 15439
3702 52718
3802 35387
3902 27884
4002 30625
4102 47069
4202 9844
4302 28002
4402 30793
4502 30224
4602 311
4702 43337
4802 34063
4902 8089
5002 25861
5102 27665
5202 12428
5302 44130
5402 14444
5502 19268
5602 61664
5702 35368
5802 44040
5902 63513
6002 2158
6102 40725
6202 14244
6302 2935
6402 9477
6502 26512
6602 32081
6702 30354
6802 22916
6902 8657
7002 46564
7102 2140
7202 24184
7302 54033
7402 53970
7502 39253
7602 46057
7702 47585
7802 138
7902 35843
8002 13819
8102 31281
8202 41048
8302 44530
8402 24243
8502 9692
8602 56742
8702 57897
8802 2644
8902 2028
9002 21468
9102 29898
9202 17509
9302 36683
9402 24149
9502 9198
9602 11023
9702 4835
9802 36916
9902 39772
10002 51899
10102 26227
10202 15635
10302 4067
10402 25221
10502 16036
10602 36734
10702 42722
10802 57984
10902 24684
11002 55451
11102 27817
11202 31441
11302 18090
11402 45750
11502 63217
11602 41987
11702 1348
11802 17440
11902 37483
12002 13707
12102 53762
12202 54006
12302 21859
12402 25308
12502 51625
12602 11445
12702 28226
12802 5021
12902 7924
13002 29480
13102 34776
13202 52814
13302 51923
13402 40351
13502 48338
13602 20220
13702 26739
13802 12102
13902 14121
14002 49596
14102 48833
14202 15505
14302 50611
14402 30224
14502 38483
14602 53958
14702 34887
14802 33135
14902 21298
15002 22505
15102 62402
15202 33213
15302 25502
15402 56636
15502 17434
15602 45000
15702 41976
15802 22076
15902 7190
16002 55177
16102 31619
16202 29383
16302 48542
16402 32798
16502 54861
16602 12114
16702 23862
16802 36920
16902 18693
17002 53480
17102 35993
17202 26017
17302 61156
17402 5312
17502 55431
17602 23737
17702 56931
17802 34518
17902 15133
18002 40428
18102 36903
18202 14475
18302 49738
18402 41546
18502 50071
18602 3771
18702 20272
18802 22037
18902 33556
19002 45579
19102 62417
19202 50634
19302 21811
19402 42168
19502 23061
19602 2795
19702 20061
19802 18706
19902 11936
20002 65422
20102 53949
20202 8413
20302 8723
20402 23978
20502 45689
20602 61624
20702 11446
20802 30844
20902 57245
21002 25645
21102 56933
21202 54676
21302 56454
21402 28932
21502 32860
21602 62071
21702 13324
21802 56893
21902 48514
22002 9459
22102 12870
22202 27074
22302 61331
22402 49935
22502 49032
22602 26954
22702 34638
22802 47591
22902 39025
23002 51900
23102 15089
23202 25269
23302 36163
23402 59581
23502 36305
23602 15609
23702 23492
23802 48229
23902 24212
24002 4686
24102 4305
24202 33105
24302 17332
24402 32850
24502 65426
24602 26387
24702 60908
24802 51390
24902 23278
25002 31995
25102 5204
25202 33442
25302 16729
25402 10597
25502 16993
25602 31847
25702 44076
25802 63210
25902 20602
26002 63004
26102 59263
26202 13736
26302 59607
26402 39187
26502 27414
26602 40555
26702 63171
26802 44479
26902 25347
27002 62173
27102 47140
27202 59149
27302 17676
27402 5320
27502 59767
27602 57353
27702 4353
27802 15405
27902 10604
28002 15027
28102 55374
28202 48294
28302 27062
28402 31026
28502 32362
28602 24372
28702 51929
28802 26334
28902 27937
29002 32266
29102 42016
29202 17703
29302 59478
29402 8888
29502 13132
29602 33647
29702 10165
29802 33208
29902 5910
30002 64755
30102 10409
30202 33465
30302 19615
30402 50126
30502 3063
30602 64530
30702 13418
30802 43883
30902 55820
31002 58758
31102 50792
31202 19437
31302 51390
31402 28943
31502 29133
31602 22272
31702 10997
31802 55693
31902 13775
32002 4667
32102 12864
32202 9314
32302 13262
32402 15468
32502 27747
32602 9643
32702 55490
32802 51545
32902 5742
33002 54925
33102 6169
33202 14705
33302 25627
33402 26077
33502 51110
33602 13684
33702 26685
33802 47864
33902 33205
34002 46449
34102 19954
34202 3026
34302 12285
34402 17381
34502 57826
34602 26109
34702 24316
34802 28320
34902 36735
35002 50236
35102 18708
35202 8678
35302 9026
35402 51646
35502 54428
35602 62097
35702 38425
35802 58862
35902 16431
36002 44631
36102 43482
36202 15015
36302 9132
36402 50745
36502 11766
36602 51368
36702 47370
36802 33255
36902 30902
37002 63798
37102 16292
37202 34174
37302 30973
37402 46327
