102 64993
202 49368
302 3222
402 37503
502 51111
602 2854
702 29465
802 7412
902 12729
1002 54462
1102 18487
1202 23437
1302 35497
1402 53300
1502 50526
1602 28926
1702 28721
1802 14179
1902 59130
2002 34337
2102 27072
2202 38151
2302 5224
2402 42275
2502 33212
2602 3526
2702 19131
2802 24949
2902 8900
3002 18104
3102 62137
3202 33604
3302 320
3402 15658
3502 61050
3602 2671
3702 59154
3802 64308
3902 61428
4002 9847
4102 22815
4202 65370
4302 61446
4402 17423
4502 24957
4602 61915
4702 46801
4802 44844
4902 42299
5002 21112
5102 62714
5202 28035
5302 1088
5402 20970
5502 50112
5602 16885
5702 42465
5802 50002
5902 21780
6002 57308
6102 50204
6202 1730
6302 39570
6402 49334
6502 38647
6602 23022
6702 7844
6802 22423
6902 51439
7002 19645
7102 40635
7202 3609
7302 15186
7402 65409
7502 23359
7602 42743
7702 33234
7802 63608
7902 22462
8002 52246
8102 38652
8202 33061
8302 24175
8402 20685
8502 36623
8602 48188
8702 52678
8802 5965
8902 56587
9002 48562
9102 8259
9202 36995
9302 21363
9402 1514
9502 15234
9602 42267
9702 37271
9802 11317
9902 36829
10002 57018
10102 11848
10202 29303
10302 46336
10402 11218
10502 10797
10602 61701
10702 1608
10802 27944
10902 35812
11002 50801
11102 46378
11202 14842
11302 27682
11402 12619
11502 43317
11602 38378
11702 43559
11802 13813
11902 38075
12002 53247
12102 51649
12202 64188
12302 58587
12402 27585
12502 33169
12602 51259
12702 5201
12802 10202
12902 37168
13002 6761
13102 58931
13202 7040
13302 60333
13402 56611
13502 11089
13602 28310
13702 35418
13802 15357
13902 59340
14002 26600
14102 44173
14202 7382
14302 44436
14402 22409
14502 23592
14602 15780
14702 26085
14802 21432
14902 30589
15002 28995
15102 23028
15202 17761
15302 29242
15402 32027
15502 64163
15602 22215
15702 17157
15802 25741
15902 13031
16002 50677
16102 7749
16202 5661
16302 9872
16402 11083
16502 2399
16602 52179
16702 26749
16802 49186
16902 44976
17002 20096
17102 28687
17202 7218
17302 49885
17402 60884
17502 10517
17602 23156
17702 14708
17802 31284
17902 32208
18002 2334
18102 30542
18202 7669
18302 25996
18402 2028
18502 48303
18602 28083
18702 32282
18802 60886
18902 39923
19002 44390
19102 28264
19202 62095
19302 59931
19402 60640
19502 8209
19602 31450
19702 35261
19802 15910
19902 24274
20002 46753
20102 29287
20202 24287
20302 45237
20402 28721
20502 1382
20602 48488
20702 18254
20802 17868
20902 63843
21002 3516
21102 57156
21202 12372
21302 35571
21402 49816
21502 61966
21602 41951
21702 55701
21802 6146
21902 61658
22002 14867
22102 62751
22202 22912
22302 31860
22402 28602
22502 38598
22602 6753
22702 14481
22802 25945
22902 62408
23002 53947
23102 5747
23202 53796
23302 20675
23402 40332
23502 35322
23602 92
23702 34538
23802 41348
23902 15179
24002 9056
24102 29526
24202 2525
24302 39415
24402 54399
24502 48645
24602 2385
24702 39538
24802 29545
24902 36922
25002 51980
25102 16816
25202 46703
25302 52988
25402 21323
25502 16426
25602 42584
25702 50459
25802 19922
25902 19216
26002 20637
26102 57036
26202 3165
26302 46306
26402 59199
26502 54636
26602 27635
26702 63563
26802 18889
26902 23338
27002 46722
27102 18838
27202 41946
27302 52782
27402 46520
27502 22162
27602 44175
27702 15445
27802 20634
27902 27087
28002 48096
28102 46226
28202 46542
28302 61977
28402 23131
28502 76
28602 16573
28702 2984
28802 50205
28902 11862
29002 52975
29102 51611
29202 33053
29302 15610
29402 58039
29502 63644
29602 64018
29702 63583
29802 39426
29902 46649
30002 55674
30102 873
30202 3424
30302 26083
30402 18025
30502 30403
30602 47270
30702 40745
30802 23300
30902 33668
31002 32946
31102 34999
31202 19211
31302 62386
31402 44365
31502 7331
31602 16662
31702 20239
31802 14234
31902 40589
32002 35233
32102 48408
32202 36849
32302 61784
32402 3202
32502 8033
32602 51283
32702 60557
32802 6625
32902 13950
33002 29738
33102 55325
33202 49382
33302 45638
33402 52078
33502 8094
33602 37672
33702 44928
33802 36881
33902 30517
34002 23466
34102 17250
34202 13875
34302 43702
34402 61627
34502 55667
34602 36519
34702 34104
34802 31121
34902 13792
35002 37234
35102 37405
35202 26229
