102 41605
202 8415
302 57762
402 33592
502 46985
602 47608
702 62750
802 65432
902 48513
1002 44430
1102 29218
1202 58275
1302 62524
1402 30515
1502 36734
1602 3870
1702 62200
1802 25878
1902 31606
2002 2669
2102 22680
2202 50927
2302 51442
2402 64963
2502 26444
2602 8635
2702 48129
2802 60134
2902 45965
3002 8890
3102 23139
3202 32618
3302 29892
3402 817
3502 32251
3602 14599
3702 44920
3802 12406
3902 3300
4002 2380
4102 24127
4202 7880
4302 1747
4402 53146
4502 40182
4602 31964
4702 31867
4802 39959
4902 2952
5002 41791
5102 5927
5202 27608
5302 34387
5402 38637
5502 47118
5602 7855
5702 1122
5802 46830
5902 49456
6002 35369
6102 5774
6202 30474
6302 56607
6402 18735
6502 57132
6602 37619
6702 64255
6802 3151
6902 60793
7002 41984
7102 42242
7202 61802
7302 54735
7402 32686
7502 44292
7602 59977
7702 899
7802 48147
7902 46377
8002 37989
8102 20130
8202 1847
8302 30119
8402 38781
8502 18011
8602 44093
8702 22732
8802 40390
8902 176
9002 28591
9102 31962
9202 1804
9302 14616
9402 5136
9502 21198
9602 15190
9702 2198
9802 42860
9902 2077
10002 1874
10102 16542
10202 16870
10302 51786
10402 51503
10502 6503
10602 9332
10702 42175
10802 44785
10902 28353
11002 26576
11102 24205
11202 33409
11302 58383
11402 16221
11502 37444
11602 38328
11702 59386
11802 17140
11902 48268
12002 35885
12102 15840
12202 45979
12302 11203
12402 54083
12502 44216
12602 56266
12702 56562
12802 46676
12902 41351
13002 13897
13102 49819
13202 27746
13302 53183
13402 50323
13502 40829
13602 41161
13702 50018
13802 58258
13902 16107
14002 36228
14102 62702
14202 50404
14302 3024
14402 48384
14502 23717
14602 56110
14702 51431
14802 35560
14902 20591
15002 60788
15102 3163
15202 13277
15302 2446
15402 61846
15502 3195
15602 52103
15702 17288
15802 48889
15902 33861
16002 55342
16102 22666
16202 56245
16302 1373
16402 13163
16502 31297
16602 51419
16702 16634
16802 47146
16902 33889
17002 13232
17102 12445
17202 65228
17302 1099
17402 189
17502 46755
17602 3528
17702 27458
17802 53764
17902 12725
18002 56193
18102 15947
18202 25787
18302 48826
18402 3594
18502 39186
18602 61011
18702 31897
18802 11020
18902 30287
19002 13706
19102 17845
19202 30875
19302 38497
19402 55295
19502 722
19602 42748
19702 8344
19802 22978
19902 55526
20002 21759
20102 45033
20202 64717
20302 33520
20402 1002
20502 14958
20602 48405
20702 23828
20802 47074
20902 63576
21002 20842
21102 38232
21202 65060
21302 5025
21402 5748
21502 471
21602 24776
21702 35855
21802 53075
21902 40630
22002 24554
22102 5952
22202 2364
22302 21599
22402 17004
22502 60354
22602 5803
22702 27498
22802 4662
22902 4474
23002 57572
23102 35969
23202 16102
23302 52388
23402 48198
23502 9027
23602 29608
23702 43169
23802 21325
23902 43365
24002 22411
24102 11561
24202 47321
24302 6086
24402 27402
24502 13065
24602 53928
24702 4004
24802 31871
24902 46858
25002 36338
25102 24089
25202 7134
25302 52643
25402 18670
25502 56057
25602 6426
25702 45750
25802 1784
25902 7451
26002 17484
26102 58231
26202 19397
26302 59082
26402 57254
26502 48182
26602 2356
26702 3156
26802 47902
26902 61403
27002 329
27102 45532
27202 42896
27302 37638
27402 21263
27502 2527
27602 17850
27702 34732
27802 57751
27902 33182
28002 29379
28102 21883
28202 1855
28302 62180
28402 16515
28502 20749
28602 21351
28702 8976
28802 7773
28902 22257
29002 62498
29102 48272
29202 5660
29302 46970
29402 11752
29502 49680
29602 50635
29702 53758
29802 32971
29902 48218
30002 5061
30102 12965
30202 52726
30302 11647
30402 52807
30502 57617
30602 31151
30702 13366
30802 22845
30902 57341
31002 40752
31102 2196
31202 37981
31302 22735
31402 19450
31502 36171
31602 19559
31702 1990
31802 53171
31902 34373
32002 15756
32102 5949
32202 7395
32302 26636
32402 44800
32502 5987
32602 22738
32702 26134
32802 15851
32902 53156
33002 11354
33102 43684
33202 34030
33302 27052
33402 39743
33502 33855
33602 21010
33702 65529
33802 42332
33902 7438
34002 21445
34102 16702
34202 55756
34302 13754
34402 61753
34502 47550
34602 53043
34702 23929
34802 18594
34902 2933
35002 43841
35102 28229
35202 11294
35302 43423
35402 32003
35502 60048
35602 27743
35702 5320
35802 63159
35902 3828
36002 48811
36102 38108
36202 22234
36302 44241
36402 28937
36502 40643
36602 28564
36702 57702
36802 11400
36902 48711
37002 54411
37102 65380
37202 7280
37302 45431
37402 34697
37502 30747
37602 24036
37702 16852
37802 26057
37902 61025
38002 42702
38102 64486
38202 52641
38302 13913
38402 12819
38502 53949
38602 52595
38702 63087
38802 6632
38902 17436
39002 53914
39102 1849
39202 5863
39302 55490
39402 61230
39502 54107
39602 59447
39702 31151
39802 19998
39902 64626
40002 36117
40102 43667
40202 3531
40302 10001
40402 49444
40502 4724
40602 42985
40702 29543
40802 57633
40902 15101
41002 63254
41102 24579
41202 9550
41302 24575
41402 12250
41502 51327
41602 51707
41702 44465
41802 47443
41902 12166
42002 44190
42102 36543
42202 51288
42302 63088
42402 1203
42502 29116
42602 52427
42702 49017
42802 34602
42902 42790
43002 20967
43102 57484
43202 52732
43302 52141
43402 26994
43502 15235
43602 51592
43702 35289
43802 59969
43902 53380
44002 2368
44102 51140
44202 61321
44302 36416
44402 27644
44502 44418
44602 65457
44702 56517
44802 6599
44902 19847
45002 44189
45102 64723
45202 33132
45302 14779
45402 44639
45502 20660
45602 58367
45702 32276
45802 13522
45902 48264
46002 11724
46102 11006
46202 12826
46302 21944
46402 3961
46502 5079
46602 33463
46702 55932
46802 31278
46902 55439
47002 56561
47102 21235
47202 55524
47302 40440
47402 5026
47502 38398
47602 59370
47702 16734
47802 51831
47902 33069
48002 14418
48102 16014
48202 16968
48302 18031
48402 18924
48502 15855
48602 5696
48702 64685
48802 38683
48902 31213
49002 46457
49102 64961
49202 7452
49302 16726
49402 25003
49502 63791
49602 54154
49702 54120
49802 4349
49902 64926
50002 61915
50102 59895
50202 36848
50302 38324
50402 23758
50502 12846
50602 49835
50702 62424
50802 26343
50902 21086
51002 7164
51102 41119
51202 23161
51302 45173
51402 25266
51502 62884
51602 14758
51702 54019
51802 56819
51902 28546
52002 17009
52102 28260
52202 43591
52302 58020
52402 34179
52502 34779
52602 19782
52702 28349
52802 43911
52902 25643
53002 36325
53102 8984
53202 61333
53302 60616
53402 63708
53502 41501
53602 12898
53702 23769
53802 14019
53902 7991
54002 8284
54102 6695
54202 10636
54302 61903
54402 17907
54502 48741
54602 31941
54702 19652
54802 36510
54902 19697
55002 33556
55102 28665
55202 41559
55302 29397
55402 5897
55502 24844
55602 64330
55702 7193
55802 56774
55902 18273
56002 59950
56102 62436
56202 51972
56302 23548
56402 65361
56502 51363
56602 65247
56702 61648
56802 11773
56902 33060
57002 49599
57102 2399
57202 6042
57302 1386
57402 62054
57502 56687
57602 52145
57702 51427
57802 52767
57902 31955
58002 63511
58102 23176
58202 21140
58302 32877
58402 19941
58502 12013
58602 51875
58702 50777
58802 33433
58902 14752
59002 60769
59102 9277
59202 29430
59302 34491
59402 65127
59502 1345
59602 3407
59702 16716
59802 1500
59902 38898
60002 6691
60102 10434
60202 21232
60302 52838
60402 8977
60502 9728
60602 60727
60702 46970
60802 34676
60902 65077
61002 62927
61102 1120
61202 47421
61302 44098
61402 47063
61502 7226
61602 3057
61702 17859
61802 15086
61902 10144
62002 4349
62102 12748
62202 39474
62302 57476
62402 39537
62502 64170
62602 4638
62702 33569
62802 8914
62902 31821
63002 6012
63102 7849
63202 16016
63302 33078
63402 37924
63502 11498
63602 47171
63702 43403
63802 47847
63902 51617
64002 64551
64102 60240
64202 50432
64302 13048
64402 50165
64502 48784
64602 55786
64702 22548
64802 46337
64902 20131
65002 7553
65102 21014
65202 45135
65302 26352
65402 33576
65502 62444
65602 17079
65702 31294
65802 43307
65902 44018
66002 12594
66102 35410
66202 46675
66302 6021
66402 31155
66502 13469
66602 16287
66702 14428
66802 55267
66902 44782
67002 18674
67102 45394
67202 28212
67302 58216
67402 59824
67502 53659
67602 40945
67702 64843
67802 61532
67902 51393
68002 39188
68102 25961
68202 6987
68302 45270
68402 57038
68502 10879
68602 62990
68702 54741
68802 11507
68902 37726
69002 25016
69102 10862
69202 45676
69302 29705
69402 23668
69502 30515
69602 31750
69702 4100
69802 17344
69902 28330
70002 46
70102 38779
70202 6420
70302 55087
70402 63860
70502 26821
70602 40460
70702 1816
70802 19871
70902 59707
71002 43796
71102 44864
71202 63032
71302 19376
71402 37501
71502 64134
71602 28029
71702 19612
71802 55131
71902 58787
72002 62910
72102 5518
72202 31484
72302 47148
72402 16957
72502 63919
72602 50895
72702 19275
72802 18638
72902 40464
73002 14383
73102 57858
73202 16604
73302 32977
73402 50357
73502 27361
73602 32146
73702 44260
73802 7711
73902 54428
74002 55603
74102 53011
74202 45763
74302 62561
74402 25717
74502 24843
74602 64777
74702 23827
74802 15883
74902 33864
75002 52203
75102 22547
75202 2514
75302 23415
75402 43766
75502 47560
75602 25501
75702 40666
75802 48719
75902 37839
76002 31742
76102 22724
76202 41005
76302 52441
76402 11376
76502 40820
76602 64648
76702 36008
76802 39195
76902 32760
77002 55021
77102 14749
77202 25240
77302 22762
77402 11862
77502 56737
77602 60014
77702 56620
77802 33031
77902 11354
78002 3950
78102 63493
78202 57369
78302 54860
78402 22570
78502 60299
78602 40652
78702 35368
78802 37366
78902 33757
79002 31547
79102 50405
79202 5867
79302 38010
79402 14730
79502 30534
79602 53890
79702 52078
79802 25514
79902 63883
80002 53599
80102 7490
80202 17072
80302 59228
80402 55217
80502 20631
80602 24105
80702 56354
80802 27512
80902 18380
81002 61715
81102 19513
81202 2836
81302 5803
81402 57138
81502 11112
81602 21319
81702 63965
81802 15246
81902 35493
82002 29265
82102 15811
82202 20260
82302 56408
82402 17190
82502 16525
82602 19751
82702 60321
82802 19399
82902 10364
83002 12968
83102 16768
83202 17943
83302 60518
83402 9143
83502 35517
83602 16248
83702 59428
83802 30830
83902 44211
84002 57017
84102 43599
84202 41204
84302 28181
84402 30034
84502 62651
84602 57124
84702 43106
84802 11031
84902 22358
85002 39657
85102 32120
85202 4702
85302 54531
85402 31966
85502 48888
85602 27094
85702 5191
85802 21011
85902 39179
86002 30776
86102 6114
86202 10931
86302 5033
86402 1306
86502 28816
86602 28755
86702 762
86802 24888
86902 59550
87002 9518
87102 55993
87202 37540
87302 46489
87402 48371
87502 8964
87602 59289
87702 29888
87802 49819
87902 60430
88002 17102
88102 41880
88202 1546
88302 41116
88402 45725
88502 5742
88602 58787
88702 17516
88802 10656
88902 1735
89002 38969
89102 13183
89202 39166
89302 8331
89402 50412
89502 29266
89602 41199
89702 38524
89802 13868
89902 18151
90002 17255
90102 32542
