102 42956
202 8802
302 56788
402 1260
502 13656
602 60803
702 36825
802 21974
902 20318
1002 7065
1102 16603
1202 39091
1302 48108
1402 11914
1502 32889
1602 54391
1702 21272
1802 7891
1902 19902
2002 15451
2102 4407
2202 27822
2302 25686
2402 7654
2502 27123
2602 20233
2702 38720
2802 21967
2902 63975
3002 47494
3102 10925
3202 35715
3302 22167
3402 38061
3502 14187
3602 18651
3702 13515
3802 18395
3902 9956
4002 25585
4102 4402
4202 3898
4302 29114
4402 14702
4502 13479
4602 26316
4702 29938
4802 63977
4902 13928
5002 41108
5102 1978
5202 22060
5302 11516
5402 48403
5502 17563
5602 28884
5702 2340
5802 48268
5902 12823
6002 17618
6102 56531
6202 62888
6302 36346
6402 1755
6502 25772
6602 47881
6702 54465
6802 32712
6902 28089
7002 20870
7102 29829
7202 24604
7302 28238
7402 17526
7502 52153
7602 24936
7702 24705
7802 20
7902 13129
8002 55933
8102 23206
8202 28581
8302 46391
8402 52592
8502 65369
8602 11739
8702 58744
8802 3100
8902 65167
9002 44083
9102 21443
9202 52344
9302 57884
9402 13479
9502 41607
9602 13261
9702 40530
9802 16519
9902 59304
10002 61862
10102 19370
10202 23683
10302 20047
10402 16634
10502 64567
10602 20857
10702 3266
10802 20625
10902 41073
11002 31452
11102 36717
11202 33163
11302 27547
11402 24407
11502 64849
11602 43997
11702 34232
11802 3235
11902 48150
12002 23282
12102 40293
12202 19013
12302 46596
12402 35896
12502 1734
12602 7914
12702 20575
12802 37045
12902 11275
13002 46977
13102 49285
13202 31942
13302 15771
13402 51703
13502 50560
13602 46814
13702 63454
13802 25068
13902 16086
14002 21256
14102 51015
14202 23919
14302 790
14402 22885
14502 60409
14602 6699
14702 15601
14802 2261
14902 22260
15002 23434
15102 54875
15202 31000
15302 48336
15402 37848
15502 25871
15602 28668
15702 54221
15802 64906
15902 27266
16002 23171
16102 15648
16202 33534
16302 50620
16402 59983
16502 22872
16602 48207
16702 8170
16802 60256
16902 27301
17002 16579
17102 53778
17202 12611
17302 14836
17402 4317
17502 61037
17602 36198
17702 42597
17802 21790
17902 4308
18002 27090
18102 41684
18202 44095
18302 278
18402 40844
18502 18167
18602 8549
18702 59909
18802 35389
18902 38442
19002 55715
19102 18549
19202 32383
19302 14414
19402 46470
19502 10464
19602 13945
19702 25718
19802 31601
19902 20977
20002 32009
20102 13217
20202 63726
20302 53889
20402 53457
20502 7114
20602 2147
20702 33977
20802 24270
20902 62814
21002 45631
21102 30429
21202 6325
21302 51106
21402 48240
21502 41046
21602 21734
21702 46487
21802 35486
21902 41887
22002 11105
22102 37946
22202 37037
22302 56712
22402 5655
22502 25265
22602 1723
22702 6515
22802 21307
22902 31534
23002 11050
23102 13265
23202 22849
23302 59733
23402 63421
23502 49331
23602 20462
23702 20616
23802 54140
23902 20252
24002 24369
24102 59363
24202 22352
24302 6906
24402 561
24502 44501
24602 33599
24702 53295
24802 39580
24902 25925
25002 22233
25102 46735
25202 44237
25302 16724
25402 5363
25502 32206
25602 5487
25702 52613
25802 60673
25902 50474
26002 57672
26102 22334
26202 23400
26302 3282
26402 14124
26502 21334
26602 6036
26702 13184
26802 41483
26902 9454
27002 34366
27102 768
27202 7660
27302 29621
27402 3745
27502 5715
27602 61750
27702 53512
27802 24130
27902 41875
28002 64078
28102 7522
28202 55751
28302 17482
28402 63590
28502 18786
28602 36032
28702 11965
28802 12744
28902 8072
29002 41295
29102 54656
29202 19257
29302 38329
29402 27889
29502 47598
29602 30239
29702 48221
29802 44848
29902 44419
30002 41946
30102 50372
30202 35079
30302 2913
30402 35669
30502 52984
30602 48626
30702 10033
30802 26601
30902 11231
31002 34919
31102 35423
31202 37485
31302 1634
31402 52533
31502 59312
31602 22569
31702 44291
31802 58666
31902 57989
32002 3549
32102 61378
32202 40098
32302 38868
32402 10855
32502 14663
32602 2917
32702 38598
32802 13950
32902 51754
33002 44554
33102 34392
33202 34423
33302 28837
33402 57993
33502 48759
33602 1204
33702 56786
33802 58670
33902 35570
34002 48879
34102 29287
34202 30809
34302 43697
34402 21932
34502 62479
34602 43245
34702 34648
34802 27873
34902 17361
35002 31181
35102 39985
35202 5054
35302 48841
35402 22239
35502 12027
35602 19608
35702 57525
35802 30778
35902 59394
36002 26059
36102 29667
36202 43553
36302 34964
36402 21202
36502 24115
36602 23914
36702 61986
36802 31785
36902 23886
37002 14206
37102 18584
37202 53687
37302 65425
37402 3437
37502 47250
37602 51198
37702 23093
37802 27795
37902 8746
38002 51108
38102 42774
38202 31278
38302 6504
38402 53253
38502 49943
38602 28821
38702 36031
38802 38479
38902 15875
39002 64650
39102 34706
39202 10399
39302 12631
39402 41802
39502 39372
39602 29627
39702 65100
39802 61762
39902 49239
40002 52101
40102 7882
40202 48376
40302 52528
40402 62957
40502 204
40602 1961
40702 43303
40802 13368
40902 33541
41002 42950
41102 12025
41202 21158
41302 23207
41402 38915
41502 54440
41602 5258
41702 2618
41802 54334
41902 54194
42002 33351
42102 63263
42202 2210
42302 25723
42402 41239
42502 26474
42602 33302
42702 31165
42802 43451
42902 31584
43002 2622
43102 33366
43202 51914
43302 50256
43402 14118
43502 41691
43602 12293
43702 15990
43802 953
43902 26691
44002 56814
44102 16807
44202 1373
44302 29305
44402 1596
44502 13449
44602 19549
44702 37226
44802 38584
44902 19684
45002 29550
45102 15786
45202 18646
45302 25761
45402 54092
45502 63059
45602 26840
45702 42027
45802 61666
45902 4655
46002 2515
46102 8487
46202 22571
46302 51769
46402 21978
46502 42213
46602 60667
46702 11906
46802 49813
46902 46276
47002 56204
47102 59689
47202 516
47302 57393
47402 64112
47502 3070
47602 52696
47702 34996
47802 38852
47902 15554
48002 50990
48102 22298
48202 28823
48302 21299
48402 9798
48502 412
48602 17494
48702 55131
48802 61661
48902 62454
49002 41939
49102 24577
49202 4953
49302 47610
49402 47290
49502 20279
49602 55476
49702 60504
49802 1842
49902 52894
50002 30635
50102 47782
50202 54563
50302 3192
50402 17401
50502 6013
50602 33144
50702 47841
50802 29612
50902 41001
51002 10231
51102 40035
51202 34252
51302 49535
51402 23589
51502 16735
51602 18146
51702 50370
51802 1770
51902 10066
52002 31928
52102 31158
52202 15577
52302 8743
52402 28718
52502 27916
52602 63080
52702 16282
52802 6876
52902 59627
53002 32191
53102 65029
53202 35918
53302 14032
53402 52701
53502 48818
53602 53748
53702 28229
53802 10165
53902 38565
54002 11392
54102 14147
54202 49624
54302 34585
54402 30878
54502 18179
54602 38573
54702 63060
54802 42784
54902 31744
55002 8317
55102 32833
55202 9326
55302 39706
55402 51711
55502 29624
55602 12800
55702 52663
55802 53706
55902 34300
56002 64880
56102 42732
56202 62047
56302 1128
56402 43610
56502 60085
56602 64715
56702 60546
56802 49738
56902 33938
57002 7351
57102 18286
57202 36116
57302 38422
57402 16462
57502 59398
57602 61595
57702 48727
57802 32197
57902 42508
58002 26270
58102 59201
58202 37489
58302 32899
58402 55540
58502 60853
58602 51052
58702 3652
58802 43986
58902 11461
59002 37713
59102 54466
59202 60532
59302 27002
59402 3001
59502 33047
59602 12921
59702 35165
59802 13237
59902 36865
60002 37431
60102 20476
60202 64657
60302 26463
60402 53851
60502 48942
60602 25898
60702 48753
60802 28670
60902 56731
61002 44559
61102 28233
61202 53873
61302 62027
61402 46259
61502 43936
61602 61242
61702 4820
61802 63160
61902 47173
62002 57609
62102 43208
62202 35195
62302 15267
62402 7538
62502 6227
62602 2522
62702 9773
62802 15463
62902 4484
63002 53351
63102 34008
63202 6222
63302 7268
63402 38272
63502 22197
63602 61834
63702 58773
63802 47048
63902 21755
64002 44681
64102 36242
64202 29635
64302 61505
64402 20005
64502 7041
64602 51907
64702 18733
64802 62213
64902 5844
65002 61043
65102 26409
65202 57836
65302 48994
65402 33292
65502 13078
65602 26261
65702 53144
65802 27399
65902 34173
66002 30508
66102 6194
66202 2997
66302 53333
66402 47182
66502 53170
66602 54174
66702 26137
66802 21285
66902 30728
67002 20758
67102 3866
67202 961
67302 49645
67402 32915
67502 65220
67602 64777
67702 28809
67802 8214
67902 9898
68002 61938
68102 63215
68202 52810
68302 39205
68402 40367
68502 46868
68602 3675
68702 12390
68802 65227
68902 18679
69002 55698
69102 3959
69202 2346
69302 5061
69402 32950
69502 45307
69602 55327
69702 61927
69802 46054
69902 13131
70002 40230
70102 59868
70202 59587
70302 8874
70402 1126
70502 63252
70602 29425
70702 16971
70802 50042
70902 24266
71002 23437
71102 48590
71202 6043
71302 13043
71402 4616
71502 15088
71602 45905
71702 2598
71802 8277
71902 32629
72002 38771
72102 40616
72202 54262
72302 12054
72402 7177
72502 10918
72602 32336
72702 27438
72802 34239
72902 42254
73002 46077
73102 2335
73202 33490
73302 56894
73402 32338
73502 64175
73602 47080
73702 55070
73802 44038
73902 25116
74002 5008
74102 24409
74202 527
74302 1885
74402 25967
74502 4222
74602 55835
74702 20032
74802 4735
74902 6416
75002 42319
75102 52418
75202 19364
75302 22489
75402 54982
75502 25283
75602 60452
75702 30983
75802 1833
75902 27278
76002 14602
76102 28024
76202 21499
76302 21093
76402 42350
76502 45673
76602 7640
76702 3460
76802 8013
76902 18007
77002 64275
77102 28766
77202 2739
77302 11995
77402 21882
77502 47280
77602 59002
77702 42460
77802 48281
77902 6854
78002 23332
78102 42283
78202 32156
78302 48806
78402 15349
78502 14032
78602 24477
78702 65231
78802 53772
78902 42610
79002 57895
79102 24281
79202 42992
79302 31670
79402 28638
79502 48441
79602 1678
79702 51680
79802 18654
79902 1655
80002 39577
80102 15
80202 15729
80302 10532
80402 13576
80502 7882
80602 31084
80702 34879
80802 17510
80902 56902
81002 13802
81102 32471
81202 62727
81302 17790
81402 47221
81502 18368
81602 2018
81702 3215
81802 27499
81902 63910
82002 54756
82102 36252
82202 24458
82302 52204
82402 36876
82502 36478
82602 64734
82702 22664
82802 16265
82902 39152
83002 29927
83102 17659
83202 47810
83302 43590
83402 6302
83502 58811
83602 20579
83702 46355
83802 12280
83902 52802
84002 42887
84102 44094
84202 14242
84302 30914
84402 54065
84502 55705
84602 26171
84702 12052
84802 18739
84902 14976
85002 13797
85102 47753
85202 7753
85302 27518
85402 44016
85502 6939
85602 59398
85702 29726
85802 11335
85902 48033
86002 17343
86102 18044
86202 53313
86302 18961
86402 44126
86502 24891
86602 11900
86702 55132
86802 15009
86902 28314
87002 41507
87102 39574
87202 57360
87302 32168
87402 38245
87502 37811
87602 22192
87702 31686
87802 9298
87902 38782
88002 60462
88102 3818
88202 15691
88302 61613
88402 11009
88502 42618
88602 54032
88702 35299
88802 12817
88902 48132
89002 31452
89102 64842
89202 29374
89302 64211
89402 14831
89502 47842
89602 31538
89702 35964
89802 2140
89902 36021
90002 20982
90102 13951
