102 30128
202 13781
302 26055
402 34276
502 5641
602 27163
702 43555
802 64902
902 1251
1002 52212
1102 44809
1202 61842
1302 62806
1402 15220
1502 4669
1602 15601
1702 13933
1802 22987
1902 37337
2002 13297
2102 52735
2202 64640
2302 11848
2402 57642
2502 11982
2602 40424
2702 7425
2802 47803
2902 47264
3002 60930
3102 2352
3202 24139
3302 17857
3402 53409
3502 12205
3602 26109
3702 23071
3802 41599
3902 21062
4002 11028
4102 400
4202 48397
4302 49361
4402 54773
4502 56059
4602 7503
4702 50959
4802 22187
4902 61697
5002 36149
5102 7945
5202 59878
5302 39528
5402 38577
5502 24375
5602 54580
5702 23857
5802 8660
5902 8386
6002 33778
6102 52292
6202 25460
6302 501
6402 21318
6502 32381
6602 34332
6702 42738
6802 17139
6902 7509
7002 39110
7102 41985
7202 47945
7302 37290
7402 64016
7502 41133
7602 8385
7702 43239
7802 34539
7902 31587
8002 37675
8102 36129
8202 12462
8302 37874
8402 54948
8502 23210
8602 54627
8702 3208
8802 58658
8902 43945
9002 63371
9102 59160
9202 31792
9302 33664
9402 31858
9502 33271
9602 51431
9702 48717
9802 14299
9902 33283
10002 27531
10102 54803
10202 43246
10302 32941
10402 44298
10502 24282
10602 42465
10702 32229
10802 60074
10902 18777
11002 50007
11102 7634
11202 52404
11302 38493
11402 35030
11502 55972
11602 34596
11702 12772
11802 2359
11902 50819
12002 24141
12102 60974
12202 17268
12302 64947
12402 60485
12502 54716
12602 33257
12702 27868
12802 18202
12902 1566
13002 58295
13102 31926
13202 36324
13302 14355
13402 51298
13502 50161
13602 40365
13702 40120
13802 56282
13902 20707
14002 22050
14102 1260
14202 24755
14302 17552
14402 46546
14502 38048
14602 31512
14702 25092
14802 15613
14902 14835
15002 3438
15102 1562
15202 12574
15302 15352
15402 27572
15502 64237
15602 13127
15702 26259
15802 53068
15902 20351
16002 16284
16102 12055
16202 26788
16302 1741
16402 19336
16502 37743
16602 15387
16702 4175
16802 58680
16902 42436
17002 12789
17102 601
17202 17719
17302 25440
17402 64650
17502 3419
17602 45703
17702 52181
17802 31206
17902 3030
18002 5267
18102 57192
18202 49283
18302 14359
18402 17314
18502 56391
18602 8874
18702 53204
18802 27761
18902 2239
19002 26508
19102 5656
19202 15957
19302 18598
19402 21368
19502 21664
19602 10257
19702 27957
19802 34701
19902 52822
20002 35519
20102 45126
20202 31922
20302 41466
20402 18909
20502 34129
20602 50963
20702 20210
20802 35320
20902 16972
21002 34851
21102 64275
21202 45053
21302 31478
21402 49871
21502 46869
21602 62960
21702 29944
21802 49325
21902 23696
22002 48452
22102 14484
22202 28631
22302 16536
22402 30440
22502 40086
22602 21633
22702 56095
22802 40751
22902 43519
23002 60216
23102 40307
23202 18676
23302 34359
23402 11466
23502 18317
23602 4227
23702 19750
23802 12151
23902 2217
24002 64355
24102 42732
24202 9535
24302 33435
24402 1039
24502 15695
24602 59555
24702 12446
24802 16296
24902 49782
25002 49805
25102 48654
25202 33768
25302 30051
25402 34695
25502 50487
25602 28952
25702 52988
25802 7802
25902 21767
26002 38122
26102 42154
26202 19803
26302 58521
26402 52441
26502 59363
26602 1620
26702 60373
26802 13846
26902 15813
27002 2713
27102 964
27202 25389
27302 23920
27402 38574
27502 64821
27602 5123
27702 18999
27802 15212
27902 60792
28002 26009
28102 50368
28202 14112
28302 41880
28402 58867
28502 26614
28602 51195
28702 56729
28802 42090
28902 47183
29002 56901
29102 40498
29202 47722
29302 41038
29402 60566
29502 53719
29602 6497
29702 3615
29802 4366
29902 63849
30002 14117
30102 33080
30202 26927
30302 39583
30402 26524
30502 47837
30602 1314
30702 3708
30802 10036
30902 41256
31002 48972
31102 28516
31202 35641
31302 12843
31402 25354
31502 22742
31602 1898
31702 5839
31802 43241
31902 37049
32002 13138
32102 49669
32202 59258
32302 48012
32402 14533
32502 34654
32602 58222
32702 43126
32802 24926
32902 38267
33002 47378
33102 38712
33202 37987
33302 49261
33402 13861
33502 20883
33602 50371
33702 46291
33802 38696
33902 17632
34002 15151
34102 5756
34202 22112
34302 10641
34402 65212
34502 59384
34602 57786
34702 60772
34802 16788
34902 12220
35002 47271
35102 49964
35202 11036
35302 57286
35402 1936
35502 55526
35602 56097
35702 31614
35802 65490
35902 28004
36002 11298
36102 7106
36202 6515
36302 25839
36402 45880
36502 26709
36602 52692
36702 4713
36802 26668
36902 63802
37002 47187
37102 64422
37202 34381
37302 39169
37402 19562
37502 6476
37602 9935
37702 6541
37802 41459
37902 4381
38002 3239
38102 12391
38202 17460
38302 31208
38402 42033
38502 14932
38602 6916
38702 22139
38802 22276
38902 31414
39002 46417
39102 11094
39202 39711
39302 57880
39402 58513
39502 57171
39602 15535
39702 15113
