102 64091
202 24101
302 16346
402 19257
502 46851
602 13007
702 29011
802 24119
902 61269
1002 33985
1102 1540
1202 31491
1302 27055
1402 43226
1502 39736
1602 43621
1702 58046
1802 41192
1902 29224
2002 49236
2102 43141
2202 12326
2302 5086
2402 16104
2502 50525
2602 56982
2702 38789
2802 53153
2902 57217
3002 51450
3102 521
3202 50776
3302 15997
3402 3400
3502 46314
3602 20620
3702 20027
3802 18473
3902 15244
4002 54112
4102 43219
4202 11581
4302 47668
4402 30977
4502 2886
4602 40616
4702 27759
4802 64622
4902 47696
5002 35160
5102 23117
5202 46567
5302 57376
5402 7833
5502 13532
5602 46583
5702 40429
5802 24007
5902 1758
6002 35047
6102 49111
6202 12568
6302 57468
6402 28351
6502 18481
6602 21247
6702 33439
6802 1539
6902 34056
7002 40735
7102 19219
7202 39747
7302 50735
7402 20043
7502 21230
7602 46789
7702 10882
7802 63845
7902 58060
8002 39841
8102 3617
8202 11634
8302 27800
8402 22212
8502 27729
8602 36920
8702 61681
8802 52592
8902 29262
9002 63551
9102 36446
9202 54322
9302 8244
9402 32940
9502 10162
9602 43733
9702 11149
9802 5003
9902 12994
10002 42887
10102 59331
10202 42229
10302 30305
10402 37203
10502 16891
10602 30806
10702 39288
10802 43140
10902 11904
11002 53169
11102 55002
11202 62907
11302 7899
11402 46472
11502 61642
11602 21953
11702 1420
11802 20511
11902 47235
12002 32262
12102 883
12202 8145
12302 15087
12402 63481
12502 3949
12602 26780
12702 3350
12802 61003
12902 23706
13002 60392
13102 43326
13202 51706
13302 2784
13402 64276
13502 19949
13602 20327
13702 17959
13802 22887
13902 30134
14002 725
14102 63522
14202 23762
14302 20564
14402 40676
14502 358
14602 48304
14702 47939
14802 44183
14902 34363
15002 56198
15102 54525
15202 41688
15302 5910
15402 32203
15502 26350
15602 61657
15702 13251
15802 7381
15902 5436
16002 53526
16102 34700
16202 42098
16302 27823
16402 19621
16502 29451
16602 27668
16702 12722
16802 58686
16902 57039
17002 52434
17102 38152
17202 50223
17302 12353
17402 51789
17502 36478
17602 65388
17702 4602
17802 14206
17902 31305
18002 15827
18102 3342
18202 57073
18302 53809
18402 18042
18502 64826
18602 6842
18702 28786
18802 53109
18902 52853
19002 56252
19102 1570
19202 1457
19302 52867
19402 59477
19502 63981
19602 33881
19702 29751
19802 52257
19902 14742
20002 36114
20102 13739
20202 36243
20302 10961
20402 16433
20502 11717
20602 59486
20702 36366
20802 7542
20902 32190
21002 48493
21102 323
21202 61270
21302 27485
21402 12536
21502 4046
21602 33430
21702 65343
21802 20443
21902 26341
22002 21277
22102 25049
22202 49417
22302 15846
22402 1565
22502 26051
22602 44706
22702 48749
22802 31050
22902 32633
23002 24698
23102 4333
23202 50596
23302 36670
23402 55837
23502 62938
23602 28379
23702 1991
23802 45664
23902 29325
24002 20545
24102 54701
24202 930
24302 46986
24402 50542
24502 22916
24602 18788
24702 17456
24802 9269
24902 50366
25002 47764
25102 12979
25202 53653
25302 43415
25402 59523
25502 20052
25602 6930
25702 61112
25802 9417
25902 32276
26002 13434
26102 998
26202 1312
26302 29802
26402 22590
26502 15012
26602 26091
26702 2754
26802 19880
26902 25122
27002 51068
27102 26368
27202 35116
27302 9109
27402 34381
27502 58221
27602 30274
27702 39961
27802 55164
27902 29747
28002 4780
28102 49200
28202 39224
28302 35248
28402 34586
28502 49461
28602 3779
28702 31726
28802 58560
28902 36743
29002 13720
29102 42024
29202 58130
29302 21032
29402 4520
29502 31747
29602 33635
29702 18961
29802 37638
29902 45726
30002 5667
30102 29469
30202 22791
30302 27105
30402 27933
30502 30051
30602 31852
30702 27543
30802 23651
30902 26311
31002 27813
31102 9275
31202 33476
31302 40410
31402 26188
31502 50203
31602 48408
31702 26561
31802 43026
31902 29652
32002 25924
32102 16366
32202 979
32302 61689
32402 4752
32502 17581
32602 63380
32702 53552
32802 42577
32902 53719
33002 17684
33102 55063
33202 28730
33302 48132
33402 25105
33502 2650
33602 54227
33702 4291
33802 11480
33902 40198
34002 11759
34102 33743
34202 29011
34302 49175
34402 9193
34502 36290
34602 3627
34702 49415
34802 39551
34902 45418
35002 21022
35102 613
35202 2305
35302 24042
35402 40623
35502 44783
35602 34451
35702 21842
35802 3200
35902 9590
36002 46842
36102 35703
36202 22508
36302 6554
36402 22904
36502 60900
36602 64027
36702 26738
36802 36924
36902 39029
37002 61532
37102 48049
37202 24553
37302 52484
37402 8511
37502 46085
37602 11890
37702 3836
37802 41230
37902 24746
38002 42452
38102 15778
38202 43673
38302 28905
38402 13838
38502 63566
38602 10264
38702 10026
38802 46875
38902 44155
39002 45145
39102 53396
39202 8818
39302 45543
39402 10915
39502 60803
39602 37464
39702 56144
39802 4735
39902 61086
40002 5875
40102 42836
40202 64278
40302 7565
40402 60543
40502 64108
40602 37717
40702 43098
40802 55753
40902 62898
41002 2167
41102 16116
41202 1362
41302 4416
41402 1957
41502 23639
41602 55312
41702 30008
41802 11050
41902 48892
42002 44194
42102 7478
42202 47794
42302 46238
42402 48281
42502 24588
42602 2186
42702 57450
42802 10091
42902 41560
43002 56785
43102 35205
43202 27664
43302 17378
43402 47576
43502 213
43602 22542
43702 23865
43802 1356
43902 4362
44002 336
44102 5245
44202 64126
44302 33980
44402 23590
44502 38147
44602 15541
44702 14285
44802 23925
44902 1754
45002 6902
45102 50912
45202 11077
45302 63122
45402 60398
45502 8124
45602 42301
45702 50317
45802 9997
45902 18584
46002 50533
46102 15515
46202 59100
46302 57706
46402 62698
46502 37667
46602 58783
46702 60652
46802 28528
46902 40009
47002 26744
47102 44955
47202 24388
47302 53517
47402 31287
47502 46311
47602 21167
47702 31896
47802 18526
47902 45395
48002 10093
48102 35952
48202 45261
48302 37549
48402 57136
48502 65527
48602 33027
48702 660
48802 45599
48902 47575
49002 28114
49102 59332
49202 39253
49302 8432
49402 56164
49502 14504
49602 8362
49702 9653
49802 55330
49902 41650
50002 41310
50102 21227
50202 58511
50302 38585
50402 30916
50502 6701
50602 23858
50702 901
50802 23215
50902 28836
51002 36660
51102 35111
51202 52167
51302 19148
51402 64322
51502 48772
51602 62528
51702 14031
51802 5234
51902 50336
52002 49162
52102 53790
52202 5768
52302 46433
52402 49231
52502 48137
52602 60373
52702 38357
52802 12785
52902 28226
53002 57751
53102 2639
53202 30147
53302 58830
53402 9854
53502 2540
53602 47726
53702 8837
53802 49127
53902 470
54002 39255
54102 38448
54202 51869
54302 48899
54402 37292
54502 25343
54602 59106
54702 40968
54802 47059
54902 59209
55002 52992
55102 20182
55202 63364
55302 58996
55402 32204
55502 55983
55602 52130
55702 8778
55802 38066
55902 55178
56002 25615
56102 38644
56202 10473
56302 48829
56402 22118
56502 35295
56602 21668
56702 25030
56802 27431
56902 59470
57002 55126
57102 17498
57202 11016
57302 3142
57402 3241
57502 56707
57602 62233
57702 48038
57802 45938
57902 5448
58002 50898
58102 19910
58202 27354
58302 3913
58402 7349
58502 45574
58602 37358
58702 50705
58802 37584
58902 31075
59002 27738
59102 46113
59202 57068
59302 4433
59402 24536
59502 34144
59602 45675
59702 15998
59802 45289
59902 10773
60002 52050
60102 12253
60202 9426
60302 43545
60402 1189
60502 61586
60602 44392
60702 53380
60802 25731
60902 37035
61002 42364
61102 36149
61202 29908
61302 51582
61402 10559
61502 7332
61602 56185
61702 28673
61802 6597
61902 22357
62002 12801
62102 47041
62202 17484
62302 11326
62402 55622
62502 56741
62602 36765
62702 58808
62802 46697
62902 2538
63002 8410
63102 9899
63202 54554
63302 17646
63402 28476
63502 11373
63602 18102
63702 30355
63802 13135
63902 6527
64002 28479
64102 313
64202 48631
64302 4051
64402 65261
64502 58161
64602 60209
64702 27004
64802 3930
64902 17093
65002 31565
65102 11667
65202 65466
65302 1608
65402 46577
65502 63971
65602 16657
65702 39011
65802 9080
65902 24492
66002 54241
66102 12262
66202 39083
66302 45191
66402 31015
66502 3292
66602 6199
66702 23084
66802 48372
66902 35910
67002 37096
67102 42570
67202 1624
67302 48686
67402 62683
67502 30069
67602 59874
67702 27122
67802 45014
67902 4167
68002 38325
68102 46165
68202 35526
68302 40440
68402 2761
68502 26318
68602 61189
68702 31883
68802 57835
68902 40607
69002 385
69102 542
69202 1416
69302 2921
69402 17994
69502 26832
69602 33521
69702 5898
69802 33105
69902 8995
70002 59749
70102 44228
70202 23396
70302 1307
70402 63790
70502 9692
70602 38416
70702 13064
70802 27667
70902 51059
71002 33644
71102 27162
71202 45459
71302 5126
71402 54797
71502 43590
71602 23949
71702 19672
71802 40070
71902 31433
72002 14400
72102 14256
72202 19107
72302 359
72402 47183
72502 15662
72602 5069
72702 1434
72802 29317
72902 18492
73002 41190
73102 48960
73202 15925
73302 1074
73402 46378
73502 65297
73602 36176
73702 20172
73802 33703
73902 10668
74002 58411
74102 50792
74202 22923
74302 24581
74402 8473
74502 53155
74602 49567
74702 60143
74802 42466
74902 346
75002 33899
75102 11529
75202 57709
75302 8215
75402 48706
75502 54904
75602 40797
75702 65318
75802 4422
75902 18817
76002 18815
76102 9778
76202 61032
76302 50210
76402 65482
76502 52518
76602 59600
76702 25982
76802 30814
76902 60054
77002 6445
77102 36671
77202 55766
77302 12436
77402 3233
77502 30113
77602 7334
77702 48098
77802 45863
77902 30461
78002 58478
78102 45648
78202 40666
78302 29927
78402 51389
78502 36886
78602 37213
78702 64227
78802 3708
78902 44943
79002 32545
79102 27521
79202 56009
79302 35549
79402 31868
79502 44458
79602 6630
79702 4297
79802 37112
79902 51305
80002 46007
80102 56217
80202 21221
80302 34475
80402 42087
80502 32501
80602 21072
80702 63676
80802 43963
80902 39452
81002 42035
81102 52040
81202 30528
81302 52794
81402 50140
81502 57605
81602 40745
81702 28776
81802 42601
81902 60984
82002 36841
82102 7357
82202 33077
82302 40516
82402 49352
82502 37580
82602 46493
82702 41791
82802 6223
82902 48231
83002 28692
83102 95
83202 63614
83302 4796
83402 38627
83502 16967
83602 7395
83702 38527
83802 4566
83902 12370
84002 16757
84102 34591
84202 14900
84302 43696
84402 35268
84502 46363
84602 26865
84702 18591
84802 35125
84902 7571
85002 61017
85102 10321
85202 4025
85302 10307
85402 23625
85502 31167
85602 40641
85702 63243
85802 46137
85902 44693
86002 11216
86102 34788
86202 20531
86302 50946
86402 29816
86502 6198
86602 8477
86702 16262
86802 33246
86902 37708
87002 55785
87102 8570
87202 48346
87302 27011
87402 59035
87502 20703
87602 2335
87702 45300
87802 38305
87902 27001
88002 29794
88102 3016
88202 65032
88302 4315
88402 16233
88502 61287
88602 38523
88702 44409
88802 31070
88902 642
89002 64086
89102 20752
89202 39581
89302 41461
89402 18446
89502 24939
89602 55864
89702 63455
89802 22003
89902 51359
90002 31303
90102 35554
