102 19023
202 45238
302 49412
402 56427
502 48872
602 61937
702 15591
802 4407
902 7540
1002 51620
1102 60410
1202 27621
1302 27393
1402 24094
1502 40881
1602 32438
1702 33176
1802 45871
1902 45357
2002 62125
2102 25013
2202 29063
2302 57789
2402 21306
2502 56594
2602 39310
2702 36574
2802 44276
2902 37567
3002 45827
3102 49067
3202 55283
3302 51358
3402 35293
3502 657
3602 18231
3702 36365
3802 25770
3902 49050
4002 31047
4102 17448
4202 54049
4302 1478
4402 46902
4502 42932
4602 22840
4702 13398
4802 17372
4902 65477
5002 61910
5102 1697
5202 31780
5302 59197
5402 53961
5502 49466
5602 4091
5702 47800
5802 9980
5902 14712
6002 25467
6102 65123
6202 14656
6302 52375
6402 25565
6502 7861
6602 54943
6702 44864
6802 19269
6902 1307
7002 29330
7102 45398
7202 26421
7302 57698
7402 46430
7502 33747
7602 55583
7702 11764
7802 2174
7902 147
8002 32779
8102 19504
8202 52838
8302 63041
8402 56174
8502 12740
8602 5244
8702 9636
8802 54892
8902 51829
9002 22204
9102 39944
9202 8795
9302 55267
9402 41068
9502 42667
9602 60041
9702 12951
9802 30285
9902 28456
10002 3539
10102 20087
10202 56370
10302 51125
10402 42800
10502 26433
10602 4219
10702 58851
10802 30190
10902 18540
11002 33264
11102 14345
11202 49014
11302 36180
11402 27811
11502 47046
11602 43739
11702 2535
11802 35973
11902 54819
12002 12291
12102 55772
12202 31409
12302 58385
12402 34614
12502 59929
12602 52329
12702 60731
12802 28719
12902 56117
13002 21842
13102 33034
13202 27572
13302 53707
13402 49024
13502 32486
13602 6896
13702 43394
13802 58190
13902 48229
14002 27226
14102 2944
14202 18510
14302 15144
14402 44082
14502 47234
14602 12664
14702 61425
14802 61757
14902 58830
15002 29100
15102 4100
15202 58459
15302 48461
15402 28693
15502 60124
15602 6530
15702 55787
15802 64745
15902 5535
16002 59054
16102 53614
16202 54931
16302 39782
16402 60254
16502 22238
16602 31375
16702 33603
16802 19931
16902 7543
17002 51128
17102 5867
17202 19771
17302 2946
17402 8307
17502 44740
17602 29325
17702 53699
17802 34941
17902 2120
18002 20584
18102 37268
18202 6161
18302 3340
18402 47749
18502 11203
18602 13225
18702 30249
18802 14808
18902 20147
19002 45395
19102 41472
19202 50218
19302 62774
19402 59028
19502 19444
19602 50612
19702 62644
19802 53860
19902 11934
20002 31704
20102 15699
20202 10808
20302 14554
20402 37054
20502 19839
20602 28053
20702 8571
20802 1294
20902 43702
21002 30390
21102 19610
21202 26061
21302 7208
21402 39695
21502 17397
21602 39706
21702 47937
21802 4993
21902 27556
22002 27834
22102 60486
22202 38677
22302 45077
22402 58057
22502 23716
22602 57323
22702 36249
22802 28322
22902 43060
23002 59538
23102 22669
23202 48491
23302 19296
23402 30471
23502 47191
23602 34523
23702 36327
23802 53114
23902 15815
24002 11614
24102 9948
24202 18844
24302 5546
24402 33690
24502 18621
24602 22217
24702 26428
24802 8424
24902 4595
25002 64900
25102 62795
25202 7568
25302 54252
25402 33942
25502 37487
25602 12613
25702 49285
25802 24328
25902 63112
26002 3712
26102 19797
26202 35212
26302 51800
26402 46524
26502 35193
26602 8156
26702 54255
26802 46259
26902 38993
27002 39300
27102 11311
27202 11141
27302 26525
27402 31247
27502 46595
27602 59055
27702 29530
27802 14205
27902 43730
28002 35136
28102 33392
28202 62076
28302 28316
28402 3584
28502 21763
28602 8321
28702 47190
28802 58401
28902 45960
29002 37700
29102 59965
29202 15086
29302 22332
29402 26359
29502 65310
29602 9135
29702 7356
29802 6424
29902 8652
30002 47773
30102 10925
30202 54804
30302 28829
30402 3541
30502 36397
30602 39693
30702 48055
30802 51727
30902 31624
31002 22962
31102 1151
31202 61546
31302 60080
31402 22996
31502 40715
31602 19776
31702 30937
31802 51451
31902 58823
32002 49732
32102 50880
32202 2157
32302 59731
32402 30656
32502 37273
32602 35689
32702 37433
32802 31094
32902 52161
33002 54486
33102 22446
33202 45353
33302 39781
33402 29304
33502 57981
33602 63108
33702 57309
33802 29996
33902 17126
34002 53911
34102 53313
34202 63765
34302 30223
34402 21800
34502 30707
34602 30904
34702 54231
34802 21189
34902 33042
35002 61669
35102 25295
35202 5121
35302 60891
35402 52778
35502 59215
35602 39647
35702 39844
35802 35486
35902 27847
36002 23150
36102 29550
36202 61142
36302 9318
36402 20999
36502 30650
36602 41457
36702 23256
36802 22640
36902 53270
37002 16588
37102 2598
37202 37173
37302 32385
37402 9895
37502 3206
37602 43031
37702 61464
37802 2955
37902 3607
38002 60336
38102 52525
38202 64444
38302 6325
38402 51452
38502 4970
38602 36775
38702 40913
38802 40033
38902 12532
39002 36944
39102 10953
39202 13235
39302 25056
39402 13648
39502 44609
39602 38838
39702 49600
39802 52802
39902 62846
40002 52817
40102 459
40202 58250
40302 6860
40402 60363
40502 12916
40602 32821
40702 51406
40802 27085
40902 9749
41002 52105
41102 52287
41202 4607
41302 19927
41402 44084
41502 2286
41602 36885
41702 16659
41802 15605
41902 17708
42002 56396
42102 50786
42202 23426
42302 16480
42402 43839
42502 64806
42602 38121
42702 34587
42802 9678
42902 64499
43002 47656
43102 57596
43202 10503
43302 40354
43402 19820
43502 9659
43602 48638
43702 50388
43802 55057
43902 19132
44002 44921
44102 58714
44202 43631
44302 14903
44402 13908
44502 17734
44602 57350
44702 61142
44802 59567
44902 52972
45002 15009
45102 8195
45202 24705
45302 38517
45402 61337
45502 30643
45602 50183
45702 13327
45802 12934
45902 13248
46002 33344
46102 28618
46202 30694
46302 1068
46402 19593
46502 38473
46602 51355
46702 6972
46802 41914
46902 48202
47002 12500
47102 37152
47202 40678
47302 21318
47402 634
47502 41071
47602 35536
47702 35975
47802 10640
47902 41301
48002 57782
48102 22934
48202 14281
48302 50365
48402 44987
48502 1352
48602 57617
48702 32612
48802 2516
48902 7532
49002 20683
49102 12329
49202 12836
49302 21579
49402 21425
49502 31272
49602 61842
49702 3636
49802 26132
49902 23828
50002 684
50102 4388
50202 51568
50302 25068
50402 63407
50502 52777
50602 5591
50702 56521
50802 9883
50902 5898
51002 58694
51102 7480
51202 43470
51302 21745
51402 62587
51502 25324
51602 4870
51702 18226
51802 55266
51902 32851
52002 28759
52102 62083
52202 9721
52302 27475
52402 17378
52502 23536
52602 8095
52702 9499
52802 40531
52902 62468
53002 27082
53102 3244
53202 42655
53302 5134
53402 3166
53502 852
53602 36856
53702 64909
53802 5796
53902 34930
54002 7017
54102 35232
54202 50057
54302 48332
54402 52806
54502 55371
54602 21707
54702 10459
54802 54005
54902 30746
55002 35785
55102 47912
55202 54386
55302 61167
55402 57541
55502 59055
55602 7517
55702 32466
55802 61520
55902 33243
56002 58814
56102 18520
56202 18634
56302 31488
56402 19803
56502 5522
56602 50357
56702 1518
56802 41178
56902 54732
57002 8196
57102 7763
57202 19179
57302 25210
57402 50203
57502 37554
57602 25600
57702 57709
57802 32306
57902 24778
58002 15134
58102 10531
58202 52032
58302 6711
58402 23339
58502 61798
58602 55854
58702 15126
58802 64205
58902 34360
59002 13665
59102 59604
59202 34529
59302 40486
59402 44157
59502 20592
59602 64042
59702 3546
59802 62965
59902 9779
60002 5907
60102 25571
60202 64754
60302 45525
60402 9771
60502 26034
60602 12267
60702 37719
60802 3238
60902 35899
61002 32231
61102 5311
61202 32226
61302 30396
61402 1169
61502 4898
61602 21633
61702 20775
61802 19952
61902 30620
62002 11398
62102 2326
62202 19924
62302 42600
62402 2263
62502 13501
62602 41048
62702 3612
62802 63047
62902 36939
63002 34675
63102 11453
63202 21773
63302 31284
63402 12622
63502 22663
63602 62405
63702 13532
63802 33066
63902 21060
64002 32306
64102 37091
64202 16221
64302 26779
64402 52337
64502 14603
64602 60738
64702 30070
64802 14262
64902 14678
65002 7375
65102 61638
65202 24656
65302 59285
65402 38274
65502 57288
65602 56377
65702 8045
65802 6302
65902 37117
66002 12142
66102 24287
66202 6628
66302 7778
66402 17589
66502 45909
66602 27018
66702 12786
66802 52194
66902 50293
67002 4693
67102 49894
67202 35374
67302 12421
67402 40250
67502 33379
67602 34273
67702 32201
67802 5860
67902 10161
68002 9564
68102 39036
68202 2624
68302 17507
68402 9711
68502 49292
68602 44888
68702 37847
68802 19969
68902 35972
69002 44168
69102 19976
69202 29344
69302 17787
69402 29413
69502 15908
69602 34107
69702 29390
69802 42172
69902 89
70002 1547
70102 27103
70202 45554
70302 64705
70402 60190
70502 20954
70602 14018
70702 30567
70802 34696
70902 21381
71002 7835
71102 7713
71202 1345
71302 31296
71402 35601
71502 51206
71602 55847
71702 15002
71802 28128
71902 12539
72002 6262
72102 49165
72202 63794
72302 12168
72402 60277
72502 13747
72602 4562
72702 60514
72802 43112
72902 21285
73002 51943
73102 52124
73202 45391
73302 18789
73402 34523
73502 39001
73602 41998
73702 52972
73802 30475
73902 37785
74002 50325
74102 55255
74202 32785
74302 43401
74402 17139
74502 22038
74602 33082
74702 1321
74802 59633
74902 14293
75002 22950
75102 13632
75202 48634
75302 6946
75402 13512
75502 47000
75602 22839
75702 31678
75802 3711
75902 64688
76002 14202
76102 26668
76202 12005
76302 47971
76402 46724
76502 8368
76602 45706
76702 60083
76802 9095
76902 39461
77002 18922
77102 495
77202 37046
77302 48472
77402 50633
77502 25648
77602 10398
77702 45168
77802 45210
77902 55876
78002 37585
78102 5401
78202 40294
78302 27159
78402 8984
78502 15191
78602 45539
78702 57674
78802 22305
78902 53239
79002 2266
79102 53375
79202 32568
79302 45597
79402 5673
79502 42069
79602 33221
79702 19998
79802 53962
79902 29407
80002 38454
80102 39461
80202 13377
80302 49690
80402 46179
80502 22781
80602 58153
80702 21619
80802 34587
80902 23633
81002 56173
81102 19397
81202 10516
81302 36653
81402 33023
81502 57388
81602 64090
81702 45386
81802 4563
81902 54360
82002 22157
82102 13253
82202 23717
82302 2383
82402 24379
82502 21353
82602 53761
82702 23577
82802 36583
82902 52232
83002 12763
83102 21039
83202 55560
83302 39382
83402 57645
83502 25181
83602 6735
83702 51156
83802 37621
83902 21709
84002 15599
84102 51141
84202 32950
84302 54209
84402 22021
84502 26064
84602 17104
84702 42717
84802 16307
84902 47122
85002 42823
85102 53378
85202 56773
85302 21984
85402 21670
85502 35220
85602 18087
85702 31160
85802 43966
85902 20274
86002 41279
86102 31678
86202 16683
86302 27628
86402 36445
86502 36165
86602 41298
86702 1034
86802 48708
86902 58324
87002 11392
87102 37447
87202 49430
87302 18498
87402 64249
87502 19061
87602 23933
87702 1425
87802 63942
87902 37628
88002 59371
88102 46829
88202 49596
88302 51250
88402 20766
88502 22437
88602 39758
88702 9177
88802 12749
88902 44497
89002 44900
89102 34777
89202 42618
89302 32677
89402 10486
89502 60921
89602 21819
89702 49168
89802 28002
89902 8896
90002 26359
90102 23767
