102 28423
202 38136
302 64227
402 5886
502 702
602 40286
702 47929
802 39907
902 42212
1002 63815
1102 61907
1202 30690
1302 60
1402 64249
1502 58522
1602 46655
1702 26160
1802 23559
1902 27397
2002 60883
2102 56369
2202 63704
2302 2135
2402 30868
2502 39332
2602 25422
2702 42838
2802 42515
2902 27432
3002 4525
3102 42383
3202 30743
3302 48276
3402 48246
3502 44506
3602 11581
3702 36288
3802 38219
3902 37837
4002 28355
4102 64375
4202 24785
4302 43312
4402 22176
4502 17353
4602 61433
4702 52205
4802 32880
4902 30853
5002 45016
5102 33505
5202 22953
5302 6071
5402 51923
5502 54303
5602 18596
5702 17588
5802 56090
5902 62303
6002 22201
6102 2722
6202 10458
6302 40784
6402 54769
6502 26463
6602 46302
6702 55736
6802 9040
6902 34073
7002 21812
7102 57752
7202 20521
7302 9085
7402 16289
7502 20518
7602 50196
7702 38466
7802 34319
7902 6834
8002 21465
8102 7888
8202 35715
8302 36391
8402 55233
8502 28021
8602 59481
8702 1954
8802 20301
8902 24425
9002 51467
9102 33905
9202 58433
9302 50065
9402 53930
9502 51759
9602 46866
9702 44387
9802 19886
9902 20348
10002 28512
10102 62299
10202 25475
10302 34416
10402 26526
10502 6066
10602 43478
10702 12747
10802 26422
10902 3318
11002 32856
11102 49728
11202 22216
11302 14211
11402 39584
11502 53760
11602 35865
11702 2747
11802 2225
11902 2255
12002 8537
12102 34311
12202 1239
12302 5098
12402 61348
12502 50871
12602 44730
12702 4127
12802 9023
12902 51077
13002 51229
13102 65276
13202 13706
13302 19674
13402 37205
13502 5228
13602 52916
13702 834
13802 11077
13902 39318
14002 27699
14102 59455
14202 44892
14302 38999
14402 41101
14502 21238
14602 32304
14702 4832
14802 57025
14902 20964
15002 33328
15102 6645
15202 5017
15302 32225
15402 29505
15502 42015
15602 64630
15702 43765
15802 47246
15902 50981
16002 44519
16102 19099
16202 41434
16302 11526
16402 32176
16502 64639
16602 36054
16702 18045
16802 13277
16902 54037
17002 29849
17102 53528
17202 54485
17302 28877
17402 36268
17502 53848
17602 38895
17702 47299
17802 63917
17902 58378
18002 4452
18102 13177
18202 29738
18302 47592
18402 32257
18502 15610
18602 26072
18702 5307
18802 55302
18902 16879
19002 18481
19102 25966
19202 36506
19302 62704
19402 54956
19502 17321
19602 43102
19702 6144
19802 53831
19902 25509
20002 47136
20102 4178
20202 18602
20302 16158
20402 8975
20502 13212
20602 11018
20702 52400
20802 18094
20902 40050
21002 48015
21102 44064
21202 64357
21302 31803
21402 63915
21502 33001
21602 2405
21702 18674
21802 27480
21902 28624
22002 25402
22102 8366
22202 2614
22302 37986
22402 1248
22502 56883
22602 52421
22702 63937
22802 47348
22902 3977
23002 61899
23102 1400
23202 49527
23302 18145
23402 45471
23502 21813
23602 31933
23702 30197
23802 33972
23902 23669
24002 56207
24102 26445
24202 16671
24302 52950
24402 60712
24502 18935
24602 2456
24702 30945
24802 13437
24902 58514
25002 8545
25102 27773
25202 30726
25302 5382
25402 45550
25502 63829
25602 42700
25702 10646
25802 14878
25902 59851
26002 47043
26102 49734
26202 53558
26302 18425
26402 56823
26502 63302
26602 37642
26702 35740
26802 62385
26902 63773
27002 53818
27102 55608
27202 29834
27302 50342
27402 17634
27502 25866
27602 8223
27702 45031
27802 47843
27902 15463
28002 28622
28102 23978
28202 62715
28302 13329
28402 55913
28502 24456
28602 19631
28702 10983
28802 27271
28902 25027
29002 50356
29102 26246
29202 40884
29302 31950
29402 30546
29502 18090
29602 63521
29702 20450
29802 10073
29902 21753
30002 19512
30102 3553
30202 17842
30302 23885
30402 55530
30502 1065
30602 64092
30702 5760
30802 2070
30902 5994
31002 41032
31102 9985
31202 1686
31302 3306
31402 55653
31502 52810
31602 48936
31702 11689
31802 34265
31902 63142
32002 22642
32102 39164
32202 32338
32302 13748
32402 43147
32502 50267
32602 48186
32702 55210
32802 17153
32902 5115
33002 2808
33102 64114
33202 44413
33302 6346
33402 25454
33502 10517
33602 25335
33702 11738
33802 43175
33902 1990
34002 57223
34102 42149
34202 42163
34302 10420
34402 43433
34502 18584
34602 17446
34702 17060
34802 64614
34902 147
35002 12246
35102 42345
35202 13869
35302 1928
35402 64836
35502 53374
35602 16010
35702 12273
35802 37844
35902 47491
36002 57661
36102 51310
36202 17924
36302 62957
36402 26447
36502 26184
36602 20881
36702 35367
36802 38985
36902 50785
37002 29236
37102 50706
37202 25448
37302 44284
37402 48452
37502 38155
37602 44093
37702 63521
37802 18082
37902 12094
38002 61366
38102 45968
38202 16736
38302 61183
38402 58948
38502 40481
38602 47387
38702 3003
38802 64474
38902 41053
39002 45569
39102 65184
39202 10684
39302 26572
39402 10236
39502 24100
39602 42869
39702 54315
39802 24815
39902 24666
40002 17836
40102 58234
40202 28638
40302 46157
40402 59919
40502 51309
40602 60706
40702 61837
40802 35427
40902 9988
41002 36033
41102 34424
41202 8524
41302 1343
41402 64144
41502 22937
41602 63758
41702 48401
41802 11924
41902 54085
42002 34050
42102 6659
42202 1659
42302 2615
42402 1964
42502 12848
42602 21596
42702 35793
42802 27153
42902 5035
43002 39265
43102 28955
43202 57266
43302 35190
43402 43788
43502 4249
43602 54952
43702 23669
43802 50109
43902 62192
44002 19953
44102 2286
44202 29511
44302 17292
44402 63860
44502 56690
44602 38910
44702 19474
44802 13758
44902 56605
45002 19961
45102 57775
45202 13529
45302 18764
45402 59985
45502 1940
45602 39086
45702 45304
45802 6165
45902 15003
46002 53188
46102 39945
46202 4620
46302 23731
46402 31645
46502 20391
46602 54339
46702 48289
46802 13871
46902 34820
47002 51372
47102 40054
47202 41379
47302 58289
47402 58645
47502 12609
47602 59476
47702 13645
47802 13523
47902 17535
48002 9134
48102 39290
48202 48709
48302 26734
48402 42855
48502 5878
48602 10533
48702 41938
48802 5791
48902 30807
49002 28290
49102 4705
49202 62020
49302 34767
49402 60566
49502 6318
49602 35600
49702 29712
49802 13526
49902 9575
50002 61639
50102 37570
50202 9428
50302 16510
50402 46196
50502 64987
50602 26734
50702 4568
50802 16644
50902 34537
51002 59771
51102 3090
51202 63527
51302 17718
51402 40694
51502 18240
51602 50469
51702 9380
51802 22615
51902 183
52002 5631
52102 33722
52202 60389
52302 11355
52402 57269
52502 54800
52602 65318
52702 16510
52802 12958
52902 28798
53002 48906
53102 15734
53202 54847
53302 4543
53402 43722
53502 33286
53602 23654
53702 10026
53802 25483
53902 53167
54002 4029
54102 63469
54202 36387
54302 65154
54402 14033
54502 49120
54602 60766
54702 54673
54802 44200
54902 8495
55002 49580
55102 63202
55202 36495
55302 38441
55402 28589
55502 6374
55602 5267
55702 31085
55802 44509
55902 34311
56002 12687
56102 8642
56202 26968
56302 32628
56402 34461
56502 10250
56602 3931
56702 49486
56802 63287
56902 46581
57002 31471
57102 459
57202 25087
57302 24238
57402 9169
57502 35799
57602 21442
57702 9431
57802 15967
57902 42446
58002 27240
58102 24418
58202 15999
58302 32975
58402 41932
58502 22896
58602 39574
58702 23950
58802 43822
58902 47692
59002 43002
59102 40204
59202 16205
59302 10884
59402 12787
59502 33354
59602 35028
59702 16985
59802 64078
59902 43152
60002 61018
60102 23861
60202 32871
60302 50894
60402 8461
60502 43279
60602 24895
60702 13929
60802 4238
60902 61062
61002 6050
61102 3952
61202 48956
61302 61152
61402 47378
61502 16983
61602 16200
61702 64576
61802 17538
61902 21450
62002 37287
62102 61661
62202 39864
62302 61140
62402 22565
62502 4163
62602 48302
62702 26482
62802 54708
62902 51764
63002 24481
63102 62892
63202 55686
63302 57500
63402 41282
63502 57509
63602 2550
63702 6073
63802 46235
63902 63999
64002 30322
64102 44897
64202 48757
64302 13977
64402 58706
64502 44947
64602 58625
64702 52023
64802 53004
64902 8074
65002 64834
65102 58322
65202 7316
65302 28921
65402 6312
65502 5770
65602 33506
65702 15897
65802 37329
65902 10790
66002 25145
66102 21301
66202 34914
66302 11652
66402 46329
66502 23834
66602 27154
66702 45126
66802 29272
66902 34672
67002 64717
67102 45866
67202 482
67302 61773
67402 12371
67502 38063
67602 37945
67702 53322
67802 11753
67902 42817
68002 32690
68102 39079
68202 36155
68302 43813
68402 11957
68502 59790
68602 15097
68702 27421
68802 8731
68902 26805
69002 20073
69102 15434
69202 51072
69302 31101
69402 50314
69502 38890
69602 61111
69702 14289
69802 43508
69902 9050
70002 32734
70102 24194
70202 57529
70302 12942
70402 50346
70502 19763
70602 34112
70702 64289
70802 55747
70902 7559
71002 40927
71102 42988
71202 28645
71302 20834
71402 45712
71502 39038
71602 60396
71702 54569
71802 3653
71902 14058
72002 1486
72102 15118
72202 7434
72302 2094
72402 63880
72502 52163
72602 50708
72702 6072
72802 54746
72902 65057
73002 29571
73102 61423
73202 29415
73302 37300
73402 45560
73502 51779
73602 3202
73702 23122
73802 34180
73902 62769
74002 28929
74102 47721
74202 10076
74302 210
74402 64527
74502 1215
74602 37711
74702 9074
74802 54433
74902 39684
75002 54183
75102 62461
75202 48931
75302 49501
75402 24368
75502 3912
75602 39468
75702 9127
75802 28029
75902 7059
76002 10096
76102 11565
76202 42232
76302 13062
76402 48891
76502 39978
76602 21487
76702 59230
76802 42707
76902 23971
77002 8999
77102 6034
77202 48039
77302 62897
77402 42874
77502 59796
77602 29061
77702 9698
77802 17833
77902 51816
78002 1854
78102 64258
78202 45462
78302 59581
78402 51833
78502 9257
78602 9598
78702 55295
78802 58929
78902 45526
79002 33073
79102 19968
79202 29771
79302 41429
79402 19526
79502 10256
79602 50621
79702 16886
79802 43397
79902 9997
80002 32772
80102 64812
80202 23199
80302 39920
80402 13192
80502 38024
80602 43104
80702 36718
80802 8354
80902 41774
81002 36998
81102 11812
81202 12014
81302 44573
81402 7768
81502 27105
81602 21026
81702 46988
81802 46264
81902 47119
82002 60398
82102 53751
82202 9515
82302 44697
82402 23090
82502 11653
82602 40176
82702 25464
82802 27390
82902 34127
83002 51536
83102 11737
83202 55825
83302 48510
83402 4657
83502 48795
83602 4666
83702 24785
83802 4620
83902 21609
84002 13215
84102 25395
84202 2890
84302 55418
84402 16148
84502 14756
84602 20145
84702 63114
84802 27162
84902 56360
85002 45935
85102 2281
85202 64340
85302 9412
85402 60360
85502 5502
85602 5725
85702 38871
85802 19163
85902 34175
86002 46195
86102 20408
86202 56317
86302 43834
86402 57324
86502 41683
86602 46048
86702 8693
86802 39276
86902 35188
87002 3724
87102 46797
87202 49994
87302 9118
87402 21288
87502 65509
87602 56142
87702 18734
87802 37252
87902 7553
88002 18580
88102 10736
88202 21359
88302 46048
88402 38755
88502 21179
88602 54885
88702 50055
88802 23752
88902 2840
89002 17704
89102 34896
89202 19100
89302 19695
89402 53783
89502 58103
89602 10919
89702 41588
89802 58190
89902 8271
90002 42709
90102 40625
90202 14723
90302 24199
90402 49427
90502 55494
