102 50974
202 64814
302 45573
402 49996
502 13146
602 53664
702 51126
802 30631
902 3072
1002 44342
1102 6892
1202 28959
1302 26921
1402 50884
1502 54555
1602 49574
1702 39874
1802 9285
1902 14299
2002 18784
2102 43538
2202 54044
2302 64311
2402 16456
2502 32565
2602 56274
2702 2345
2802 8636
2902 37579
3002 34229
3102 49817
3202 30
3302 333
3402 22110
3502 16044
3602 55128
3702 43624
3802 20231
3902 4374
4002 60991
4102 43951
4202 43268
4302 47274
4402 39832
4502 35959
4602 54568
4702 39015
4802 52372
4902 33642
5002 37103
5102 59129
5202 18810
5302 31591
5402 668
5502 35854
5602 59698
5702 29295
5802 28314
5902 14059
6002 30826
6102 31289
6202 12492
6302 58969
6402 48181
6502 42140
6602 25642
6702 49033
6802 9208
6902 27334
7002 42495
7102 29569
7202 41438
7302 18657
7402 65122
7502 46675
7602 50547
7702 59206
7802 57031
7902 11918
8002 57368
8102 63866
8202 564
8302 1621
8402 48065
8502 2591
8602 14508
8702 33864
8802 57294
8902 6487
9002 32048
9102 28025
9202 47994
9302 59265
9402 52302
9502 60127
9602 33368
9702 20013
9802 37907
9902 31936
10002 42785
10102 2764
10202 44647
10302 3363
10402 1645
10502 24377
10602 8395
10702 33216
10802 8621
10902 5972
11002 53838
11102 40169
11202 49829
11302 38428
11402 41610
11502 15541
11602 51123
11702 25031
11802 933
11902 1964
12002 14002
12102 59453
12202 20210
12302 4230
12402 50619
12502 11360
12602 29802
12702 31436
12802 28217
12902 18852
13002 35672
13102 7850
13202 17895
13302 16582
13402 18646
13502 34832
13602 36174
13702 40976
13802 46088
13902 64267
14002 45984
14102 14163
14202 49085
14302 15951
14402 40679
14502 37522
14602 6455
14702 55661
14802 6741
14902 46500
15002 26322
15102 38086
15202 33628
15302 49063
15402 26087
15502 22391
15602 9233
15702 54510
15802 63308
15902 58109
16002 24147
16102 32032
16202 62930
16302 6737
16402 59102
16502 37714
16602 18852
16702 62353
16802 39895
16902 62718
17002 26330
17102 11183
17202 17235
17302 63674
17402 2127
17502 48101
17602 60988
17702 55461
17802 8448
17902 20486
18002 21646
18102 49607
18202 40193
18302 63227
18402 50504
18502 63609
18602 12346
18702 22696
18802 62014
18902 65008
19002 19330
19102 14798
19202 65340
19302 47792
19402 1858
19502 22523
19602 25977
19702 64281
19802 29775
19902 28632
20002 51998
20102 57229
20202 12880
20302 13653
20402 16049
20502 11873
20602 65477
20702 47897
20802 7727
20902 62383
21002 37531
21102 50297
21202 6859
21302 51756
21402 50094
21502 55103
21602 9043
21702 155
21802 10610
21902 14566
22002 13525
22102 22909
22202 28167
22302 863
22402 51193
22502 54999
22602 31298
22702 41330
22802 7011
22902 21699
23002 31238
23102 25190
23202 5873
23302 64331
23402 16283
23502 5284
23602 21162
23702 63507
23802 57246
23902 39742
24002 38522
24102 33967
24202 23260
24302 21174
24402 52956
24502 52038
24602 33499
24702 14059
24802 41620
24902 45012
25002 53865
25102 36955
25202 25870
25302 52183
25402 60259
25502 38097
25602 6225
25702 57644
25802 7143
25902 41157
26002 48349
26102 25453
26202 55391
26302 49819
26402 64898
26502 61637
26602 22161
26702 47823
26802 46218
26902 13775
27002 4176
27102 6399
27202 21576
27302 4467
27402 19128
27502 54878
27602 53818
27702 30019
27802 16823
27902 1670
28002 6826
28102 15526
28202 61899
28302 9781
28402 8973
28502 31816
28602 61523
28702 27657
28802 18913
28902 1705
29002 12393
29102 56039
29202 41116
29302 23761
29402 39059
29502 18639
29602 14313
29702 52888
29802 55554
29902 6662
30002 41119
30102 36098
30202 19055
30302 57012
30402 46845
30502 49781
30602 61024
30702 56195
30802 19425
30902 57198
31002 35069
31102 5910
31202 36674
31302 18823
31402 37129
31502 3802
31602 61344
31702 39835
31802 9281
31902 47111
32002 56251
32102 26306
32202 10335
32302 20507
32402 43930
32502 45567
32602 3211
32702 36222
32802 13370
32902 23965
33002 31347
33102 9435
33202 36052
33302 18737
33402 23941
33502 16164
33602 28116
33702 45988
33802 24745
33902 37097
34002 23273
34102 14698
34202 23210
34302 19176
34402 7414
34502 16143
34602 14251
34702 25818
34802 13947
34902 44280
35002 42219
35102 7296
35202 39487
35302 26325
35402 167
35502 9807
35602 30963
35702 101
35802 33398
35902 62109
36002 41666
36102 40973
36202 14857
36302 51947
36402 56705
36502 63092
36602 65307
36702 56317
36802 57808
36902 65140
37002 59065
37102 46147
37202 43621
37302 50731
37402 552
37502 21967
37602 65421
37702 37982
37802 57331
37902 54497
38002 15463
38102 12523
38202 6193
38302 25022
38402 7462
38502 8073
38602 46985
38702 14053
38802 34291
38902 28924
39002 51840
39102 12162
39202 864
39302 26066
39402 62757
39502 27407
39602 60866
39702 11818
39802 58728
39902 26627
40002 3237
40102 33977
40202 1588
40302 53275
40402 39471
40502 39109
40602 28098
40702 2937
40802 25543
40902 38740
41002 18098
41102 48211
41202 9829
41302 22929
41402 28699
41502 34776
41602 17176
41702 55704
41802 36116
41902 44371
42002 62189
42102 40031
42202 44308
42302 41928
42402 2114
42502 32994
42602 19570
42702 13155
42802 2148
42902 9460
43002 17432
43102 25395
43202 13359
43302 52007
43402 29890
43502 34278
43602 46235
43702 52689
43802 5848
43902 29437
44002 48374
44102 63427
44202 1115
44302 2861
44402 16120
44502 20075
44602 48882
44702 62623
44802 13046
44902 30440
45002 1572
45102 6951
45202 54281
45302 27165
45402 20453
45502 1798
45602 35405
45702 28488
45802 51470
45902 53080
46002 28297
46102 45464
46202 58025
46302 13650
46402 52540
46502 45866
46602 35500
46702 7860
46802 19228
46902 11649
47002 58179
47102 1840
47202 20344
47302 53680
47402 20676
47502 16512
47602 55968
47702 28178
47802 35730
47902 35759
48002 3695
48102 16170
48202 45768
48302 10467
48402 57579
48502 62157
48602 22159
48702 9263
48802 22687
48902 61320
49002 45666
49102 8509
49202 37428
49302 60906
49402 56181
49502 2855
49602 21793
49702 43301
49802 9288
49902 37282
50002 50346
50102 30093
50202 9684
50302 40786
50402 43088
50502 12546
50602 43947
50702 35156
50802 8422
50902 33991
51002 55703
51102 3302
51202 29069
51302 4041
51402 48750
51502 44100
51602 44735
51702 44155
51802 48827
51902 9527
52002 22667
52102 31051
52202 5114
52302 57725
52402 25231
52502 53242
52602 5815
52702 62793
52802 54409
52902 10002
53002 33100
53102 13036
53202 42416
53302 12674
53402 61396
53502 37408
53602 6542
53702 61246
53802 23217
53902 6639
54002 44071
54102 63434
54202 46355
54302 15995
54402 13325
54502 58158
54602 22567
54702 18333
54802 44779
54902 2108
55002 33830
55102 17731
55202 16644
55302 15741
55402 43999
55502 63811
55602 33817
55702 38027
55802 56205
55902 57114
56002 48463
56102 55180
56202 19764
56302 33966
56402 31523
56502 49722
56602 47814
56702 55386
56802 39244
56902 24124
57002 22620
57102 2965
57202 11368
57302 56906
57402 61454
57502 8592
57602 59927
57702 32299
57802 23692
57902 41842
58002 6983
58102 62206
58202 60211
58302 10134
58402 64370
58502 45510
58602 21660
58702 41508
58802 24068
58902 64185
59002 60595
59102 45021
59202 12028
59302 9724
59402 25972
59502 22560
59602 48704
59702 62404
59802 27229
59902 28742
60002 32224
60102 57637
60202 4707
60302 64251
60402 52583
60502 28805
60602 34792
60702 12358
60802 38054
60902 40416
61002 49835
61102 37480
61202 36100
61302 28633
61402 23211
61502 39094
61602 39013
61702 43571
61802 40265
61902 391
62002 22901
62102 50562
62202 24090
62302 22259
62402 59821
62502 3511
62602 60966
62702 59020
62802 9657
62902 29624
63002 14181
63102 2876
63202 1316
63302 44090
63402 7188
63502 21856
63602 65083
63702 28658
63802 29946
63902 58198
64002 50273
64102 4752
64202 47044
64302 62230
64402 42157
64502 23711
64602 8572
64702 38256
64802 12976
64902 26694
65002 3609
65102 25646
65202 1681
65302 39416
65402 53594
65502 25956
65602 28823
65702 39115
65802 60752
65902 38965
66002 22463
66102 40161
66202 47843
66302 18773
66402 46066
66502 56290
66602 42819
66702 131
66802 32560
66902 64355
67002 57652
67102 42371
67202 62702
67302 21598
67402 34316
67502 21616
67602 63889
67702 12712
67802 4202
67902 18604
68002 10538
68102 3088
68202 22683
68302 59221
68402 55152
68502 52926
68602 29487
68702 9448
68802 43253
68902 23556
69002 55087
69102 50389
69202 40621
69302 13807
69402 20639
69502 26917
69602 41373
69702 59690
69802 22196
69902 60232
70002 51892
70102 33004
70202 12676
70302 9170
70402 33934
70502 1990
70602 46946
70702 9347
70802 28081
70902 7970
71002 17239
71102 39376
71202 64120
71302 32150
71402 20646
71502 63992
71602 12415
71702 60622
71802 43701
71902 29461
72002 7256
72102 33038
72202 56760
72302 27227
72402 16402
72502 30177
72602 38704
72702 3194
72802 24350
72902 1929
73002 23180
73102 53446
73202 57474
73302 1336
73402 63670
73502 56184
73602 1183
73702 27522
73802 13475
73902 50764
74002 63274
74102 34365
74202 24476
74302 35686
74402 64248
74502 5606
74602 45708
74702 32245
74802 39877
74902 33663
75002 63013
75102 57674
75202 23395
75302 5546
75402 42142
75502 8995
75602 32884
75702 29082
75802 7411
75902 6660
76002 59423
76102 9370
76202 60587
76302 42924
76402 36332
76502 10810
76602 11999
76702 54796
76802 12624
76902 49608
77002 26594
77102 28372
77202 54989
77302 4297
77402 34738
77502 42795
77602 51656
77702 54119
77802 11592
77902 51801
78002 53675
78102 25222
78202 59974
78302 37001
78402 33294
78502 42594
78602 30483
78702 19425
78802 38980
78902 31888
79002 27185
79102 39701
79202 30310
79302 55485
79402 44146
79502 42811
79602 20898
79702 35943
79802 1006
79902 40390
80002 42769
80102 60492
80202 17965
80302 52318
80402 6355
80502 53193
80602 11102
80702 4656
80802 19097
80902 12157
81002 1799
81102 49257
81202 5754
81302 880
81402 21309
81502 3391
81602 25061
81702 2150
81802 63668
81902 15346
82002 58146
82102 52944
82202 12945
82302 47097
82402 2720
82502 32636
82602 33585
82702 26952
82802 17457
82902 57548
83002 18508
83102 33250
83202 37582
83302 50760
83402 5452
83502 22163
83602 61268
83702 35191
83802 6781
83902 61005
84002 30424
84102 51986
84202 54299
84302 41302
84402 65485
84502 52879
84602 1958
84702 23641
84802 12622
84902 40288
85002 11841
85102 19305
85202 21683
85302 6541
85402 53600
85502 39156
85602 508
85702 22000
85802 37474
85902 6622
86002 22934
86102 40399
86202 6201
86302 48338
86402 14901
86502 41462
86602 14778
86702 55385
86802 6547
86902 63675
87002 27566
87102 18185
87202 56444
87302 33050
87402 20300
87502 59279
87602 58341
87702 15432
87802 24565
87902 62785
88002 22640
88102 9878
88202 36121
88302 38308
88402 26834
88502 63663
88602 49645
88702 60301
88802 29098
88902 8055
89002 44111
89102 27311
89202 26644
89302 61183
89402 62525
89502 6058
89602 39986
89702 23908
89802 39528
89902 44256
90002 26237
90102 29553
