102 13933
202 21554
302 45915
402 51249
502 31840
602 8991
702 30025
802 40057
902 3766
1002 59867
1102 55153
1202 42331
1302 18228
1402 53333
1502 19876
1602 40672
1702 59857
1802 13822
1902 46719
2002 25676
2102 51684
2202 51088
2302 32779
2402 56232
2502 49197
2602 6660
2702 11238
2802 54805
2902 11235
3002 3642
3102 57271
3202 65022
3302 29671
3402 34219
3502 23834
3602 61605
3702 58667
3802 28668
3902 53296
4002 49510
4102 63675
4202 19918
4302 47036
4402 2373
4502 61442
4602 50816
4702 37523
4802 49302
4902 32024
5002 5451
5102 49969
5202 6830
5302 1016
5402 56351
5502 13415
5602 8006
5702 49696
5802 27192
5902 30080
6002 35751
6102 39426
6202 11317
6302 24362
6402 13184
6502 50464
6602 48648
6702 31577
6802 60556
6902 1799
7002 59901
7102 27035
7202 13715
7302 18469
7402 49379
7502 31795
7602 39526
7702 54332
7802 13060
7902 44747
8002 61659
8102 19335
8202 63891
8302 20873
8402 57854
8502 11514
8602 47843
8702 20781
8802 26780
8902 22818
9002 31997
9102 49308
9202 57455
9302 56033
9402 37833
9502 15023
9602 63442
9702 11939
9802 37246
9902 11681
10002 40406
10102 39946
10202 30872
10302 43161
10402 15025
