102 8300
202 7600
302 50157
402 37570
502 6999
602 42617
702 8266
802 64948
902 44382
1002 50347
1102 35939
1202 56854
1302 20238
1402 62677
1502 19142
1602 25943
1702 51339
1802 20384
1902 1310
2002 42187
2102 17140
2202 26929
2302 15896
2402 28346
2502 30105
2602 36465
2702 31210
2802 29165
2902 41552
3002 16191
3102 33410
3202 5817
3302 27205
3402 25801
3502 59731
3602 10140
3702 28255
3802 25851
3902 14473
4002 63518
4102 29392
4202 27714
4302 15635
4402 38108
4502 10245
4602 57315
4702 30206
4802 35550
4902 56545
5002 63156
5102 14397
5202 28835
5302 58408
5402 42002
5502 2534
5602 9162
5702 36649
5802 11528
5902 19514
6002 17895
6102 35431
6202 40230
6302 51189
6402 59311
6502 14712
6602 28444
6702 23502
6802 24804
6902 34564
7002 56500
7102 5709
7202 7983
7302 44012
7402 38824
7502 654
7602 4241
7702 24712
7802 58313
7902 43555
8002 18169
8102 450
8202 8351
8302 25744
8402 14777
8502 44938
8602 59136
8702 16825
8802 51667
8902 20854
9002 27465
9102 54719
9202 63187
9302 34996
9402 12815
9502 23939
9602 51691
9702 17558
9802 3582
9902 42917
10002 37549
10102 61287
10202 42657
10302 3376
10402 35168
10502 54592
10602 40012
10702 33457
10802 23245
10902 53957
11002 59195
11102 5164
11202 61127
11302 63035
11402 51063
11502 16454
11602 27536
11702 19508
11802 64787
11902 16747
12002 59272
12102 29604
12202 52092
12302 38608
12402 4841
12502 61577
12602 21584
12702 18211
12802 20345
12902 25327
13002 25741
13102 38972
13202 967
13302 45932
13402 11469
13502 28776
13602 9494
13702 65212
13802 29738
13902 31285
14002 56775
14102 30321
14202 34612
14302 6133
14402 17739
14502 62414
14602 21206
14702 17398
14802 19155
14902 8821
15002 48601
15102 31648
15202 15477
15302 63725
15402 55298
15502 573
15602 15595
15702 14606
15802 54316
15902 28952
16002 5214
16102 3521
16202 51667
16302 30482
16402 37610
16502 19687
16602 28006
16702 42553
16802 24105
16902 29423
17002 50883
17102 15422
17202 29281
17302 12640
17402 19398
17502 20247
17602 35016
17702 61994
17802 59608
17902 62743
18002 31069
18102 38096
18202 2739
18302 23855
18402 18243
18502 64347
18602 62814
18702 23472
18802 23999
18902 62185
19002 27268
19102 34280
19202 63525
19302 23836
19402 35258
19502 16284
19602 58516
19702 60387
19802 17941
19902 16464
20002 65417
20102 35858
20202 1049
20302 62726
20402 26300
20502 15804
20602 59242
20702 32652
20802 36191
20902 25056
21002 27946
21102 13701
21202 51204
21302 42174
21402 26734
21502 19366
21602 54038
21702 63937
21802 35807
21902 43711
22002 14298
22102 57160
22202 103
22302 34558
22402 18042
22502 37376
22602 40796
22702 14997
22802 5933
22902 25828
23002 50356
23102 22091
23202 6647
23302 51687
23402 6107
23502 15914
23602 18214
23702 58578
23802 37750
23902 13892
24002 59768
24102 62905
24202 18031
24302 58766
24402 34569
24502 43642
24602 57617
24702 5103
24802 37508
24902 11111
25002 13251
25102 9084
25202 37222
25302 8260
25402 20542
25502 63328
25602 61139
25702 16611
25802 28156
25902 59149
26002 36293
26102 45309
26202 55781
26302 29959
26402 47163
26502 45405
26602 19810
26702 56115
26802 11886
26902 61938
27002 11802
27102 9616
27202 10762
27302 62971
27402 42875
27502 14782
27602 27409
27702 37570
27802 34822
27902 15074
28002 3059
28102 29025
28202 21797
28302 31126
28402 10646
28502 32355
28602 42625
28702 63800
28802 16122
28902 6148
29002 29497
29102 42845
29202 47244
29302 5877
29402 52175
29502 7003
29602 4430
29702 21745
29802 26770
29902 11351
30002 2112
30102 26836
30202 28413
30302 42296
30402 39454
30502 18515
30602 53301
30702 8178
30802 40877
30902 18640
31002 52398
31102 21618
31202 27555
31302 1189
31402 35854
31502 49124
31602 19837
31702 23471
31802 58087
31902 29771
32002 16591
32102 24575
32202 53681
32302 37241
32402 44628
32502 35285
32602 26149
32702 1691
32802 60949
32902 13191
33002 34304
33102 26174
33202 20573
33302 15854
33402 48802
33502 3544
33602 62375
33702 19580
33802 34394
33902 19641
34002 56519
34102 24728
34202 51607
34302 56245
34402 64428
34502 39269
34602 60623
34702 24240
34802 22518
34902 37662
35002 46970
35102 43583
35202 54079
35302 32422
35402 52303
35502 1764
35602 58932
35702 21635
35802 62194
35902 61552
36002 46505
36102 18865
36202 41720
36302 45765
36402 29404
36502 52782
36602 29996
36702 47647
36802 61824
36902 36573
37002 64696
37102 55752
37202 60733
37302 50774
37402 60488
37502 57831
37602 21279
37702 37100
37802 3343
37902 51901
38002 50703
38102 43596
38202 11408
38302 42535
38402 22369
38502 42558
38602 29818
38702 55891
38802 28345
38902 50802
39002 40644
39102 4951
39202 29699
39302 31952
39402 48014
39502 4739
39602 44069
39702 43428
39802 7606
39902 16948
40002 1978
40102 63200
40202 29525
40302 26841
40402 18837
40502 19017
40602 8894
40702 23883
40802 34992
40902 7594
41002 52624
41102 38069
41202 55364
41302 21827
41402 22308
41502 58511
41602 1036
41702 6975
41802 21146
41902 25185
42002 56492
42102 10672
42202 51616
42302 33499
42402 17435
42502 31492
42602 59548
42702 28029
42802 26070
42902 4605
43002 28897
43102 60878
43202 34299
43302 60565
43402 16087
43502 27125
43602 19595
43702 12740
43802 46622
43902 27659
44002 8
44102 11925
44202 48779
44302 8972
44402 19122
44502 48825
44602 19606
44702 26170
44802 23487
44902 40648
45002 29347
45102 24159
45202 49224
45302 58142
45402 18976
45502 18486
45602 31417
45702 12422
45802 31967
45902 50674
46002 35302
46102 30025
46202 59187
46302 35656
46402 45822
46502 36441
46602 30333
46702 36008
46802 11231
46902 10840
47002 50340
47102 29627
47202 62788
47302 46224
47402 59552
47502 16888
47602 14349
47702 22019
47802 9693
47902 22641
48002 27874
48102 50111
48202 11859
48302 45176
48402 56658
48502 22709
48602 26293
48702 24184
48802 33267
48902 37758
49002 48479
49102 16192
49202 13320
49302 30545
49402 61216
49502 54585
49602 47344
49702 5839
49802 45233
49902 18209
50002 29146
50102 62989
50202 46504
50302 16126
50402 60186
50502 41867
50602 11859
50702 30711
50802 49475
50902 50775
51002 33927
51102 39186
51202 20182
51302 62248
51402 605
51502 58379
51602 43569
51702 24258
51802 11152
51902 23133
52002 18956
52102 16895
52202 15716
52302 51686
52402 27080
52502 60467
52602 7216
52702 51895
52802 4722
52902 63829
53002 32770
53102 19312
53202 34314
53302 44879
53402 3440
53502 30199
53602 40833
53702 24375
53802 44211
53902 64101
54002 37777
54102 10011
54202 39992
54302 23034
54402 61357
54502 26268
54602 18707
54702 6731
54802 19091
54902 54686
55002 22012
55102 19706
55202 51190
55302 11255
55402 61434
55502 62277
55602 50998
55702 32512
55802 14862
55902 27821
56002 8976
56102 10423
56202 38060
56302 44095
56402 42950
56502 16600
56602 5582
56702 5225
56802 27653
56902 20940
57002 62325
57102 49591
57202 49737
57302 55859
57402 19264
57502 32455
57602 49324
57702 2833
57802 36963
57902 22425
58002 64591
58102 7432
58202 19049
58302 19389
58402 19121
58502 48725
58602 21146
58702 54905
58802 64086
58902 48869
59002 38923
59102 31325
59202 46931
59302 58467
59402 53377
59502 13901
59602 13360
59702 11125
59802 61575
59902 24435
60002 16427
60102 35600
60202 47132
60302 9673
60402 37758
60502 47027
60602 7128
60702 52506
60802 51656
60902 46614
61002 20195
61102 47699
61202 25512
61302 3053
61402 27708
61502 8790
61602 3125
61702 35203
61802 1111
61902 49702
62002 26106
62102 60211
62202 26403
62302 32613
62402 11268
62502 6085
62602 55739
62702 62926
62802 62738
62902 3837
63002 51927
63102 388
63202 62790
63302 42943
63402 61754
63502 31942
63602 46185
63702 24635
63802 48236
63902 4879
64002 55972
64102 19931
64202 30963
64302 30097
64402 44919
64502 38269
64602 20651
64702 64297
64802 11568
64902 57305
65002 53476
65102 7146
65202 56514
65302 15135
65402 59362
65502 2303
65602 2810
65702 11350
65802 29211
65902 32609
66002 43485
66102 59936
66202 37593
66302 29122
66402 40453
66502 29128
66602 46086
66702 59863
66802 37627
66902 28162
67002 60563
67102 64036
67202 51382
67302 1814
67402 46980
67502 49216
67602 55840
67702 33598
67802 44268
67902 56167
68002 57864
68102 65479
68202 40788
68302 56524
68402 2926
68502 14594
68602 22867
68702 65502
68802 11229
68902 16554
69002 39965
69102 41387
69202 33450
69302 58839
69402 63748
69502 43875
69602 57948
69702 47435
69802 55117
69902 41381
70002 271
70102 35720
70202 57255
70302 55012
70402 22696
70502 65052
70602 32841
70702 13806
70802 39788
70902 10323
71002 24388
71102 52508
71202 5262
71302 30229
71402 43311
71502 31421
71602 5046
71702 44533
71802 8377
71902 22484
72002 46984
72102 15502
72202 33187
72302 37070
72402 21012
72502 9517
72602 12099
72702 48280
72802 24522
72902 32251
73002 26541
73102 17350
73202 53793
73302 58880
73402 11993
73502 41962
73602 15276
73702 1866
73802 6844
73902 56184
74002 26440
74102 19433
74202 47292
74302 21078
74402 51883
74502 62150
74602 44001
74702 25011
74802 9696
74902 56509
75002 27688
75102 10985
75202 59012
75302 40071
75402 42411
75502 19859
75602 57248
75702 28276
75802 44764
75902 27258
76002 34321
76102 21923
76202 18052
76302 48698
76402 20531
76502 7146
76602 20985
76702 46205
76802 24887
76902 60712
77002 14388
77102 6257
77202 51792
77302 44961
77402 39261
77502 23185
77602 23896
77702 2032
77802 19807
77902 58137
78002 16742
78102 19086
78202 54266
78302 44148
78402 21786
78502 65230
78602 12514
78702 56086
78802 16347
78902 34629
79002 30714
79102 23580
79202 63226
79302 50129
79402 44620
79502 32214
79602 18020
79702 25056
79802 12351
79902 37585
80002 19261
80102 53218
80202 21031
80302 57189
80402 21873
80502 57747
80602 25238
80702 7063
80802 21914
80902 64717
81002 2768
81102 32540
81202 11230
81302 36014
81402 7334
81502 2578
81602 52508
81702 59187
81802 34396
81902 37221
82002 23879
82102 64761
82202 51105
82302 8351
82402 10382
82502 7052
82602 4588
82702 14643
82802 13553
82902 34971
83002 10591
83102 35633
83202 58922
83302 7829
83402 25731
83502 27166
83602 8804
83702 42765
83802 62830
83902 1190
84002 39859
84102 27283
84202 10926
84302 38801
84402 11490
84502 16034
84602 36179
84702 65265
84802 10139
84902 27692
85002 1911
85102 59675
85202 41437
85302 50716
85402 1907
85502 47168
85602 27203
85702 10853
85802 50446
85902 8019
86002 19933
86102 25453
86202 20194
86302 32183
86402 36785
86502 28080
86602 43036
86702 49581
86802 61183
86902 17835
87002 21785
87102 47212
87202 47599
87302 33051
87402 45138
87502 16051
87602 971
87702 27035
87802 28204
87902 7918
88002 18697
88102 58355
88202 1816
88302 9975
88402 60642
88502 61067
88602 10367
88702 16570
88802 49306
88902 18850
89002 13795
89102 15354
89202 17926
89302 11449
89402 19280
89502 4614
89602 15277
89702 15239
89802 13837
89902 56041
90002 17378
90102 1435
