102 18014
202 60531
302 33436
402 49906
502 46091
602 35461
702 20481
802 917
902 12589
1002 20586
1102 47856
1202 26111
1302 29372
1402 58266
1502 27753
1602 3866
1702 52520
1802 18467
1902 35937
2002 48729
2102 61403
2202 40980
2302 42475
2402 28275
2502 32826
2602 44113
2702 53072
2802 40515
2902 57723
3002 77
3102 62192
3202 43907
3302 56213
3402 27814
3502 8611
3602 37131
3702 37338
3802 48961
3902 44059
4002 22558
4102 46516
4202 1678
4302 48072
4402 16179
4502 17947
4602 45343
4702 29917
4802 22894
4902 24601
5002 61047
5102 60587
5202 11520
5302 2888
5402 9152
5502 57734
5602 1716
5702 53656
5802 57436
5902 7875
6002 26969
6102 62024
6202 54985
6302 54374
6402 50
6502 4565
6602 39241
6702 32038
6802 21205
6902 58369
7002 71
7102 5502
7202 40681
7302 35888
7402 34182
7502 44721
7602 13176
7702 47074
7802 63647
7902 9603
8002 10387
8102 482
8202 2188
8302 29874
8402 53571
8502 63821
8602 50785
8702 29211
8802 15437
8902 56284
9002 14499
9102 44493
9202 50382
9302 16865
9402 14193
9502 49387
9602 24114
9702 21459
9802 17669
9902 25155
10002 20908
10102 52589
10202 13207
10302 42843
10402 64764
10502 17042
10602 11366
10702 52236
10802 39392
10902 34893
11002 7232
11102 39214
11202 38098
11302 49072
11402 64551
11502 44276
11602 58572
11702 25157
11802 57802
11902 23067
12002 52665
12102 26631
12202 6157
12302 7261
12402 42442
12502 24028
12602 41264
12702 51040
12802 11677
12902 57184
13002 42957
13102 51512
13202 43823
13302 45279
13402 30864
13502 8393
13602 32276
13702 60448
13802 40642
13902 5272
14002 4257
14102 53469
14202 29420
14302 1187
14402 28137
14502 64109
14602 35253
14702 38027
14802 47842
14902 25882
15002 14447
15102 39671
15202 59666
15302 60550
15402 38735
15502 38585
15602 12829
15702 62331
15802 33705
15902 45562
16002 13723
16102 46892
16202 31951
16302 21758
16402 58376
16502 30287
16602 10159
16702 40830
16802 54736
16902 15296
17002 32793
17102 12733
17202 36319
17302 12481
17402 48080
17502 35435
17602 15471
17702 53521
17802 16209
17902 54792
18002 49795
18102 29156
18202 55730
18302 37342
18402 62908
18502 29657
18602 289
18702 8817
18802 48880
18902 61104
19002 5772
19102 28662
19202 49957
19302 57169
19402 28176
19502 34903
19602 30428
19702 48996
19802 9796
19902 112
20002 65072
20102 61920
20202 28185
20302 7513
20402 36545
20502 24691
20602 33687
20702 10887
20802 23780
20902 9963
21002 20465
21102 3875
21202 5846
21302 44466
21402 59422
21502 60406
21602 30555
21702 51531
21802 1932
21902 26218
22002 28269
22102 22620
22202 11434
22302 48494
22402 23988
22502 9626
22602 5675
22702 48641
22802 31126
22902 35305
23002 44372
23102 49932
23202 12560
23302 41799
23402 59492
23502 41016
23602 51342
23702 15238
23802 37836
23902 20238
24002 46111
24102 44675
24202 24593
24302 49534
24402 38707
24502 16157
24602 6711
24702 31535
24802 15680
24902 4367
25002 53510
25102 50228
25202 13115
25302 63030
25402 56483
25502 297
25602 19003
25702 10879
25802 4790
25902 60784
26002 25732
26102 6378
26202 29858
26302 15300
26402 39489
26502 62594
26602 4860
26702 47159
26802 2982
26902 4225
27002 50243
27102 685
27202 6829
27302 13357
27402 27200
27502 58884
27602 55279
27702 29261
27802 23131
27902 10008
28002 52951
28102 25402
28202 4732
28302 7556
28402 14666
28502 48014
28602 9354
28702 36005
28802 56965
28902 32798
29002 56954
29102 28846
29202 8276
29302 53683
29402 19933
29502 26093
29602 28700
29702 18063
29802 27977
29902 6227
30002 8820
30102 31177
30202 19722
30302 56429
30402 33405
30502 26716
30602 52493
30702 3216
30802 35318
30902 9708
31002 6968
31102 34775
31202 15085
31302 633
31402 49686
31502 10964
31602 28595
31702 36336
31802 36319
31902 14947
32002 11105
32102 30191
32202 35836
32302 62781
32402 8808
32502 41183
32602 54447
32702 54143
32802 52732
32902 32743
33002 40720
33102 34285
33202 49156
33302 53562
33402 8980
33502 65284
33602 60353
33702 44708
33802 37439
33902 12305
34002 11170
34102 8182
34202 32011
34302 8751
34402 46947
34502 13326
34602 51467
34702 61973
34802 25387
34902 34416
35002 58754
35102 63419
35202 16527
35302 41570
35402 45869
35502 58271
35602 49844
35702 31953
35802 6789
35902 5544
36002 21515
36102 48330
36202 36662
36302 21208
36402 3517
36502 15186
36602 25004
36702 365
36802 44695
36902 44364
37002 6804
37102 26452
37202 60740
37302 46129
37402 52955
37502 9482
37602 17065
37702 50260
37802 33629
37902 48089
38002 45137
38102 26728
38202 58990
38302 43274
38402 24810
38502 42462
38602 31093
38702 23368
38802 55350
38902 58100
39002 59312
39102 44454
39202 17620
39302 41722
39402 38800
39502 64099
39602 34650
39702 32073
39802 57868
39902 29549
40002 26827
40102 57877
40202 62934
40302 30490
40402 16500
40502 46586
40602 58323
40702 59241
40802 65277
40902 36812
41002 54132
41102 32683
41202 64859
41302 56670
41402 52957
41502 58977
41602 29214
41702 65143
41802 28957
41902 62528
42002 4714
42102 39733
42202 24046
42302 63044
42402 31367
42502 27762
42602 53924
42702 61799
42802 61839
42902 9170
43002 41265
43102 62076
43202 25249
43302 43026
43402 11695
43502 25552
43602 4117
43702 30496
43802 58509
43902 18113
44002 6722
44102 62097
44202 20141
44302 52815
44402 13676
44502 25469
44602 10336
44702 47048
44802 2807
44902 40818
45002 24209
45102 25363
45202 30842
45302 63107
45402 46268
45502 29819
45602 24821
45702 10443
45802 29024
45902 39865
46002 37495
46102 3128
46202 40697
46302 31266
46402 38996
46502 27615
46602 50380
46702 40992
46802 49837
46902 59942
47002 31322
47102 34979
47202 35480
47302 3021
47402 56517
47502 1788
47602 7603
47702 47740
47802 1990
47902 59943
48002 9001
48102 6474
48202 9724
48302 23475
48402 65387
48502 45517
48602 65013
48702 36811
48802 40958
48902 61137
49002 32956
49102 13917
49202 18819
49302 46484
49402 62482
49502 5603
49602 44880
49702 3196
49802 4245
49902 1024
50002 4973
50102 11167
50202 16364
50302 8137
50402 29201
50502 9771
50602 39240
50702 16145
50802 36363
50902 32587
51002 16163
51102 54034
51202 12564
51302 48081
51402 45878
51502 26271
51602 606
51702 35492
51802 3541
51902 50073
52002 63971
52102 12413
52202 57446
52302 14089
52402 60916
52502 33427
52602 53111
52702 24880
52802 15804
52902 11118
53002 58145
53102 23777
53202 19486
53302 13814
53402 41053
53502 26789
53602 10000
53702 160
53802 7138
53902 33717
54002 22493
54102 2503
54202 56952
54302 49566
54402 12756
54502 6875
54602 41374
54702 15451
54802 30064
54902 17211
55002 30830
55102 61140
55202 37027
55302 11776
55402 15422
55502 40669
55602 40805
55702 1450
55802 8682
55902 3500
56002 27075
56102 28729
56202 13383
56302 62676
56402 36446
56502 39405
56602 11883
56702 16792
56802 33220
56902 3480
57002 54083
57102 14137
57202 37200
57302 3078
57402 1615
57502 30852
57602 16420
57702 60964
57802 38349
57902 61059
58002 10021
58102 15663
58202 53291
58302 7819
58402 56798
58502 6659
58602 19862
58702 24574
58802 37945
58902 4254
59002 51699
59102 46968
59202 42002
59302 57212
59402 7046
59502 14165
59602 27132
59702 48002
59802 52437
59902 51070
60002 19251
60102 44080
60202 26746
60302 27361
60402 42448
60502 63930
60602 56707
60702 37299
60802 54147
60902 55922
61002 41007
61102 58084
61202 47734
61302 44653
61402 37561
61502 13134
61602 40079
61702 19971
61802 3047
61902 27873
62002 38812
62102 24551
62202 50895
62302 11452
62402 3550
62502 20034
62602 56650
62702 34021
62802 10724
62902 35437
63002 53015
63102 29776
63202 37646
63302 15907
63402 62210
63502 23421
63602 48951
63702 61740
63802 18148
63902 5058
64002 57989
64102 9631
64202 49167
64302 40559
64402 48932
64502 21364
64602 37442
64702 54
64802 26402
64902 62732
65002 55305
65102 35849
65202 29215
65302 50053
65402 23485
65502 59261
65602 29916
65702 56164
65802 46127
65902 40381
66002 57515
66102 37656
66202 15857
66302 24956
66402 43772
66502 16109
66602 41972
66702 47357
66802 24317
66902 11748
67002 14096
67102 28077
67202 53199
67302 35564
67402 27299
67502 26333
67602 5513
67702 1226
67802 34707
67902 17745
68002 5964
68102 7508
68202 36763
68302 25181
68402 59189
68502 32459
68602 6159
68702 23259
68802 44561
68902 11234
69002 10461
69102 54635
69202 61884
69302 50188
69402 38187
69502 33025
69602 18133
69702 41438
69802 26709
69902 58741
70002 39257
70102 33255
70202 15268
70302 8243
70402 42878
70502 58607
70602 36146
70702 16612
70802 28158
70902 57591
71002 4862
71102 55330
71202 49175
71302 32017
71402 45456
71502 39248
71602 33883
71702 48962
71802 59480
71902 44043
72002 33032
72102 37645
72202 26028
72302 14852
72402 38614
72502 14228
72602 37196
72702 5483
72802 28257
72902 60218
73002 20175
73102 53027
73202 14025
73302 41601
73402 6963
73502 46068
73602 49859
73702 54857
73802 25580
73902 65104
74002 50313
74102 25733
74202 42988
74302 12294
74402 5573
74502 13453
74602 13753
74702 5187
74802 63983
74902 49477
75002 17712
75102 15168
75202 50762
75302 48532
75402 55547
75502 64172
75602 4514
75702 57673
75802 17676
75902 52326
76002 61633
76102 65412
76202 51699
76302 3320
76402 10910
76502 46353
76602 24437
76702 37023
76802 37540
76902 27228
77002 16179
77102 17800
77202 2826
77302 53571
77402 14610
77502 60550
77602 9830
77702 56801
77802 46760
77902 29122
78002 36720
78102 16016
78202 14345
78302 23721
78402 58776
78502 27463
78602 42295
78702 42822
78802 22671
78902 43622
79002 17233
79102 36084
79202 35208
79302 63490
79402 38422
79502 53326
79602 57143
79702 25393
79802 55386
79902 63864
80002 674
80102 58286
80202 3329
80302 7016
80402 62494
80502 39604
80602 49395
80702 39832
80802 50154
80902 33
81002 34272
81102 41393
81202 19210
81302 31530
81402 58745
81502 45678
81602 3882
81702 33133
81802 53662
81902 57006
82002 55183
82102 61911
82202 7941
82302 53300
82402 52844
82502 17578
82602 6262
82702 59627
82802 14081
82902 27740
83002 63606
83102 23087
83202 31060
83302 3473
83402 36135
83502 51146
83602 64829
83702 9980
83802 44281
83902 49152
84002 17775
84102 15548
84202 27199
84302 39124
84402 35940
84502 25814
84602 34510
84702 19521
84802 60505
84902 6698
85002 39095
85102 16487
85202 12668
85302 12388
85402 17460
85502 23731
85602 31051
85702 19536
85802 19293
85902 10594
86002 51202
86102 36972
86202 52538
86302 45430
86402 25414
86502 22051
86602 26142
86702 58280
86802 41882
86902 51639
87002 10790
87102 485
87202 64440
87302 57992
87402 29718
87502 906
87602 56357
87702 27165
87802 38892
87902 43637
88002 39718
88102 31985
88202 38246
88302 21417
88402 21773
88502 7524
88602 15091
88702 44809
88802 8722
88902 17925
89002 60282
89102 42028
89202 8060
89302 58730
89402 30147
89502 46959
89602 52892
89702 54461
89802 42578
89902 23303
90002 63058
90102 18827
90202 16108
90302 12092
