102 47964
202 60290
302 37606
402 63852
502 62424
602 7971
702 22869
802 58177
902 21462
1002 11898
1102 39188
1202 16394
1302 65462
1402 8864
1502 28682
1602 13115
1702 46571
1802 1939
1902 25137
2002 34142
2102 34102
2202 59250
2302 64658
2402 52413
2502 17091
2602 60178
2702 50891
2802 11039
2902 58278
3002 43659
3102 25445
3202 56129
3302 13014
3402 39528
3502 37156
3602 22614
3702 18907
3802 7620
3902 47914
4002 60495
4102 7062
4202 39668
4302 21095
4402 24788
4502 2873
4602 16276
4702 55925
4802 39489
4902 25317
5002 47270
5102 31987
5202 35492
5302 44837
5402 63178
5502 31273
5602 20281
5702 32559
5802 20253
5902 51153
6002 4103
6102 38616
6202 49594
6302 32802
6402 22359
6502 37887
6602 35139
6702 1848
6802 39013
6902 14374
7002 27207
7102 8517
7202 15295
7302 594
7402 31238
7502 44991
7602 31823
7702 64089
7802 7426
7902 12135
8002 35124
8102 58178
8202 35370
8302 3113
8402 41735
8502 37125
8602 28018
8702 51233
8802 18883
8902 17431
9002 8458
9102 16476
9202 62724
9302 45765
9402 62521
9502 10268
9602 21176
9702 3635
9802 54070
9902 32708
10002 5898
10102 34484
10202 24616
10302 57718
10402 37686
10502 25833
10602 7015
10702 54687
10802 5058
10902 19573
11002 57708
11102 34419
11202 11396
11302 57455
11402 20548
11502 14810
11602 58369
11702 40787
11802 63680
11902 56336
12002 20674
12102 31014
12202 34619
12302 8432
12402 56842
12502 36325
12602 61344
12702 60572
12802 4438
12902 18401
13002 6245
13102 41994
13202 48420
13302 28525
13402 40275
13502 62276
13602 21516
13702 823
13802 13853
13902 44388
14002 64701
14102 63881
14202 54083
14302 27241
14402 15951
14502 4247
14602 5629
14702 12840
14802 60898
14902 50368
15002 46316
15102 4737
15202 43210
15302 64919
15402 12119
15502 57130
15602 17152
15702 7367
15802 62542
15902 20040
16002 14099
16102 3196
16202 47707
16302 48252
16402 7642
16502 518
16602 32154
16702 8682
16802 41834
16902 62603
17002 49012
17102 36546
17202 47117
17302 60799
17402 51537
17502 22272
17602 40606
17702 48251
17802 48760
17902 13488
18002 516
18102 9135
18202 21208
18302 236
18402 24820
18502 35255
18602 39437
18702 28089
18802 35052
18902 8739
19002 57564
19102 11378
19202 25035
19302 47833
19402 38628
19502 53093
19602 24100
19702 10310
19802 35255
19902 47706
20002 24270
20102 33357
20202 31296
20302 4234
20402 58122
20502 23626
20602 4499
20702 27854
20802 45916
20902 9071
21002 32876
21102 9231
21202 53516
21302 12553
21402 64085
21502 46148
21602 21677
21702 44990
21802 33315
21902 49232
22002 39222
22102 47623
22202 18106
22302 30712
22402 33588
22502 2602
22602 34511
22702 33198
22802 17209
22902 2319
23002 46027
23102 14401
23202 8183
23302 39481
23402 51588
23502 51375
23602 30479
23702 32922
23802 33433
23902 24399
24002 10391
24102 6615
24202 8141
24302 11645
24402 28620
24502 5385
24602 49363
24702 63878
24802 54456
24902 49799
25002 58895
25102 39785
25202 15047
25302 24074
25402 51576
25502 3302
25602 54180
25702 26122
25802 60481
25902 11659
26002 1924
26102 45677
26202 14971
26302 1126
26402 64500
26502 6170
26602 2941
26702 61592
26802 38169
26902 27679
27002 20219
27102 42331
27202 32039
27302 2339
27402 37611
27502 26369
27602 20405
27702 47240
27802 23227
27902 10303
28002 55060
28102 21144
28202 32778
28302 50027
28402 48082
28502 14353
28602 35558
28702 18459
28802 50126
28902 46318
29002 54443
29102 43571
29202 62085
29302 24815
29402 61631
29502 2526
29602 25865
29702 8710
29802 57130
29902 5576
30002 42157
30102 28824
30202 29756
30302 58484
30402 29150
30502 52642
30602 28164
30702 47057
30802 40170
30902 65093
31002 6691
31102 2722
31202 12740
31302 10989
31402 7707
31502 49223
31602 41016
31702 6357
31802 39884
31902 15688
32002 2280
32102 11818
32202 65119
32302 26067
32402 14248
32502 40619
32602 61973
32702 52006
32802 36587
32902 31790
33002 59561
33102 36429
33202 19316
33302 60240
33402 49997
33502 1947
33602 39488
33702 64963
33802 65434
33902 10521
34002 22404
34102 61893
34202 37650
34302 27111
34402 329
34502 51676
34602 19373
34702 16634
34802 28406
34902 56836
35002 60308
35102 5500
35202 42984
35302 7452
35402 49143
35502 56334
35602 32404
35702 34006
35802 38890
35902 63917
36002 53191
36102 35828
36202 11515
36302 52141
36402 35342
36502 48985
36602 37956
36702 55542
36802 43179
36902 61489
37002 20578
37102 34714
37202 35556
37302 15006
37402 29099
37502 20633
37602 64392
37702 1723
37802 39382
37902 61780
38002 30192
38102 62031
38202 7589
38302 49080
38402 65139
38502 17071
38602 1596
38702 17009
38802 20943
38902 43695
39002 30342
39102 12237
39202 10037
39302 9143
39402 27076
39502 17575
39602 50236
39702 11488
39802 65422
39902 31979
40002 15718
40102 45856
40202 28456
40302 38195
40402 64489
40502 47390
40602 25259
40702 40875
40802 24237
40902 49819
41002 34336
41102 53642
41202 8770
41302 39917
41402 26968
41502 44024
41602 54914
41702 60180
41802 14437
41902 32094
42002 5875
42102 39340
42202 56268
42302 63067
42402 43740
42502 44833
42602 31171
42702 56179
42802 53997
42902 52873
43002 34706
43102 34293
43202 53724
43302 61898
43402 56238
43502 25970
43602 5277
43702 35870
43802 36777
43902 44702
44002 24703
44102 34344
44202 45868
44302 19125
44402 40922
44502 128
44602 17831
44702 2265
44802 4043
44902 18365
45002 28454
45102 28203
45202 22407
45302 12811
45402 16442
45502 32354
45602 2969
45702 1430
45802 19184
45902 1592
46002 10394
46102 3633
46202 20638
46302 50189
46402 20882
46502 47491
46602 985
46702 20931
46802 27560
46902 20535
47002 4632
47102 58912
47202 33085
47302 12203
47402 1845
47502 57431
47602 48978
47702 26225
47802 8155
47902 19161
48002 57813
48102 6735
48202 48233
48302 9464
48402 23692
48502 58849
48602 32070
48702 52531
48802 30804
48902 60485
49002 52270
49102 2979
49202 61164
49302 43330
49402 53411
49502 64199
49602 7778
49702 13261
49802 22731
49902 1419
50002 8383
50102 7560
50202 49708
50302 20048
50402 64160
50502 48756
50602 46939
50702 15773
50802 6920
50902 11918
51002 2684
51102 41579
51202 32445
51302 13177
51402 9704
51502 61955
51602 2908
51702 3206
51802 59803
51902 44838
52002 36200
52102 41776
52202 12734
52302 18993
52402 25775
52502 58014
52602 1441
52702 17016
52802 1350
52902 51283
53002 44753
53102 6884
53202 473
53302 18049
53402 8681
53502 5864
53602 6633
53702 31287
53802 22230
53902 8218
54002 26064
54102 3841
54202 2919
54302 33495
54402 374
54502 36533
54602 50023
54702 22530
54802 61703
54902 59897
55002 42718
55102 46319
55202 49540
55302 16071
55402 6663
55502 31267
55602 40054
55702 27245
55802 36995
55902 37170
56002 53909
56102 10628
56202 4768
56302 28591
56402 198
56502 59792
56602 10891
56702 49432
56802 32203
56902 29733
57002 65211
57102 39579
57202 57955
57302 35773
57402 51571
57502 24178
57602 3059
57702 1855
57802 46699
57902 48259
58002 1185
58102 47303
58202 11873
58302 55962
58402 18430
58502 17776
58602 53320
58702 10851
58802 14701
58902 32297
59002 33889
59102 7594
59202 21457
59302 28264
59402 58505
59502 53766
59602 20977
59702 11289
59802 52115
59902 56470
60002 14588
60102 29242
60202 32096
60302 24723
60402 33180
60502 35192
60602 9424
60702 63836
60802 46083
60902 58605
61002 30447
61102 3369
61202 51107
61302 28128
61402 8355
61502 9845
61602 36386
61702 5867
61802 49015
61902 19704
62002 19035
62102 31178
62202 8689
62302 8471
62402 22542
62502 26079
62602 19599
62702 2068
62802 1370
62902 55478
63002 54353
63102 24767
63202 7797
63302 25972
63402 24352
63502 13769
63602 5440
63702 36018
63802 17775
63902 13253
64002 41736
64102 61184
64202 49021
64302 13905
64402 734
64502 42138
64602 44132
64702 3113
64802 12990
64902 55544
65002 38212
65102 41979
65202 2672
65302 64864
65402 39207
65502 32983
65602 4604
65702 37721
65802 61412
65902 56861
66002 21195
66102 36613
66202 6581
66302 9949
66402 5640
66502 33817
66602 19474
66702 54170
66802 65398
66902 31559
67002 9290
67102 35049
67202 61284
67302 46639
67402 20431
67502 35722
67602 14174
67702 59870
67802 23051
67902 8881
68002 47833
68102 25595
68202 4873
68302 20872
68402 54524
68502 49425
68602 2749
68702 48838
68802 63536
68902 10595
69002 3437
69102 34731
69202 46657
69302 9450
69402 32889
69502 44163
69602 15969
69702 18726
69802 8684
69902 45913
70002 40513
70102 40982
70202 51100
70302 7527
70402 2506
70502 34693
70602 39261
70702 56012
70802 20324
70902 36428
71002 15601
71102 14144
71202 45378
71302 51542
71402 28776
71502 34365
71602 8885
71702 40062
71802 32580
71902 28016
72002 59482
72102 39937
72202 38873
72302 62044
72402 49002
72502 60759
72602 25790
72702 6885
72802 11612
72902 59534
73002 25515
73102 6610
73202 39872
73302 31489
73402 43109
73502 1956
73602 46439
73702 51239
73802 31857
73902 21209
74002 30600
74102 61969
74202 42881
74302 57026
74402 3084
74502 28319
74602 4424
74702 44962
74802 60336
74902 28330
75002 10543
75102 40669
75202 44023
75302 64854
75402 31054
75502 19666
75602 11465
75702 38092
75802 50274
75902 50059
76002 17747
76102 21241
76202 15220
76302 18894
76402 11662
76502 4601
76602 38493
76702 12515
76802 24821
76902 35993
77002 61538
77102 11468
77202 19519
77302 8205
77402 24025
77502 58027
77602 40558
77702 9724
77802 39386
77902 19460
78002 15676
78102 62091
78202 5148
78302 59861
78402 41027
78502 9942
78602 33792
78702 26759
78802 35616
78902 52350
79002 59046
79102 36641
79202 54444
79302 3014
79402 32996
79502 17715
79602 53796
79702 64229
79802 12699
79902 40542
80002 44210
80102 10332
80202 9288
80302 14119
80402 33900
80502 46130
80602 20853
80702 22879
80802 54051
80902 56032
81002 49605
81102 26299
81202 24799
81302 36800
81402 36486
81502 6
81602 1795
81702 22318
81802 4573
81902 48226
82002 22137
82102 56271
82202 27674
82302 53233
82402 39236
82502 32333
82602 56020
82702 37169
82802 17526
82902 56517
83002 25806
83102 859
83202 30599
83302 41891
83402 38892
83502 1631
83602 55203
83702 33690
83802 31022
83902 12184
84002 11048
84102 3622
84202 48877
84302 3487
84402 58999
84502 14029
84602 52832
84702 31706
84802 33418
84902 10535
85002 27981
85102 47089
85202 44317
85302 47151
85402 19214
85502 30367
85602 33370
85702 44202
85802 13181
85902 25641
86002 41087
86102 57607
86202 56320
86302 30142
86402 48885
86502 40654
86602 10989
86702 11414
86802 15536
86902 16839
87002 3528
87102 40446
87202 27420
87302 15453
87402 3305
87502 16867
87602 18775
87702 59926
87802 3519
87902 19037
88002 50987
88102 62142
88202 8683
88302 30718
88402 21891
88502 52549
88602 53717
88702 3607
88802 29156
88902 41082
89002 26317
89102 2499
89202 26461
89302 57336
89402 50203
89502 35235
89602 20896
89702 43145
89802 59053
89902 23228
90002 6791
90102 19182
90202 60566
90302 14233
90402 36865
