102 21125
202 52649
302 13827
402 55159
502 21152
602 12690
702 59766
802 41752
902 7585
1002 10639
1102 37187
1202 37725
1302 48005
1402 55680
1502 40890
1602 30436
1702 16853
1802 58640
1902 44285
2002 34749
2102 34507
2202 57418
2302 41024
2402 8007
2502 21893
2602 63895
2702 58766
2802 30478
2902 52009
3002 18426
3102 33850
3202 19606
3302 45688
3402 15009
3502 58279
3602 48399
3702 11244
3802 9467
3902 62125
4002 3540
4102 54194
4202 6625
4302 50533
4402 45412
4502 8131
4602 42718
4702 57546
4802 33766
4902 24382
5002 36856
5102 24423
5202 53297
5302 17018
5402 65254
5502 43697
5602 18747
5702 54640
5802 40001
5902 47443
6002 61431
6102 16717
6202 17738
6302 30866
6402 30130
6502 1999
6602 45523
6702 42027
6802 10602
6902 49576
7002 23086
7102 10649
7202 14287
7302 17702
7402 32482
7502 6507
7602 40568
7702 1072
7802 27064
7902 2277
8002 18369
8102 31165
8202 43414
8302 56831
8402 47976
8502 25255
8602 50473
8702 20461
8802 62280
8902 4567
9002 2411
9102 3061
9202 55467
9302 21350
9402 58444
9502 53469
9602 4484
9702 26474
9802 14218
9902 26185
10002 32710
10102 19980
10202 4375
10302 52317
10402 57207
10502 47847
10602 42544
10702 47724
10802 52434
10902 25668
11002 40345
11102 64642
11202 63150
11302 9636
11402 17218
11502 51622
11602 11034
11702 7762
11802 52529
11902 36450
12002 60455
12102 54811
12202 37731
12302 55033
12402 4491
12502 9652
12602 12946
12702 21660
12802 64644
12902 4282
13002 23186
13102 18866
13202 35315
13302 11519
13402 4670
13502 29906
13602 10802
13702 143
13802 40151
13902 7949
14002 13301
14102 50041
14202 51056
14302 45303
14402 3091
14502 45943
14602 46872
14702 43566
14802 54555
14902 43526
15002 21046
15102 4533
15202 1134
15302 46143
15402 8810
15502 50042
15602 5269
15702 57296
15802 8593
15902 62101
16002 3854
16102 41532
16202 14386
16302 65411
16402 52431
16502 3097
16602 56532
16702 29133
16802 13651
16902 64360
17002 52279
17102 32557
17202 41805
17302 10737
17402 145
17502 18800
17602 49300
17702 48928
17802 54392
17902 37146
18002 36376
18102 50326
18202 40915
18302 7239
18402 21730
18502 33062
18602 6262
18702 36655
18802 29352
18902 20218
19002 22087
19102 56799
19202 10801
19302 14054
19402 58446
19502 18891
19602 42130
19702 3087
19802 57708
19902 12160
20002 8533
20102 32470
20202 16708
20302 45261
20402 29327
20502 41121
20602 9418
20702 41420
20802 57137
20902 25433
21002 45491
21102 45481
21202 48021
21302 11941
21402 41621
21502 43836
21602 33582
21702 30626
21802 43483
21902 51409
22002 28022
22102 39531
22202 37714
22302 27460
22402 13388
22502 37156
22602 42997
22702 58319
22802 54507
22902 57017
23002 33029
23102 12630
23202 32518
23302 13271
23402 48294
23502 64589
23602 18928
23702 60788
23802 58646
23902 23032
24002 35366
24102 41769
24202 16863
24302 12499
24402 47517
24502 3871
24602 15266
24702 45547
24802 34237
24902 24622
25002 50542
25102 45990
25202 10489
25302 48413
25402 11437
25502 23057
25602 4481
25702 59123
25802 20333
25902 28721
26002 24246
26102 34235
26202 62268
26302 40156
26402 55707
26502 7354
26602 53341
26702 44690
26802 7396
26902 64370
27002 59490
27102 22142
27202 63127
27302 52118
27402 45629
27502 49888
27602 59471
27702 25650
27802 61046
27902 35245
28002 55738
28102 20554
28202 35552
28302 33996
28402 22933
28502 27224
28602 15824
28702 47429
28802 42024
28902 64526
29002 15845
29102 39542
29202 3871
29302 37833
29402 4282
29502 28142
29602 20285
29702 12265
29802 25702
29902 11269
30002 39365
30102 7947
30202 11818
30302 43406
30402 63961
30502 41124
30602 51936
30702 56666
30802 61134
30902 8928
31002 59422
31102 28779
31202 25342
31302 46113
31402 51063
31502 26473
31602 15464
31702 57773
31802 45971
31902 14360
32002 46527
32102 38044
32202 57282
32302 64311
32402 12659
32502 60427
32602 31272
32702 1290
32802 31425
32902 21631
33002 39785
33102 19314
33202 54176
33302 21754
33402 64658
33502 24244
33602 15976
33702 6797
33802 40059
33902 20758
34002 30824
34102 61286
34202 65058
34302 11046
34402 16628
34502 15392
34602 64144
34702 4684
34802 32920
34902 51733
35002 51488
35102 35620
35202 17234
35302 46504
35402 37427
35502 5819
35602 7509
35702 53476
35802 32903
35902 18504
36002 2164
36102 13791
36202 11031
36302 51571
36402 64568
36502 46900
36602 24852
36702 55486
36802 7969
36902 29149
37002 51845
37102 43261
37202 9846
37302 7746
37402 41618
37502 21082
37602 7896
37702 48671
37802 54726
37902 6969
38002 39980
38102 38968
38202 63661
38302 23973
38402 62010
38502 46589
38602 34978
38702 51896
38802 32491
38902 36948
39002 31389
39102 20940
39202 19670
39302 6692
39402 24173
39502 3737
39602 55203
39702 20624
39802 14113
39902 3923
40002 59833
40102 5479
40202 14214
40302 47408
40402 35140
40502 37655
40602 25861
40702 30694
40802 23701
40902 46208
41002 34516
41102 40479
41202 43451
41302 13999
41402 14917
41502 19460
41602 10316
41702 59082
41802 11603
41902 65133
42002 58412
42102 55433
42202 44498
42302 26502
42402 24036
42502 35037
42602 24566
42702 21642
42802 59408
42902 50144
43002 11278
43102 26474
43202 41951
43302 35616
43402 42168
43502 14056
43602 11683
43702 31977
43802 32855
43902 26359
44002 895
44102 16997
44202 63283
44302 578
44402 62146
44502 65221
44602 14144
44702 9861
44802 33674
44902 12901
45002 28034
45102 53449
45202 1700
45302 52295
45402 16511
45502 30985
45602 35448
45702 17987
45802 24379
45902 57932
46002 26636
46102 45510
46202 4491
46302 57773
46402 30101
46502 26503
46602 25220
46702 3869
46802 41702
46902 63286
47002 9807
47102 11950
47202 36442
47302 63935
47402 29580
47502 3634
47602 48426
47702 30250
47802 28443
47902 47944
48002 36450
48102 57757
48202 37645
48302 16180
48402 51358
48502 8517
48602 57495
48702 8208
48802 51717
48902 23802
49002 42241
49102 15370
49202 33728
49302 34502
49402 9422
49502 41870
49602 16853
49702 41361
49802 57255
49902 10710
50002 4614
50102 47677
50202 45137
50302 19867
50402 15555
50502 46571
50602 25173
50702 55790
50802 47340
50902 12817
51002 43379
51102 17685
51202 59179
51302 13798
51402 53651
51502 20061
51602 27646
51702 26018
51802 48412
51902 16376
52002 41915
52102 35091
52202 55018
52302 25747
52402 5039
52502 47059
52602 36711
52702 33440
52802 41044
52902 60330
53002 53560
53102 48554
53202 60472
53302 21273
53402 3227
53502 55131
53602 49145
53702 50574
53802 23670
53902 64028
54002 18478
54102 15049
54202 3114
54302 16382
54402 24112
54502 17060
54602 19440
54702 51403
54802 49187
54902 10253
55002 20909
55102 32913
55202 34112
55302 12302
55402 34016
55502 44543
55602 31792
55702 16984
55802 38796
55902 24691
56002 13381
56102 37556
56202 64145
56302 9123
56402 63065
56502 42205
56602 55399
56702 30309
56802 1855
56902 4967
57002 18110
57102 44749
57202 60291
57302 31197
57402 31726
57502 34319
57602 31544
57702 4843
57802 54291
57902 52396
58002 14805
58102 53280
58202 22558
58302 44237
58402 35833
58502 31493
58602 43277
58702 34012
58802 61755
58902 47955
59002 62511
59102 40495
59202 59195
59302 2331
59402 40661
59502 55354
59602 26064
59702 20236
59802 54150
59902 48661
60002 63108
60102 42335
60202 27820
60302 15004
60402 5103
60502 42976
60602 43927
60702 64418
60802 54491
60902 14863
61002 562
61102 32736
61202 58733
61302 3290
61402 48607
61502 4529
61602 3087
61702 26349
61802 3530
61902 44827
62002 5266
62102 57290
62202 22103
62302 27009
62402 39566
62502 10323
62602 15806
62702 18610
62802 22433
62902 26474
63002 35114
63102 4269
63202 22134
63302 4961
63402 47106
63502 21836
63602 739
63702 18870
63802 8536
63902 29580
64002 21482
64102 62849
64202 57335
64302 21299
64402 54872
64502 38487
64602 37723
64702 25116
64802 4570
64902 54374
65002 49957
65102 46131
65202 57803
65302 32902
65402 37838
65502 12130
65602 48135
65702 11069
65802 52737
65902 13986
66002 29190
66102 24705
66202 29897
66302 34920
66402 9889
66502 34784
66602 53918
66702 58157
66802 53326
66902 39250
67002 16609
67102 43617
67202 21371
67302 42677
67402 34135
67502 53602
67602 41188
67702 55943
67802 4106
67902 20898
68002 41875
68102 492
68202 38110
68302 30130
68402 3973
68502 47596
68602 35691
68702 19875
68802 62675
68902 40212
69002 5868
69102 22196
69202 2642
69302 36272
69402 8517
69502 16991
69602 9973
69702 42095
69802 57873
69902 27775
70002 53927
70102 38003
70202 6678
70302 4935
70402 60099
70502 56597
70602 38821
70702 63733
70802 14698
70902 34042
71002 6981
71102 64936
71202 28375
71302 37482
71402 16530
71502 26450
71602 49122
71702 23259
71802 61739
71902 47054
72002 23148
72102 34270
72202 4488
72302 22021
72402 54775
72502 17186
72602 49066
72702 64631
72802 14721
72902 58678
73002 22449
73102 60888
73202 25361
73302 58222
73402 31656
73502 14383
73602 21232
73702 28197
73802 13565
73902 46394
74002 41451
74102 62481
74202 1753
74302 54939
74402 9688
74502 6141
74602 39227
74702 2190
74802 39451
74902 29799
75002 37291
75102 49833
75202 54379
75302 13285
75402 41224
75502 49284
75602 46009
75702 10848
75802 10228
75902 22014
76002 19731
76102 48014
76202 36413
76302 27444
76402 8522
76502 24642
76602 25310
76702 39721
76802 8461
76902 60996
77002 40455
77102 23559
77202 60161
77302 22493
77402 20931
77502 10076
77602 34716
77702 38810
77802 25465
77902 40371
78002 5464
78102 18947
78202 20156
78302 51695
78402 45698
78502 44437
78602 2301
78702 15702
78802 3811
78902 18935
79002 59480
79102 29299
79202 51915
79302 32483
79402 17862
79502 43214
79602 38200
79702 41276
79802 27600
79902 10767
80002 26046
80102 60488
80202 33616
80302 59668
80402 31860
80502 2522
80602 2496
80702 320
80802 61746
80902 19274
81002 55483
81102 4808
81202 58992
81302 45727
81402 21463
81502 42382
81602 32593
81702 31731
81802 13590
81902 40618
82002 19373
82102 21408
82202 29101
82302 27823
82402 41506
82502 26403
82602 33396
82702 11221
82802 35683
82902 56801
83002 51055
83102 13423
83202 50566
83302 11836
83402 64603
83502 4363
83602 29765
83702 56146
83802 52544
83902 54261
84002 24041
84102 4520
84202 12330
84302 54978
84402 62633
84502 48143
84602 58030
84702 36576
84802 39357
84902 58580
85002 6416
85102 35803
85202 1689
85302 54784
85402 56075
85502 1204
85602 35497
85702 44306
85802 41398
85902 29560
86002 26549
86102 26316
86202 62419
86302 27057
86402 9783
86502 31322
86602 62630
86702 63216
86802 1440
86902 10941
87002 9704
87102 55166
87202 30519
87302 43385
87402 35505
87502 43121
87602 43457
87702 1450
87802 27137
87902 54608
88002 12664
88102 24526
88202 21857
88302 13697
88402 42819
88502 13942
88602 60842
88702 5998
88802 5025
88902 58183
89002 25081
89102 26853
89202 18961
89302 56101
89402 40100
89502 30066
89602 1579
89702 62416
89802 54568
89902 30182
90002 41504
90102 5675
