102 12876
202 48292
302 34192
402 1576
502 45651
602 30666
702 18145
802 31226
902 29224
1002 25863
1102 17918
1202 16564
1302 17704
1402 40447
1502 36536
1602 43943
1702 56492
1802 32201
1902 14763
2002 9018
2102 64597
2202 45573
2302 7368
2402 58529
2502 30449
2602 49572
2702 44532
2802 6113
2902 14909
3002 36512
3102 14844
3202 41043
3302 53356
3402 22652
3502 23664
3602 25101
3702 61580
3802 48529
3902 5431
4002 24239
4102 800
4202 35135
4302 32878
4402 32664
4502 44018
4602 64319
4702 63610
4802 17224
4902 9056
5002 12512
5102 15222
5202 52050
5302 46089
5402 14311
5502 8655
5602 49613
5702 63484
5802 65243
5902 65377
6002 27441
6102 3840
6202 727
6302 42736
6402 3892
6502 18522
6602 54683
6702 57548
6802 7120
6902 33972
7002 63703
7102 17754
7202 61863
7302 477
7402 4112
7502 11500
7602 4271
7702 63845
7802 25023
7902 42825
8002 47056
8102 62932
8202 8014
8302 42015
8402 60852
8502 38700
8602 49244
8702 49569
8802 61130
8902 20770
9002 46929
9102 58613
9202 56185
9302 22163
9402 41526
9502 16217
9602 47769
9702 22049
9802 21780
9902 13750
10002 57620
10102 46245
10202 15480
10302 60010
10402 19620
10502 40211
10602 41432
10702 16287
10802 34605
10902 37790
11002 34227
11102 39003
11202 48596
11302 16748
11402 49482
11502 33543
11602 25786
11702 9060
11802 17593
11902 10682
12002 23202
12102 29462
12202 53373
12302 6554
12402 59911
12502 51530
12602 44497
12702 21958
12802 62013
12902 8360
13002 49821
13102 21682
13202 30959
13302 13119
13402 23171
13502 57729
13602 53790
13702 41385
13802 37938
13902 65450
14002 23141
14102 46523
14202 59727
14302 39448
14402 44899
14502 9695
14602 15945
14702 57913
14802 31613
14902 20814
15002 35041
15102 63665
15202 27096
15302 57068
15402 32392
15502 57048
15602 21488
15702 57059
15802 30988
15902 689
16002 19880
16102 58029
16202 64267
16302 42660
16402 19545
16502 24220
16602 43555
16702 46248
16802 21845
16902 43858
17002 43278
17102 12402
17202 34761
17302 52254
17402 2621
17502 15144
17602 41203
17702 58196
17802 22519
17902 7885
18002 21170
18102 54633
18202 44942
18302 28985
18402 19919
18502 10394
18602 28402
18702 57262
18802 5212
18902 43117
19002 59999
19102 35064
19202 56948
19302 49994
19402 54555
19502 23199
19602 19178
19702 15244
19802 12251
19902 61512
20002 56290
20102 45548
20202 29210
20302 17143
20402 52486
20502 7808
20602 46494
20702 247
20802 54047
20902 39891
21002 54195
21102 56617
21202 42851
21302 5054
21402 42089
21502 20789
21602 43766
21702 54086
21802 12087
21902 49659
22002 7182
22102 1804
22202 64111
22302 3740
22402 7009
22502 42848
22602 23011
22702 41148
22802 59497
22902 7535
23002 59633
23102 50844
23202 20809
23302 34682
23402 22576
23502 39849
23602 474
23702 34244
23802 46387
23902 28605
24002 26814
24102 4047
24202 12069
24302 63151
24402 423
24502 743
24602 16325
24702 5262
24802 57226
24902 40372
25002 3488
25102 6149
25202 53266
25302 41166
25402 30198
25502 43739
25602 60255
25702 28199
25802 32037
25902 15882
26002 16636
26102 57651
26202 23498
26302 63540
26402 55479
26502 60115
26602 22582
26702 26725
26802 15538
26902 24504
27002 60834
27102 44703
27202 62433
27302 59208
27402 33845
27502 50005
27602 51912
27702 27090
27802 43496
27902 20538
28002 26248
28102 19074
28202 20714
28302 62042
28402 41732
28502 40572
28602 31207
28702 14736
28802 22194
28902 28510
29002 51989
29102 24889
29202 20219
29302 34863
29402 21967
29502 45571
29602 9405
29702 29895
29802 64039
29902 51110
30002 36842
30102 9928
30202 52294
30302 39071
30402 5920
30502 61155
30602 12996
30702 3215
30802 8962
30902 47757
31002 56946
31102 20659
31202 3177
31302 48952
31402 19158
31502 34292
31602 41753
31702 30535
31802 46868
31902 47454
32002 56238
32102 49127
32202 37481
32302 39524
32402 34818
32502 35982
32602 41710
32702 58915
32802 27105
32902 7317
33002 56461
33102 46789
33202 62091
33302 7818
33402 35195
33502 14622
33602 27731
33702 47007
33802 43889
33902 41072
34002 11392
34102 7303
34202 43153
34302 8465
34402 50702
34502 21476
34602 13546
34702 26393
34802 22496
34902 38020
35002 55852
35102 32665
35202 14342
35302 23810
35402 10544
35502 33189
35602 43307
35702 5901
35802 51420
35902 3558
36002 8107
36102 48091
36202 5270
36302 6030
36402 32900
36502 44055
36602 29344
36702 60484
36802 64287
36902 19087
37002 62621
37102 5350
37202 50393
37302 20331
37402 3478
37502 6863
37602 44057
37702 9843
37802 20254
37902 2029
38002 15999
38102 32751
38202 39950
38302 14303
38402 22918
38502 31154
38602 45492
38702 57819
38802 18024
38902 237
39002 41358
39102 29743
39202 2034
39302 60334
39402 65520
39502 4917
39602 1855
39702 40749
39802 19369
39902 46673
40002 26777
40102 5678
40202 44595
40302 36671
40402 34278
40502 63780
40602 36199
40702 4684
40802 26396
40902 20559
41002 65254
41102 14645
41202 59222
41302 59075
41402 36260
41502 58558
41602 16016
41702 19592
41802 64869
41902 46772
42002 16826
42102 5318
42202 548
42302 11552
42402 59772
42502 64948
42602 24859
42702 48413
42802 28887
42902 13791
43002 54834
43102 50614
43202 29905
43302 6250
43402 49985
43502 45115
43602 23479
43702 65255
43802 7562
43902 63489
44002 64851
44102 28616
44202 61420
44302 46743
44402 62251
44502 11438
44602 41920
44702 53581
44802 9073
44902 24899
45002 65506
45102 64704
45202 61551
45302 65326
45402 22353
45502 16755
45602 4551
45702 4648
45802 65179
45902 62326
46002 24420
46102 19472
46202 57780
46302 57523
46402 16947
46502 26686
46602 39756
46702 29474
46802 57800
46902 22502
47002 11246
47102 64995
47202 23760
47302 55911
47402 37466
47502 29069
47602 51394
47702 7780
47802 27597
47902 9938
48002 40878
48102 28504
48202 40376
48302 15387
48402 29820
48502 8593
48602 48955
48702 44446
48802 47208
48902 15227
49002 63319
49102 29854
49202 9130
49302 17432
49402 56235
49502 60257
49602 55788
49702 52505
49802 265
49902 64492
50002 57842
50102 3521
50202 29931
50302 37005
50402 46009
50502 22388
50602 17800
50702 32815
50802 35471
50902 20578
51002 38963
51102 21839
51202 57227
51302 37532
51402 32258
51502 41645
51602 11775
51702 15758
51802 64669
51902 28318
52002 3042
52102 8189
52202 58571
52302 59205
52402 54908
52502 32654
52602 35358
52702 5511
52802 31780
52902 18221
53002 4131
53102 64405
53202 2934
53302 60614
53402 59034
53502 60083
53602 19131
53702 49768
53802 11854
53902 39585
54002 62480
54102 19674
54202 47473
54302 51784
54402 57031
54502 45112
54602 21182
54702 19263
54802 21061
54902 53523
55002 3206
55102 27686
55202 35279
55302 47106
55402 1572
55502 36893
55602 8481
55702 47244
55802 7367
55902 24248
56002 27166
56102 16924
56202 8839
56302 35196
56402 61452
56502 23757
56602 65061
56702 50514
56802 41062
56902 32245
57002 24617
57102 28488
57202 44005
57302 48682
57402 11946
57502 20775
57602 60733
57702 55428
57802 1532
57902 56814
58002 19339
58102 166
58202 56
58302 16185
58402 46150
58502 14369
58602 9096
58702 15461
58802 16675
58902 5030
59002 5111
59102 26824
59202 62406
59302 11710
59402 11085
59502 36410
59602 12003
59702 35418
59802 26892
59902 20339
60002 59522
60102 60334
60202 41467
60302 26212
60402 47871
60502 36553
60602 13989
60702 39729
60802 58568
60902 32517
61002 45607
61102 61442
61202 31654
61302 22242
61402 52785
61502 2335
61602 37196
61702 12602
61802 57596
61902 15139
62002 31622
62102 25071
62202 1730
62302 19412
62402 35646
62502 6410
62602 9085
62702 7392
62802 18963
62902 17771
63002 10330
63102 39404
63202 54578
63302 15345
63402 11694
63502 42714
63602 11265
63702 18558
63802 5611
63902 6080
64002 14493
64102 27908
64202 15563
64302 17784
64402 61004
64502 37031
64602 12867
64702 24476
64802 57724
64902 2378
65002 59650
65102 14683
65202 36537
65302 62921
65402 23697
65502 8601
65602 10038
65702 5273
65802 4839
65902 12026
66002 13470
66102 53982
66202 17220
66302 24262
66402 21045
66502 3896
66602 17682
66702 50350
66802 2491
66902 47199
67002 910
67102 3364
67202 17954
67302 3823
67402 41925
67502 10184
67602 5331
67702 2791
67802 38193
67902 8306
68002 60322
68102 54816
68202 50247
68302 754
68402 18671
68502 21226
68602 50310
68702 49447
68802 26134
68902 4594
69002 16041
69102 28460
69202 11111
69302 24476
69402 37738
69502 38911
69602 26958
69702 39710
69802 10559
69902 2320
70002 60861
70102 40969
70202 48939
70302 38397
70402 10066
70502 53713
70602 51261
70702 39385
70802 29127
70902 25241
71002 23583
71102 56627
71202 33570
71302 21931
71402 23645
71502 6758
71602 25453
71702 38045
71802 6851
71902 13828
72002 47746
72102 50200
72202 6507
72302 53218
72402 43656
72502 21827
72602 49851
72702 13726
72802 59779
72902 61243
73002 38189
73102 48388
73202 28
73302 22955
73402 7074
73502 30005
73602 18204
73702 65236
73802 48016
73902 34238
74002 29674
74102 37468
74202 11444
74302 62247
74402 4193
74502 61097
74602 16240
74702 16384
74802 27965
74902 6454
75002 51237
75102 27904
75202 25716
75302 3137
75402 58363
75502 19236
75602 41286
75702 40868
75802 23692
75902 57789
76002 26616
76102 188
76202 54502
76302 56509
76402 4083
76502 30493
76602 24626
76702 17187
76802 10760
76902 12303
77002 14283
77102 40403
77202 19025
77302 20681
77402 18065
77502 34596
77602 61287
77702 36310
77802 46484
77902 41285
78002 58126
78102 41642
78202 45704
78302 22478
78402 55322
78502 40657
78602 12570
78702 8647
78802 58322
78902 62688
79002 17192
79102 32911
79202 42216
79302 18054
79402 42955
79502 16109
79602 18208
79702 58566
79802 48566
79902 23011
80002 31089
80102 59147
80202 58205
80302 19177
80402 5227
80502 36843
80602 51555
80702 44897
80802 31176
80902 60516
81002 14868
81102 43219
81202 15486
81302 47479
81402 23344
81502 32871
81602 62206
81702 10336
81802 59454
81902 23411
82002 26311
82102 5654
82202 20140
82302 4936
82402 47110
82502 19105
82602 29217
82702 50222
82802 52894
82902 14324
83002 23631
83102 63394
83202 13346
83302 50715
83402 31718
83502 47484
83602 54952
83702 35598
83802 25613
83902 56434
84002 47827
84102 28460
84202 44759
84302 63238
84402 56299
84502 54838
84602 41286
84702 37452
84802 39962
84902 33331
85002 31138
85102 39479
85202 50807
85302 60653
85402 54294
85502 56569
85602 45823
85702 973
85802 37499
85902 6649
86002 24505
86102 30186
86202 15420
86302 36450
86402 6840
86502 50855
86602 44043
86702 53825
86802 30625
86902 13174
87002 52094
87102 5413
87202 31334
87302 52078
87402 48838
87502 3983
87602 63708
87702 15806
87802 33716
87902 28877
88002 27120
88102 863
88202 21914
88302 57105
88402 64920
88502 92
88602 45851
88702 63809
88802 10057
88902 16301
89002 12120
89102 7642
89202 3721
89302 38577
89402 55853
89502 50375
89602 38131
89702 48710
89802 56768
89902 56609
90002 26666
90102 2996
