102 37824
202 11322
302 35050
402 25553
502 63643
602 3304
702 33325
802 64924
902 4483
1002 57056
1102 16723
1202 43172
1302 19316
1402 2865
1502 28365
1602 38297
1702 49195
1802 36246
1902 45354
2002 29299
2102 47351
2202 62138
2302 17251
2402 33940
2502 47167
2602 31047
2702 60649
2802 49280
2902 11037
3002 12889
3102 15794
3202 14474
3302 33227
3402 6219
3502 58696
3602 6265
3702 15857
3802 52928
3902 23208
4002 3169
4102 11139
4202 21419
4302 3295
4402 45789
4502 30391
4602 22315
4702 25416
4802 65309
4902 59738
5002 38413
5102 31683
5202 1266
5302 4899
5402 50558
5502 36284
5602 58040
5702 54397
5802 42522
5902 8034
6002 34432
6102 63724
6202 64054
6302 6760
6402 17971
6502 21850
6602 14046
6702 12695
6802 25891
6902 8642
7002 16658
7102 10130
7202 29895
7302 19421
7402 63446
7502 58211
7602 33744
7702 56196
7802 42950
7902 24488
8002 30654
8102 8727
8202 62730
8302 54735
8402 24390
8502 48854
8602 14110
8702 21977
8802 29673
8902 57752
9002 5633
9102 47554
9202 761
9302 62204
9402 8652
9502 60320
9602 46611
9702 10112
9802 16206
9902 48599
10002 4396
10102 61401
10202 27307
10302 46844
10402 53019
10502 43856
10602 23252
10702 51850
10802 44402
10902 39627
11002 17221
11102 42384
11202 20003
11302 29976
11402 62666
11502 18990
11602 58689
11702 26971
11802 33276
11902 46571
12002 5839
12102 38437
12202 8535
12302 56296
12402 11457
12502 41747
12602 65014
12702 23275
12802 22047
12902 52627
13002 3389
13102 57165
13202 45132
13302 8137
13402 56740
13502 9803
13602 22534
13702 10538
13802 37335
13902 11161
14002 42034
14102 54377
14202 34268
14302 13569
14402 8455
14502 45785
14602 7338
14702 39536
14802 41072
14902 9980
15002 28409
15102 10007
15202 47184
15302 13664
15402 47474
15502 21543
15602 16753
15702 53701
15802 58651
15902 33707
16002 42178
16102 47238
16202 64345
16302 44686
16402 25854
16502 18568
16602 4795
16702 42500
16802 18668
16902 56286
17002 5304
17102 22614
17202 43299
17302 47725
17402 48727
17502 14372
17602 39584
17702 26611
17802 50117
17902 54483
18002 20117
18102 49625
18202 59481
18302 5455
18402 20549
18502 51893
18602 7358
18702 48453
18802 39339
18902 15412
19002 36185
19102 35127
19202 49343
19302 46364
19402 15735
19502 54988
19602 56365
19702 4140
19802 1557
19902 4139
20002 8334
20102 58072
20202 46432
20302 27291
20402 6774
20502 45325
20602 7770
20702 26849
20802 53692
20902 56499
21002 25257
21102 23468
21202 28891
21302 26527
21402 8749
21502 27087
21602 62829
21702 55625
21802 42990
21902 49386
22002 48055
22102 29654
22202 57433
22302 43555
22402 29127
22502 26968
22602 495
22702 42398
22802 6736
22902 28345
23002 34635
23102 24961
23202 59059
23302 56756
23402 8261
23502 29455
23602 65284
23702 32519
23802 46922
23902 12234
24002 56905
24102 52735
24202 26016
24302 6069
24402 25605
24502 11251
24602 55684
24702 63009
24802 29052
24902 38131
25002 13080
25102 8163
25202 22375
25302 41930
25402 30100
25502 46349
25602 36604
25702 2544
25802 42284
25902 37504
26002 61711
26102 24065
26202 47560
26302 32261
26402 872
26502 2489
26602 60133
26702 57115
26802 58157
26902 6914
27002 33301
27102 7319
27202 18060
27302 5893
27402 24000
27502 51637
27602 64906
27702 50474
27802 59748
27902 43620
28002 54546
28102 35980
28202 13860
28302 56890
28402 25361
28502 39720
28602 58348
28702 14849
28802 41523
28902 50562
29002 30377
29102 19711
29202 50986
29302 15356
29402 29699
29502 21574
29602 57912
29702 3668
29802 35141
29902 8178
30002 12620
30102 21025
30202 23185
30302 59690
30402 60971
30502 48850
30602 13079
30702 38911
30802 1292
30902 37741
31002 23988
31102 14634
31202 14789
31302 52274
31402 47510
31502 44474
31602 52724
31702 12073
31802 49974
31902 56948
32002 32108
32102 28865
32202 40995
32302 45306
32402 12840
32502 30696
32602 54650
32702 21422
32802 17515
32902 7492
33002 22534
33102 12371
33202 57830
33302 42408
33402 7127
33502 41892
33602 18071
33702 52447
33802 51321
33902 3889
34002 11169
34102 40976
34202 12264
34302 31303
34402 21257
34502 38209
34602 27727
34702 20061
34802 12248
34902 60230
35002 51926
35102 56141
35202 12201
35302 4885
35402 63349
35502 60901
35602 39904
35702 7221
35802 20937
35902 57346
36002 11795
36102 16480
36202 29832
36302 20700
36402 10775
36502 22762
36602 18780
36702 53198
36802 400
36902 20200
37002 58191
37102 16035
37202 12557
37302 24406
37402 45139
37502 25941
37602 40060
37702 53155
37802 1109
37902 46363
38002 63416
38102 7211
38202 32567
38302 25341
38402 60528
38502 21151
38602 34161
38702 26965
38802 42799
38902 6403
39002 35992
39102 59862
39202 47632
39302 44425
39402 30117
39502 10657
39602 59802
39702 45459
39802 52170
39902 17614
40002 27943
40102 49835
40202 56333
40302 47940
40402 48563
40502 12094
40602 59726
40702 57651
40802 58121
40902 25067
41002 34167
41102 17800
41202 9512
41302 38408
41402 50816
41502 4920
41602 47761
41702 17118
41802 24168
41902 19988
42002 11386
42102 52246
42202 52403
42302 9931
42402 52904
42502 804
42602 4559
42702 14680
42802 21331
42902 48736
43002 55217
43102 47297
43202 37487
43302 56734
43402 62829
43502 51335
43602 40652
43702 21313
43802 7400
43902 5762
44002 6312
44102 30667
44202 58409
44302 51627
44402 62782
44502 15984
44602 29762
44702 26218
44802 26648
44902 980
45002 63153
45102 26323
45202 22674
45302 27800
45402 30806
45502 23865
45602 44634
45702 2220
45802 18778
45902 49215
46002 47967
46102 51930
46202 12259
46302 55991
46402 26956
46502 22654
46602 62071
46702 26355
46802 28510
46902 15573
47002 24950
47102 49010
47202 22686
47302 64043
47402 50468
47502 26223
47602 45894
47702 48686
47802 38609
47902 12461
48002 38104
48102 32304
48202 45727
48302 29650
48402 28212
48502 50521
48602 21307
48702 21814
48802 21288
48902 36863
49002 25435
49102 34564
49202 39585
49302 29986
49402 14598
49502 18390
49602 4424
49702 31283
49802 23986
49902 42574
50002 11160
50102 33346
50202 46952
50302 30251
50402 9893
50502 4919
50602 64289
50702 44739
50802 59077
50902 51630
51002 12865
51102 21926
51202 44856
51302 29634
51402 6373
51502 38353
51602 4989
51702 20214
51802 48060
51902 35931
52002 51733
52102 6404
52202 35082
52302 10063
52402 22800
52502 20485
52602 40007
52702 46834
52802 59919
52902 54978
53002 48246
53102 57354
53202 24996
53302 55906
53402 5920
53502 63728
53602 48293
53702 56960
53802 26712
53902 61653
54002 19950
54102 58856
54202 36384
54302 5360
54402 20926
54502 27708
54602 54538
54702 31118
54802 9646
54902 4089
55002 46579
55102 37132
55202 28417
55302 64211
55402 11083
55502 22207
55602 28360
55702 63116
55802 35926
55902 6621
56002 16644
56102 38052
56202 54857
56302 26365
56402 44413
56502 53311
56602 5013
56702 39261
56802 46941
56902 4064
57002 46630
57102 45950
57202 2322
57302 10981
57402 60037
57502 6813
57602 23331
57702 59210
57802 11613
57902 51708
58002 53970
58102 7686
58202 29148
58302 56601
58402 53710
58502 8417
58602 27255
58702 52064
58802 24371
58902 6320
59002 51456
59102 41823
59202 38625
59302 62883
59402 33947
59502 33437
59602 6138
59702 49826
59802 29278
59902 42177
60002 63531
60102 4650
60202 45281
60302 30348
60402 38565
60502 30958
60602 56935
60702 35457
60802 23147
60902 6249
61002 56845
61102 30933
61202 18458
61302 2270
61402 24436
61502 14283
61602 52174
61702 20402
61802 2727
61902 3327
62002 3873
62102 59255
62202 42263
62302 30264
62402 20785
62502 6576
62602 57778
62702 24489
62802 61980
62902 37573
63002 24917
63102 39449
63202 22435
63302 7325
63402 28481
63502 59663
63602 43531
63702 30920
63802 33687
63902 31346
64002 25497
64102 50567
64202 46715
64302 49642
64402 65185
64502 34834
64602 54459
64702 56681
64802 324
64902 48461
65002 50694
65102 63911
65202 62439
65302 14189
65402 54756
65502 30442
65602 11874
65702 4568
65802 43625
65902 28638
66002 44302
66102 27430
66202 26828
66302 38179
66402 42206
66502 58720
66602 35735
66702 45156
66802 61334
66902 32351
67002 46498
67102 28242
67202 33090
67302 36429
67402 16848
67502 42074
67602 35144
67702 9286
67802 34516
67902 50320
68002 26730
68102 49260
68202 55969
68302 62334
68402 37695
68502 20469
68602 39238
68702 45189
68802 48215
68902 44923
69002 61407
69102 37103
69202 39138
69302 62050
69402 62319
69502 62799
69602 48592
69702 10172
69802 59750
69902 4396
70002 61679
70102 16149
70202 7052
70302 16829
70402 50194
70502 21586
70602 25989
70702 20451
70802 2820
70902 38552
71002 64968
71102 11250
71202 8211
71302 1279
71402 35559
71502 27594
71602 40737
71702 28304
71802 26553
71902 59549
72002 8481
72102 26249
72202 16481
72302 24503
72402 33295
72502 48648
72602 40540
72702 20482
72802 40040
72902 49635
73002 41187
73102 38028
73202 203
73302 15370
73402 58435
73502 32660
73602 48620
73702 36543
73802 32292
73902 65181
74002 58470
74102 42788
74202 33743
74302 51819
74402 16731
74502 253
74602 40616
74702 48640
74802 36146
74902 62357
75002 50407
75102 59582
75202 18522
75302 57368
75402 19092
75502 34103
75602 51685
75702 32663
75802 4778
75902 7945
76002 59943
76102 2460
76202 946
76302 4925
76402 14481
76502 23225
76602 31376
76702 39354
76802 10611
76902 31380
77002 28562
77102 9722
77202 8025
77302 36976
77402 55656
77502 673
77602 40170
77702 53021
77802 42809
77902 57792
78002 3063
78102 41753
78202 34824
78302 60121
78402 56464
78502 7358
78602 58212
78702 53502
78802 59571
78902 7856
79002 12103
79102 57554
79202 58043
79302 29446
79402 13315
79502 44187
79602 31868
79702 42823
79802 2578
79902 28419
80002 44166
80102 36476
80202 38581
80302 29331
80402 54465
80502 56305
80602 46016
80702 6835
80802 20839
80902 8680
81002 7237
81102 4736
81202 36754
81302 53307
81402 51095
81502 42474
81602 46210
81702 25800
81802 11839
81902 3533
82002 48872
82102 41837
82202 52414
82302 57064
82402 11097
82502 15098
82602 10263
82702 32205
82802 27759
82902 49209
83002 4104
83102 21516
83202 37098
83302 56269
83402 20918
83502 40835
83602 10661
83702 62149
83802 19066
83902 1973
84002 56312
84102 47789
84202 11477
84302 61612
84402 57892
84502 40732
84602 51871
84702 21964
84802 41270
84902 16427
85002 6419
85102 30200
85202 35990
85302 44095
85402 13029
85502 48971
85602 49811
85702 15722
85802 52462
85902 36159
86002 57494
86102 37577
86202 41051
86302 6351
86402 32435
86502 48119
86602 10153
86702 63224
86802 26264
86902 22555
87002 12337
87102 51896
87202 57361
87302 43645
87402 41361
87502 2607
87602 3522
87702 38375
87802 15575
87902 14265
88002 39836
88102 50562
88202 44710
88302 8353
88402 11005
88502 14145
88602 27538
88702 21600
88802 64215
88902 43291
89002 49714
89102 54967
89202 45393
89302 35260
89402 11008
89502 7608
89602 11284
89702 56552
89802 12196
89902 6832
90002 33481
90102 3232
