102 14732
202 61354
302 14885
402 35983
502 55922
602 23664
702 37496
802 39155
902 36058
1002 29308
1102 1998
1202 51373
1302 42631
1402 13159
1502 47236
1602 58760
1702 2524
1802 10582
1902 50701
2002 53951
2102 16184
2202 56342
2302 57030
2402 63611
2502 8692
2602 53809
2702 3192
2802 6242
2902 5859
3002 28022
3102 18732
3202 8147
3302 18908
3402 7462
3502 53663
3602 8904
3702 48022
3802 16609
3902 19734
4002 2968
4102 3357
4202 35005
4302 3214
4402 11505
4502 57042
4602 54769
4702 1442
4802 10807
4902 57110
5002 29164
5102 46369
5202 27854
5302 39305
5402 15485
5502 32810
5602 17028
5702 23789
5802 49221
5902 49132
6002 52230
6102 19161
6202 20178
6302 43711
6402 22588
6502 16209
6602 32934
6702 35845
6802 5087
6902 39606
7002 23201
7102 28464
7202 64089
7302 21545
7402 55428
7502 61546
7602 58342
7702 31405
7802 995
7902 31826
8002 45273
8102 10473
8202 1453
8302 10306
8402 56526
8502 17132
8602 24563
8702 9097
8802 22159
8902 19746
9002 20221
9102 36989
9202 57453
9302 52852
9402 61449
9502 945
9602 3077
9702 57784
9802 6415
9902 11665
10002 8220
10102 28417
10202 48277
10302 11096
10402 2107
10502 17747
10602 57366
10702 64492
10802 52176
10902 15484
11002 33757
11102 8273
11202 4117
11302 55415
11402 21898
11502 62223
11602 11475
11702 54033
11802 48838
11902 26409
12002 2921
12102 16099
12202 18997
12302 55249
12402 62290
12502 20932
12602 27171
12702 49794
12802 10512
12902 45048
13002 31960
13102 14371
13202 26752
13302 56794
13402 4078
13502 27412
13602 25094
13702 30172
13802 6753
13902 5274
14002 3675
14102 25828
14202 51983
14302 43913
14402 38903
14502 61263
14602 26774
14702 63345
14802 13430
14902 56678
15002 43839
15102 49140
15202 13413
15302 27633
15402 6137
15502 44939
15602 21911
15702 56195
15802 63078
15902 42098
16002 1716
16102 8419
16202 42540
16302 43250
16402 64081
16502 30539
16602 3080
16702 27033
16802 48696
16902 16511
17002 59649
17102 46381
17202 12719
17302 36191
17402 56964
17502 11900
17602 3330
17702 64318
17802 39493
17902 62048
18002 37911
18102 38605
18202 34633
18302 14884
18402 35427
18502 35948
18602 5063
18702 43595
18802 32109
18902 3316
19002 983
19102 42477
19202 15991
19302 44618
19402 44488
19502 2060
19602 10776
19702 46369
19802 39626
19902 4114
20002 36298
20102 9171
20202 20756
20302 11542
20402 28370
20502 60099
20602 889
20702 28195
20802 5600
20902 55898
21002 5286
21102 54568
21202 58372
21302 64853
21402 12442
21502 6242
21602 3197
21702 46314
21802 50916
21902 53049
22002 38356
22102 26231
22202 49837
22302 33595
22402 65437
22502 37814
22602 355
22702 30104
22802 2260
22902 53668
23002 22759
23102 58042
23202 8677
23302 11563
23402 52616
23502 24085
23602 42547
23702 1133
23802 34334
23902 54271
24002 33816
24102 38317
24202 16809
24302 26189
24402 7383
24502 37971
24602 49155
24702 10491
24802 17748
24902 411
25002 25352
25102 50092
25202 42366
25302 28835
25402 41602
25502 21760
25602 4344
25702 5889
25802 62753
25902 40287
26002 30541
26102 26829
26202 5909
26302 29000
26402 5703
26502 64688
26602 37826
26702 61966
26802 17695
26902 34132
27002 22411
27102 14037
27202 56204
27302 39817
27402 41413
27502 24329
27602 28173
27702 7992
27802 13818
27902 14625
28002 37584
28102 62826
28202 14225
28302 59282
28402 17463
28502 45460
28602 41082
28702 50630
28802 22594
28902 13621
29002 20907
29102 60512
29202 65135
29302 41874
29402 7953
29502 61894
29602 33168
29702 33858
29802 34279
29902 25899
30002 28627
30102 46032
30202 2875
30302 40154
30402 32106
30502 17374
30602 2943
30702 41209
30802 50185
30902 50344
31002 19783
31102 29260
31202 830
31302 45721
31402 7118
31502 37166
31602 33113
31702 7528
31802 2050
31902 19084
32002 13735
32102 51651
32202 36731
32302 50781
32402 26352
32502 55991
32602 57911
32702 30685
32802 39847
32902 34825
33002 42233
33102 414
33202 40679
33302 53947
33402 19609
33502 22288
33602 40873
33702 46841
33802 16456
33902 48952
34002 42948
34102 25502
34202 46211
34302 50961
34402 54772
34502 9112
34602 36699
34702 19900
34802 53098
34902 1540
35002 442
35102 49987
35202 12375
35302 51090
35402 42432
35502 5070
35602 38677
35702 4105
35802 59226
35902 1366
36002 5494
36102 37132
36202 7307
36302 42323
36402 37815
36502 19520
36602 30577
36702 61306
36802 59599
36902 37704
37002 27668
37102 62411
37202 334
37302 38482
37402 8639
37502 33922
37602 48315
37702 54256
37802 52851
37902 34589
38002 28787
38102 529
38202 22132
38302 1388
38402 18266
38502 48587
38602 14129
38702 4411
38802 2289
38902 37408
39002 30386
39102 8284
39202 48924
39302 52440
39402 18807
39502 48731
39602 37660
39702 50406
39802 62233
39902 32387
40002 28014
40102 40631
40202 39159
40302 46467
40402 8849
40502 41710
40602 22638
40702 55096
40802 44497
40902 45196
41002 46042
41102 58026
41202 10167
41302 49585
41402 16728
41502 8822
41602 61778
41702 46788
41802 22183
41902 26231
42002 9784
42102 60063
42202 60003
42302 9303
42402 56077
42502 11358
42602 26454
42702 34101
42802 10847
42902 49157
43002 43582
43102 5081
43202 4877
43302 47290
43402 40552
43502 52136
43602 59426
43702 5434
43802 63563
43902 44413
44002 6706
44102 23404
44202 62397
44302 22944
44402 7120
44502 56441
44602 51706
44702 36720
44802 2484
44902 27144
45002 33607
45102 21583
45202 2598
45302 45622
45402 20180
45502 19476
45602 16123
45702 53797
45802 34751
45902 53400
46002 22679
46102 24617
46202 2593
46302 56569
46402 12677
46502 64296
46602 2810
46702 15391
46802 64412
46902 33645
47002 7298
47102 21924
47202 34210
47302 46535
47402 15585
47502 13704
47602 4910
47702 39447
47802 63737
47902 39867
48002 38334
48102 53022
48202 3551
48302 60820
48402 59338
48502 46739
48602 38756
48702 7269
48802 55185
48902 20303
49002 49143
49102 30107
49202 25772
49302 48051
49402 17697
49502 10375
49602 50980
49702 27028
49802 17430
49902 32977
50002 25782
50102 12764
50202 42470
50302 32268
50402 18186
50502 44779
50602 23737
50702 16391
50802 36070
50902 55736
51002 4188
51102 33974
51202 38329
51302 51371
51402 52237
51502 25356
51602 57020
51702 64114
51802 40496
51902 26105
52002 61170
52102 17202
52202 33405
52302 61659
52402 31351
52502 47570
52602 16864
52702 8559
52802 5751
52902 63877
53002 48008
53102 21856
53202 16872
53302 33403
53402 26832
53502 26276
53602 59900
53702 56687
53802 1082
53902 41076
54002 9415
54102 4868
54202 56860
54302 60568
54402 10530
54502 50386
54602 43480
54702 61874
54802 58854
54902 46032
55002 41615
55102 40985
55202 4285
55302 54224
55402 44217
55502 18875
55602 19644
55702 7541
55802 48907
55902 42173
56002 4890
56102 52322
56202 3860
56302 45520
56402 62862
56502 21819
56602 1006
56702 58256
56802 52690
56902 64752
57002 51358
57102 7394
57202 60306
57302 55557
57402 42070
57502 34937
57602 15977
57702 35404
57802 52658
57902 11262
58002 9803
58102 35067
58202 19997
58302 45378
58402 53389
58502 34270
58602 13947
58702 20904
58802 49873
58902 4259
59002 43349
59102 63839
59202 62348
59302 36161
59402 40535
59502 52264
59602 31753
59702 4622
59802 46743
59902 17040
60002 23076
60102 30481
60202 14458
60302 14207
60402 58564
60502 34674
60602 28450
60702 3405
60802 17518
60902 32138
61002 22528
61102 13819
61202 23109
61302 29218
61402 33111
61502 57327
61602 6926
61702 18069
61802 38814
61902 17802
62002 11370
62102 48269
62202 14220
62302 6472
62402 6129
62502 21862
62602 61666
62702 18009
62802 24038
62902 13238
63002 42240
63102 59105
63202 9551
63302 59691
63402 49549
63502 13555
63602 12088
63702 56479
63802 10011
63902 17643
64002 7602
64102 58692
64202 8012
64302 63079
64402 25341
64502 56617
64602 10159
64702 22084
64802 33274
64902 57411
65002 20238
65102 32906
65202 63013
65302 36672
65402 262
65502 21995
65602 17439
65702 18537
65802 40686
65902 10535
66002 40453
66102 8760
66202 37745
66302 42022
66402 37584
66502 55395
66602 10649
66702 19012
66802 60487
66902 26013
67002 11879
67102 42227
67202 13894
67302 13191
67402 22407
67502 16621
67602 61255
67702 43723
67802 61290
67902 1391
68002 1281
68102 57713
68202 1469
68302 15607
68402 11718
68502 42321
68602 56655
68702 10537
68802 34908
68902 38091
69002 3601
69102 59027
69202 10511
69302 9148
69402 60903
69502 8228
69602 60975
69702 52895
69802 3222
69902 59429
70002 12028
70102 2481
70202 59279
70302 48396
70402 2183
70502 44396
70602 25878
70702 19458
70802 42411
70902 4058
71002 29816
71102 23575
71202 11224
71302 39764
71402 23932
71502 20132
71602 26037
71702 42312
71802 35901
71902 5099
72002 64937
72102 61883
72202 55239
72302 55599
72402 11495
72502 511
72602 18204
72702 47227
72802 18608
72902 15643
73002 19809
73102 7496
73202 59663
73302 56036
73402 40490
73502 19682
73602 61671
73702 36728
73802 20549
73902 54375
74002 43006
74102 29140
74202 28705
74302 10391
74402 46612
74502 3548
74602 10311
74702 12564
74802 13051
74902 63141
75002 29056
75102 9928
75202 51377
75302 40750
75402 28838
75502 58305
75602 53196
75702 20302
75802 44811
75902 3832
76002 38227
76102 45983
76202 39365
76302 5385
76402 21658
76502 838
76602 18209
76702 603
76802 30188
76902 30559
77002 24679
77102 46708
77202 35279
77302 54823
77402 57451
77502 43547
77602 20727
77702 22678
77802 37671
77902 34671
78002 57250
78102 45244
78202 22473
78302 47301
78402 62279
78502 34470
78602 53539
78702 16786
78802 39899
78902 47469
79002 12185
79102 21687
79202 61605
79302 22533
79402 62769
79502 63344
79602 33309
79702 54065
79802 42849
79902 1866
80002 27343
80102 59639
80202 48816
80302 36792
80402 64667
80502 61073
80602 24044
80702 20821
80802 44192
80902 41905
81002 1257
81102 39606
81202 40535
81302 60573
81402 52977
81502 7060
81602 38639
81702 4554
81802 13599
81902 5892
82002 32046
82102 47899
82202 50270
82302 44778
82402 41553
82502 34637
82602 53032
82702 36860
82802 2928
82902 14081
83002 40418
83102 4740
83202 22216
83302 52521
83402 36101
83502 38096
83602 57376
83702 7112
83802 34412
83902 29006
84002 45103
84102 4025
84202 64248
84302 7784
84402 59008
84502 44402
84602 27087
84702 6890
84802 29623
84902 62132
85002 59808
85102 55632
85202 2495
85302 59743
85402 30576
85502 50571
85602 21436
85702 37762
85802 7032
85902 49962
86002 57920
86102 32256
86202 29578
86302 17250
86402 4625
86502 34028
86602 31250
86702 7178
86802 61707
86902 15802
87002 14290
87102 13398
87202 30307
87302 42865
87402 56323
87502 37037
87602 14971
87702 48777
87802 35564
87902 17328
88002 64985
88102 9273
88202 39320
88302 49583
88402 62409
88502 15214
88602 27665
88702 39431
88802 2891
88902 20687
89002 52608
89102 47119
89202 1800
89302 11976
89402 12266
89502 34133
89602 25534
89702 704
89802 57696
89902 52955
90002 50778
90102 37775
