102 64993
202 26906
302 58734
402 28108
502 49478
602 31720
702 38599
802 36088
902 26335
1002 47233
1102 45565
1202 30519
1302 57591
1402 64331
1502 27553
1602 32586
1702 50729
1802 11357
1902 1336
2002 5792
2102 21264
2202 10127
2302 9860
2402 38343
2502 16161
2602 56346
2702 1201
2802 35444
2902 44706
3002 11565
3102 61507
3202 16216
3302 54365
3402 44027
3502 13017
3602 60230
3702 1487
3802 719
3902 56028
4002 42425
4102 51045
4202 59462
4302 17688
4402 60201
4502 8388
4602 32806
4702 950
4802 19807
4902 51750
5002 3501
5102 50922
5202 22797
5302 46600
5402 49489
5502 37190
5602 9552
5702 33116
5802 40739
5902 59239
6002 47692
6102 20512
6202 63436
6302 46203
6402 11211
6502 51304
6602 46308
6702 37517
6802 2388
6902 49504
7002 13557
7102 14198
7202 61013
7302 31015
7402 47752
7502 4585
7602 10247
7702 14698
7802 39869
7902 50242
8002 1009
8102 63367
8202 28450
8302 20030
8402 19240
8502 4434
8602 46118
8702 54599
8802 34062
8902 43527
9002 20332
9102 22530
9202 35206
9302 61918
9402 26215
9502 8873
9602 25209
9702 52932
9802 28452
9902 42270
10002 42405
10102 59431
10202 30080
10302 11940
10402 41787
10502 38859
10602 33942
10702 62985
10802 18000
10902 45053
11002 28555
11102 9791
11202 49774
11302 42138
11402 7123
11502 2738
11602 41303
11702 26559
11802 15399
11902 21005
12002 48495
12102 17090
12202 41620
12302 65037
12402 30930
12502 37043
12602 38892
12702 35849
12802 47665
12902 9395
13002 55369
13102 10264
13202 54751
13302 33200
13402 46115
13502 2086
13602 39625
13702 29597
13802 42907
13902 46982
14002 51709
14102 27762
14202 41184
14302 49884
14402 19586
14502 41005
14602 8372
14702 42232
14802 34321
14902 16807
15002 61647
15102 37463
15202 30156
15302 32383
15402 43133
15502 49359
15602 10097
15702 35846
15802 25503
15902 55584
16002 15419
16102 47898
16202 35122
16302 49206
16402 61625
16502 23346
16602 4410
16702 54549
16802 21460
16902 9122
17002 36645
17102 8572
17202 58013
17302 24559
17402 8399
17502 57937
17602 27506
17702 20354
17802 15996
17902 57836
18002 38976
18102 28049
18202 20319
18302 62632
18402 20362
18502 49980
18602 7706
18702 1774
18802 49851
18902 50301
19002 64683
19102 25891
19202 12300
19302 43567
19402 53229
19502 59942
19602 10758
19702 33091
19802 57088
19902 47988
20002 42182
20102 64579
20202 194
20302 65184
20402 35636
20502 42947
20602 1588
20702 62159
20802 41590
20902 62608
21002 2606
21102 49886
21202 26691
21302 8046
21402 5211
21502 52697
21602 16049
21702 21268
21802 49145
21902 6034
22002 53655
22102 37189
22202 62428
22302 64347
22402 17521
22502 65275
22602 56993
22702 179
22802 52289
22902 56560
23002 49996
23102 42142
23202 43805
23302 31003
23402 49330
23502 34264
23602 56247
23702 14586
23802 9528
23902 1200
24002 59626
24102 56212
24202 16208
24302 27913
24402 33748
24502 12833
24602 50455
24702 5617
24802 23716
24902 14626
25002 51036
25102 19879
25202 17166
25302 16739
25402 29950
25502 20410
25602 39466
25702 63946
25802 55909
25902 64180
26002 34176
26102 10935
26202 26744
26302 63511
26402 29358
26502 7446
26602 12300
26702 35997
26802 54681
26902 33844
27002 62610
27102 43455
27202 14268
27302 2458
27402 807
27502 25538
27602 51746
27702 821
27802 55904
27902 45615
28002 1800
28102 22119
28202 51224
28302 3207
28402 14573
28502 29269
28602 18808
28702 60750
28802 31782
28902 52128
29002 43943
29102 53436
29202 21119
29302 8073
29402 45950
29502 27884
29602 25700
29702 30440
29802 45752
29902 16790
30002 60329
30102 4511
30202 44235
30302 38421
30402 43522
30502 5253
30602 8587
30702 6286
30802 21424
30902 33307
31002 43857
31102 8410
31202 65495
31302 54924
31402 57365
31502 29011
31602 50539
31702 49228
31802 30038
31902 40891
32002 6600
32102 55875
32202 52260
32302 58628
32402 37477
32502 26171
32602 32587
32702 18176
32802 56724
32902 34901
33002 23721
33102 1451
33202 27683
33302 21019
33402 2897
33502 26596
33602 62417
33702 33643
33802 5833
33902 53377
34002 18347
34102 53740
34202 24830
34302 52180
34402 11217
34502 33637
34602 59790
34702 50610
34802 50149
34902 25855
35002 24204
35102 41255
35202 2609
35302 45730
35402 14893
35502 29510
35602 27070
35702 54853
35802 36547
35902 65260
36002 26551
36102 35873
36202 8610
36302 2443
36402 28351
36502 24930
36602 65182
36702 60880
36802 37210
36902 17143
37002 45446
37102 49522
37202 12928
37302 14452
37402 41453
37502 3435
37602 50449
37702 61321
37802 25703
37902 18929
38002 8195
38102 20301
38202 63145
38302 22959
38402 41576
38502 12201
38602 6515
38702 10405
38802 40546
38902 13650
39002 35729
39102 43004
39202 30900
39302 57864
39402 30752
39502 11272
39602 56857
39702 49328
39802 60440
39902 45344
40002 46609
40102 2933
40202 52919
40302 65238
40402 51513
40502 22757
40602 43679
40702 49243
40802 30706
40902 65142
41002 7538
41102 26923
41202 29882
41302 56201
41402 61954
41502 28395
41602 3867
41702 40476
41802 22322
41902 46649
42002 15685
42102 61681
42202 52277
42302 58037
42402 57515
42502 22412
42602 54846
42702 19069
42802 35872
42902 13827
43002 44704
43102 794
43202 63635
43302 40094
43402 55184
43502 8452
43602 28764
43702 15220
43802 39219
43902 25257
44002 992
44102 21221
44202 61294
44302 6224
44402 24395
44502 11787
44602 33353
44702 49942
44802 21859
44902 12919
45002 25941
45102 20147
45202 21028
45302 51300
45402 8699
45502 10600
45602 45988
45702 2440
45802 61555
45902 32658
46002 51513
46102 57888
46202 27283
46302 38686
46402 62974
46502 43244
46602 22487
46702 37704
46802 61161
46902 53439
47002 61070
47102 4295
47202 48543
47302 38238
47402 42907
47502 34629
47602 9367
47702 41065
47802 9368
47902 29777
48002 23059
48102 14407
48202 24562
48302 7214
48402 61015
48502 33660
48602 52119
48702 16147
48802 13084
48902 4932
49002 45096
49102 46911
49202 42666
49302 18718
49402 49220
49502 38463
49602 59106
49702 8739
49802 37813
49902 5862
50002 24866
50102 36453
50202 37729
50302 31559
50402 6620
50502 25673
50602 19061
50702 28420
50802 26632
50902 29567
51002 59415
51102 13830
51202 29060
51302 62325
51402 60321
51502 41524
51602 44976
51702 56880
51802 59938
51902 63198
52002 57870
52102 10598
52202 48797
52302 64543
52402 21301
52502 17418
52602 14958
52702 5840
52802 32213
52902 40745
53002 50265
53102 52019
53202 59739
53302 44376
53402 42193
53502 44659
53602 64887
53702 12191
53802 35152
53902 57101
54002 14172
54102 49830
54202 34113
54302 12477
54402 26945
54502 54168
54602 55012
54702 16512
54802 613
54902 39401
55002 36908
55102 28774
55202 540
55302 21288
55402 2801
55502 26813
55602 8904
55702 18875
55802 40069
55902 42349
56002 61069
56102 40700
56202 23977
56302 11771
56402 36162
56502 53452
56602 55652
56702 24518
56802 63509
56902 50354
57002 4134
57102 35293
57202 19923
57302 30110
57402 59066
57502 13893
57602 2268
57702 62831
57802 48545
57902 47896
58002 44326
58102 53739
58202 24112
58302 42540
58402 35089
58502 15670
58602 52182
58702 53434
58802 1496
58902 22043
59002 29126
59102 23042
59202 12802
59302 52218
59402 58965
59502 28117
59602 30409
59702 45475
59802 60108
59902 6118
60002 29918
60102 39670
60202 2350
60302 16472
60402 59696
60502 6272
60602 55410
60702 65523
60802 331
60902 20047
61002 48859
61102 48952
61202 59124
61302 45084
61402 29952
61502 63514
61602 10223
61702 50692
61802 40638
61902 42055
62002 7366
62102 15514
62202 43
62302 16164
62402 33468
62502 45054
62602 54029
62702 46182
62802 46149
62902 5298
63002 18974
63102 43753
63202 40627
63302 58362
63402 28635
63502 8408
63602 20620
63702 3511
63802 2302
63902 38729
64002 11167
64102 25319
64202 35696
64302 46935
64402 24441
64502 27377
64602 18319
64702 41270
64802 58255
64902 2306
65002 17936
65102 8646
65202 18022
65302 57614
65402 3346
65502 20671
65602 44184
65702 27992
65802 16357
65902 60165
66002 37480
66102 14536
66202 36447
66302 22075
66402 10857
66502 56553
66602 17072
66702 22836
66802 45479
66902 61132
67002 44005
67102 18938
67202 51332
67302 16121
67402 47554
67502 54554
67602 40696
67702 49721
67802 4868
67902 16464
68002 39383
68102 27264
68202 45609
68302 44917
68402 56501
68502 14059
68602 3691
68702 47586
68802 20360
68902 64882
69002 63697
69102 49402
69202 54512
69302 42607
69402 56189
69502 57330
69602 60938
69702 34417
69802 48822
69902 48596
70002 4914
70102 25383
70202 2571
70302 50774
70402 18476
70502 1187
70602 50611
70702 1093
70802 26885
70902 56761
71002 42746
71102 46926
71202 61700
71302 50007
71402 5082
71502 29363
71602 18275
71702 56663
71802 54819
71902 35091
72002 28081
72102 26865
72202 61610
72302 42206
72402 39485
72502 61895
72602 41430
72702 57041
72802 20940
72902 17431
73002 55103
73102 46371
73202 55244
73302 53844
73402 44849
73502 37167
73602 17865
73702 45485
73802 5249
73902 31994
74002 19500
74102 42846
74202 21304
74302 24012
74402 52655
74502 3920
74602 40549
74702 7968
74802 15461
74902 14348
75002 2495
75102 59244
75202 21275
75302 54269
75402 32643
75502 54099
75602 27236
75702 54763
75802 34614
75902 55974
76002 51964
76102 17744
76202 58561
76302 44471
76402 35576
76502 56985
76602 43726
76702 46231
76802 64144
76902 31561
77002 63384
77102 57594
77202 17206
77302 9310
77402 50584
77502 58065
77602 15124
77702 50765
77802 40973
77902 50074
78002 34981
78102 12988
78202 4213
78302 25883
78402 38184
78502 43547
78602 18011
78702 32810
78802 14712
78902 11185
79002 40726
79102 64102
79202 5031
79302 27752
79402 30889
79502 21539
79602 45304
79702 8371
79802 7663
79902 18804
80002 8304
80102 5693
80202 5043
80302 64236
80402 12141
80502 65197
80602 25412
80702 45973
80802 25978
80902 61913
81002 36242
81102 38409
81202 44553
81302 45827
81402 39249
81502 41544
81602 14024
81702 36572
81802 59430
81902 1694
82002 48212
82102 43081
82202 10912
82302 58689
82402 10122
82502 1101
82602 54340
82702 26158
82802 18538
82902 22269
83002 39237
83102 27968
83202 47759
83302 25256
83402 42355
83502 11052
83602 6485
83702 26487
83802 31520
83902 56554
84002 8084
84102 31742
84202 38994
84302 28666
84402 9857
84502 8578
84602 44683
84702 2638
84802 46936
84902 6500
85002 34570
85102 41321
85202 61807
85302 25118
85402 53223
85502 2764
85602 11708
85702 52002
85802 8591
85902 24965
86002 11134
86102 61592
86202 53783
86302 60240
86402 56349
86502 43902
86602 59540
86702 29090
86802 16643
86902 40926
87002 40070
87102 49410
87202 47778
87302 54809
87402 56653
87502 12718
87602 38903
87702 2518
87802 58554
87902 33588
88002 61152
88102 48339
88202 7648
88302 22159
88402 51441
88502 25417
88602 59093
88702 50651
88802 42449
88902 25204
89002 39861
89102 35460
89202 41234
89302 26123
89402 9753
89502 56992
89602 48545
89702 42078
89802 46624
89902 35264
90002 33024
90102 59145
