102 50400
202 19954
302 39650
402 41779
502 4147
602 29162
702 11160
802 27311
902 14363
1002 39027
1102 12254
1202 24031
1302 58567
1402 41089
1502 28819
1602 32951
1702 21714
1802 16311
1902 7255
2002 32311
2102 41765
2202 22423
2302 9854
2402 33764
2502 17609
2602 42099
2702 14743
2802 15966
2902 18376
3002 58641
3102 31219
3202 16646
3302 11535
3402 34001
3502 38309
3602 39084
3702 14144
3802 23496
3902 39593
4002 55784
4102 3553
4202 29220
4302 55443
4402 4128
4502 53782
4602 64843
4702 51936
4802 55134
4902 10751
5002 36939
5102 486
5202 31163
5302 21380
5402 59341
5502 3321
5602 50759
5702 20345
5802 57189
5902 53160
6002 14918
6102 12266
6202 4728
6302 38605
6402 36297
6502 40098
6602 41155
6702 31616
6802 60035
6902 10455
7002 31372
7102 8785
7202 62083
7302 52222
7402 22390
7502 22600
7602 54054
7702 57605
7802 21653
7902 58777
8002 2898
8102 18464
8202 1535
8302 39762
8402 50470
8502 15243
8602 1922
8702 51748
8802 44822
8902 46659
9002 6618
9102 19758
9202 5617
9302 47152
9402 49794
9502 10959
9602 49527
9702 36743
9802 56882
9902 7730
10002 61473
10102 8698
10202 45513
10302 37749
10402 598
10502 6835
10602 1962
10702 48648
10802 37677
10902 24404
11002 58532
11102 43743
11202 42775
11302 45950
11402 64554
11502 47310
11602 46261
11702 1578
11802 43326
11902 11849
12002 23362
12102 45698
12202 61918
12302 13992
12402 35712
12502 41158
12602 11001
12702 24007
12802 27811
12902 21589
13002 36541
13102 26406
13202 31016
13302 25098
13402 60288
13502 14403
13602 41927
13702 32787
13802 60197
13902 54174
14002 12213
14102 50109
14202 97
14302 63701
14402 10837
14502 30271
14602 31745
14702 52964
14802 25027
14902 37847
15002 14085
15102 12355
15202 57789
15302 7784
15402 6696
15502 64091
15602 3692
15702 53547
15802 56388
15902 489
16002 28149
16102 58059
16202 11614
16302 30530
16402 20054
16502 32195
16602 13904
16702 57550
16802 1925
16902 50858
17002 39688
17102 6459
17202 37817
17302 40377
17402 31174
17502 64981
17602 33073
17702 20345
17802 34385
17902 49360
18002 6289
18102 21335
18202 62808
18302 50560
18402 51957
18502 50963
18602 25007
18702 57954
18802 45768
18902 15651
19002 32485
19102 52567
19202 10886
19302 48545
19402 51866
19502 43141
19602 15239
19702 5360
19802 11572
19902 62028
20002 7029
20102 3210
20202 4605
20302 24632
20402 12615
20502 4431
20602 58838
20702 35865
20802 57037
20902 32197
21002 49233
21102 34896
21202 18244
21302 63128
21402 14598
21502 3967
21602 422
21702 63814
21802 40526
21902 8226
22002 36676
22102 32046
22202 53570
22302 63716
22402 9503
22502 31775
22602 52396
22702 22570
22802 3728
22902 55226
23002 31981
23102 18556
23202 65489
23302 10262
23402 21248
23502 3281
23602 32457
23702 18002
23802 41074
23902 41488
24002 62851
24102 61523
24202 22405
24302 31809
24402 45154
24502 20310
24602 21898
24702 37084
24802 2074
24902 26632
25002 65285
25102 31603
25202 31831
25302 63691
25402 11046
25502 2345
25602 11393
25702 46432
25802 47781
25902 21277
26002 53389
26102 29518
26202 756
26302 539
26402 3753
26502 42236
26602 61324
26702 54114
26802 21359
26902 44884
27002 64867
27102 32758
27202 57324
27302 42170
27402 15079
27502 44615
27602 65227
27702 20055
27802 38485
27902 39612
28002 20604
28102 33974
28202 7516
28302 28620
28402 64234
28502 22443
28602 32251
28702 27435
28802 26666
28902 10304
29002 46419
29102 34001
29202 61352
29302 58600
29402 1092
29502 20341
29602 63088
29702 64525
29802 62283
29902 46222
30002 39041
30102 65461
30202 58524
30302 32796
30402 48881
30502 7528
30602 62194
30702 48491
30802 63583
30902 64860
31002 23332
31102 5230
31202 50603
31302 49502
31402 33087
31502 13222
31602 46495
31702 10323
31802 19839
31902 830
32002 49563
32102 59758
32202 40861
32302 40488
32402 55825
32502 49788
32602 58733
32702 21728
32802 46527
32902 49729
33002 32829
33102 52333
33202 58332
33302 37256
33402 4299
33502 20719
33602 5282
33702 3799
33802 9230
33902 56100
34002 24197
34102 53562
34202 15320
34302 54587
34402 29086
34502 16285
34602 18486
34702 16022
34802 43318
34902 56854
35002 30867
35102 15639
35202 39840
35302 59190
35402 47815
35502 37593
35602 58812
35702 42011
35802 51227
35902 55997
36002 55360
36102 13418
36202 52194
36302 55532
36402 3210
36502 53267
36602 39086
36702 21508
36802 62146
36902 18687
37002 15458
37102 41225
37202 61638
37302 33952
37402 34925
37502 64120
37602 24921
37702 4539
37802 9955
37902 62280
38002 26863
38102 32611
38202 31479
38302 18536
38402 13367
38502 15489
38602 7864
38702 6488
38802 4918
38902 42540
39002 47059
39102 2415
39202 28509
39302 48287
39402 33592
39502 49359
39602 61120
39702 55362
39802 51384
39902 37853
40002 55952
40102 21218
40202 13134
40302 32640
40402 38570
40502 19183
40602 60775
40702 29480
40802 37022
40902 3863
41002 9761
41102 5188
41202 21987
41302 52669
41402 34809
41502 30571
41602 18696
41702 49092
41802 5681
41902 46504
42002 3909
42102 2761
42202 54749
42302 5674
42402 9834
42502 46067
42602 42928
42702 44244
42802 50351
42902 59634
43002 47779
43102 60160
43202 23371
43302 49242
43402 4556
43502 36372
43602 23223
43702 42634
43802 4488
43902 52186
44002 49679
44102 53524
44202 52309
44302 45779
44402 22742
44502 29660
44602 57892
44702 31403
44802 31603
44902 46408
45002 4213
45102 57183
45202 43129
45302 10577
45402 20987
45502 38428
45602 7915
45702 42513
45802 59606
45902 31564
46002 60597
46102 51763
46202 20395
46302 22304
46402 58662
46502 42306
46602 51561
46702 52504
46802 64035
46902 44798
47002 29513
47102 56438
47202 29622
47302 63279
47402 50195
47502 62129
47602 23402
47702 55578
47802 3897
47902 26212
48002 60963
48102 22615
48202 8752
48302 11609
48402 43817
48502 17648
48602 41976
48702 44362
48802 11757
48902 22967
49002 26727
49102 8763
49202 19285
49302 2232
49402 3426
49502 24241
49602 19708
49702 49567
49802 51604
49902 59550
50002 8511
50102 35576
50202 29952
50302 40374
50402 11282
50502 45488
50602 61519
50702 57788
50802 15710
50902 35331
51002 58805
51102 37396
51202 65322
51302 5836
51402 24704
51502 26377
51602 30949
51702 39554
51802 21852
51902 47486
52002 1546
52102 37579
52202 27575
52302 31060
52402 42519
52502 36774
52602 23239
52702 31659
52802 2238
52902 41473
53002 1329
53102 12910
53202 22409
53302 52404
53402 23666
53502 27147
53602 43911
53702 40058
53802 64502
53902 31008
54002 20808
54102 2226
54202 56262
54302 43008
54402 23363
54502 49957
54602 29744
54702 37557
54802 21821
54902 3164
55002 2739
55102 46211
55202 42688
55302 9614
55402 39567
55502 65480
55602 331
55702 55200
55802 64826
55902 26211
56002 60677
56102 22443
56202 25515
56302 24204
56402 8426
56502 59757
56602 32778
56702 45585
56802 15835
56902 54736
57002 5526
57102 55393
57202 28962
57302 3621
57402 53424
57502 44586
57602 26589
57702 61176
57802 62758
57902 19717
58002 13259
58102 59916
58202 39657
58302 53196
58402 22340
58502 27443
58602 16812
58702 8335
58802 54429
58902 55347
59002 50477
59102 21949
59202 13834
59302 26751
59402 47992
59502 17297
59602 46860
59702 6750
59802 17088
59902 32788
60002 56590
60102 16565
60202 5936
60302 6196
60402 3412
60502 35006
60602 50438
60702 20870
60802 40632
60902 54535
61002 24677
61102 46976
61202 34833
61302 44993
61402 6117
61502 3487
61602 54253
61702 57938
61802 13847
61902 2378
62002 13382
62102 22990
62202 24749
62302 30065
62402 18327
62502 16251
62602 57533
62702 10674
62802 50079
62902 39654
63002 35586
63102 54890
63202 16492
63302 30475
63402 50512
63502 58087
63602 32639
63702 61871
63802 53465
63902 32834
64002 12315
64102 61611
64202 41784
64302 1623
64402 14767
64502 7382
64602 9000
64702 22324
64802 7839
64902 53975
65002 57265
65102 22887
65202 61587
65302 13940
65402 4806
65502 44440
65602 48466
65702 43585
65802 62314
65902 33788
66002 5307
66102 46541
66202 34000
66302 4667
66402 4364
66502 58024
66602 607
66702 62064
66802 38359
66902 40855
67002 22029
67102 15698
67202 34322
67302 56560
67402 51143
67502 52112
67602 61893
67702 1044
67802 4597
67902 3524
68002 51616
68102 52917
68202 27000
68302 31739
68402 47280
68502 45855
68602 28607
68702 33556
68802 46147
68902 54012
69002 64821
69102 6294
69202 41532
69302 56074
69402 39384
69502 64131
69602 36491
69702 24001
69802 15585
69902 23816
70002 41618
70102 26276
70202 32730
70302 17364
70402 47286
70502 43125
70602 16799
70702 39348
70802 38993
70902 42032
71002 48652
71102 43338
71202 23253
71302 36126
71402 60397
71502 47735
71602 42970
71702 61620
71802 35297
71902 10194
72002 28238
72102 19455
72202 14419
72302 29649
72402 56375
72502 42860
72602 37164
72702 38864
72802 208
72902 16006
73002 31542
73102 4127
73202 58140
73302 23330
73402 4001
73502 17328
73602 52180
73702 27216
73802 8194
73902 31390
74002 51390
74102 61541
74202 10764
74302 34066
74402 28013
74502 21695
74602 38205
74702 61313
74802 62138
74902 35220
75002 56941
75102 32037
75202 43998
75302 25697
75402 43322
75502 38772
75602 32826
75702 25068
75802 48413
75902 34764
76002 55842
76102 15364
76202 54929
76302 37358
76402 3804
76502 12992
76602 13348
76702 37062
76802 27161
76902 36087
77002 19471
77102 18726
77202 55419
77302 50722
77402 25177
77502 48605
77602 28193
77702 33834
77802 25661
77902 40251
78002 46799
78102 45343
78202 41201
78302 11345
78402 44904
78502 6882
78602 52339
78702 47447
78802 61652
78902 2528
79002 38597
79102 37192
79202 41330
79302 41309
79402 63307
79502 13204
79602 5073
79702 60797
79802 16586
79902 61629
80002 2670
80102 41472
80202 1459
80302 39644
80402 29736
80502 12845
80602 9014
80702 54120
80802 2161
80902 617
81002 10620
81102 14171
81202 46031
81302 8080
81402 39557
81502 62403
81602 39217
81702 24165
81802 23878
81902 17390
82002 3006
82102 2415
82202 33037
82302 54246
82402 11636
82502 38210
82602 16054
82702 48207
82802 3747
82902 62641
83002 53506
83102 10290
83202 10921
83302 21070
83402 5600
83502 52053
83602 8448
83702 62898
83802 65412
83902 10751
84002 17045
84102 23462
84202 41968
84302 5021
84402 10584
84502 31635
84602 25571
84702 13025
84802 19127
84902 10430
85002 28614
85102 28233
85202 41415
85302 27563
85402 17278
85502 4693
85602 6965
85702 31607
85802 2951
85902 45518
86002 2838
86102 6536
86202 43645
86302 48606
86402 38064
86502 5956
86602 52723
86702 24434
86802 3380
86902 22950
87002 4926
87102 55909
87202 15678
87302 26555
87402 7627
87502 4870
87602 32373
87702 31683
87802 23392
87902 38148
88002 52191
88102 35790
88202 47622
88302 56137
88402 33867
88502 2915
88602 30840
88702 21981
88802 9594
88902 6468
89002 855
89102 53401
89202 9149
89302 15035
89402 19130
89502 37163
89602 50779
89702 8017
89802 37168
89902 42788
90002 58485
90102 18326
90202 55070
90302 26948
90402 52721
