102 48077
202 57066
302 19161
402 1744
502 9622
602 18873
702 26726
802 59383
902 34902
1002 43456
1102 25703
1202 52617
1302 16792
1402 13807
1502 2783
1602 12864
1702 45490
1802 51279
1902 3245
2002 9788
2102 12407
2202 18770
2302 5660
2402 23594
2502 21253
2602 49908
2702 44305
2802 17065
2902 16557
3002 43039
3102 12241
3202 61748
3302 60246
3402 64775
3502 57194
3602 18473
3702 53328
3802 44272
3902 3919
4002 40977
4102 10788
4202 27167
4302 19659
4402 49869
4502 60935
4602 4830
4702 42043
4802 21314
4902 63559
5002 16274
5102 4299
5202 57513
5302 59247
5402 42417
5502 12807
5602 34817
5702 43051
5802 61754
5902 16772
6002 29230
6102 20782
6202 49768
6302 33238
6402 58063
6502 12376
6602 55325
6702 37004
6802 15886
6902 37434
7002 25676
7102 19876
7202 52228
7302 38793
7402 59946
7502 28860
7602 58444
7702 47656
7802 27169
7902 25133
8002 3752
8102 13212
8202 63643
8302 64271
8402 22664
8502 43944
8602 13897
8702 23416
8802 54085
8902 18997
9002 46031
9102 46800
9202 62895
9302 57855
9402 51628
9502 42950
9602 26688
9702 26066
9802 38801
9902 26385
10002 40786
10102 27906
10202 2341
10302 17945
10402 24022
10502 23594
10602 42325
10702 30969
10802 3130
10902 63515
11002 9259
11102 45835
11202 50643
11302 58445
11402 35478
11502 54646
11602 39855
11702 54893
11802 22599
11902 569
12002 50809
12102 15073
12202 42156
12302 44711
12402 43366
12502 19772
12602 55899
12702 11133
12802 21278
12902 16841
13002 48128
13102 32221
13202 9408
13302 19387
13402 46682
13502 57975
13602 40835
13702 25254
13802 58696
13902 25202
14002 29112
14102 38338
14202 10830
14302 36178
14402 52653
14502 10120
14602 64619
14702 4330
14802 28586
14902 9908
15002 64743
15102 5243
15202 10853
15302 22609
15402 3608
15502 28323
15602 9765
15702 15376
15802 17055
15902 45009
16002 37934
16102 19167
16202 19824
16302 62116
16402 56190
16502 64771
16602 64130
16702 15904
16802 9001
16902 27842
17002 12429
17102 59216
17202 575
17302 28023
17402 58853
17502 5824
17602 38739
17702 30699
17802 20855
17902 6699
18002 32114
18102 6240
18202 34191
18302 42856
18402 27149
18502 65391
18602 41235
18702 40862
18802 31184
18902 9926
19002 37120
19102 6993
19202 47065
19302 57583
19402 8325
19502 41683
19602 62737
19702 55531
19802 15435
19902 42226
20002 43201
20102 19005
20202 54731
20302 30281
20402 23646
20502 55346
20602 23658
20702 34532
20802 40161
20902 24013
21002 35190
21102 64691
21202 30944
21302 18069
21402 62435
21502 40916
21602 17229
21702 8550
21802 25110
21902 26052
22002 17809
22102 15393
22202 38875
22302 33368
22402 64061
22502 6915
22602 20656
22702 15600
22802 44682
22902 57078
23002 50693
23102 23766
23202 39348
23302 60705
23402 2217
23502 53216
23602 59186
23702 56874
23802 62530
23902 33368
24002 31837
24102 7261
24202 40772
24302 27014
24402 64700
24502 61619
24602 49017
24702 30040
24802 45025
24902 52800
25002 38240
25102 64149
25202 54814
25302 48185
25402 3319
25502 29817
25602 28752
25702 60236
25802 19440
25902 28498
26002 23548
26102 37765
26202 6115
26302 52654
26402 20626
26502 44301
26602 21538
26702 62615
26802 1984
26902 49567
27002 37530
27102 23957
27202 19579
27302 25837
27402 7752
27502 16198
27602 12537
27702 755
27802 13380
27902 18180
28002 63402
28102 56638
28202 22625
28302 49125
28402 15161
28502 30532
28602 29300
28702 60428
28802 50986
28902 46365
29002 62055
29102 51686
29202 34640
29302 55257
29402 24772
29502 27930
29602 38122
29702 14975
29802 25568
29902 18361
30002 30181
30102 42144
30202 39592
30302 28934
30402 29130
30502 58170
30602 65009
30702 9451
30802 9744
30902 58499
31002 55663
31102 3322
31202 13872
31302 3354
31402 35085
31502 30355
31602 45888
31702 15127
31802 35226
31902 31479
32002 19
32102 56787
32202 38818
32302 61084
32402 28293
32502 8077
32602 54430
32702 11121
32802 53312
32902 6796
33002 53560
33102 63489
33202 65404
33302 38542
33402 50817
33502 47643
33602 30216
33702 2436
33802 11513
33902 19907
34002 53607
34102 38929
34202 65205
34302 54594
34402 45065
34502 39586
34602 59248
34702 31625
34802 55967
34902 43996
35002 12505
35102 13925
35202 48246
35302 49178
35402 187
35502 41845
