102 21583
202 6863
302 29092
402 5759
502 21550
602 7261
702 18740
802 58515
902 29897
1002 29828
1102 40236
1202 27874
1302 64641
1402 29993
1502 20478
1602 1494
1702 39835
1802 19399
1902 57361
2002 31973
2102 5720
2202 16958
2302 56460
2402 61482
2502 56391
2602 19757
2702 11289
2802 34313
2902 39227
3002 46383
3102 1634
3202 48689
3302 9406
3402 64153
3502 18515
3602 30954
3702 65146
3802 21169
3902 12886
4002 19088
4102 65410
4202 41697
4302 50248
4402 4785
4502 39339
4602 11327
4702 16613
4802 24241
4902 57255
5002 8484
5102 41731
5202 42915
5302 62949
5402 10474
5502 38989
5602 10976
5702 14965
5802 38573
5902 12604
6002 57853
6102 64046
6202 43991
6302 12917
6402 55789
6502 63890
6602 4514
6702 27688
6802 42581
6902 58486
7002 29367
7102 43897
7202 14394
7302 20286
7402 5365
7502 4597
7602 21297
7702 10693
7802 43985
7902 19645
8002 58110
8102 46963
8202 31448
8302 30848
8402 62907
8502 30330
8602 44812
8702 27088
8802 52261
8902 269
9002 34362
9102 51677
9202 21868
9302 59883
9402 63993
9502 10573
9602 41574
9702 62903
9802 19168
9902 32607
10002 584
10102 63516
10202 31905
10302 63950
10402 58088
10502 53031
10602 2831
10702 21206
10802 11253
10902 50003
11002 47042
11102 62052
11202 33600
11302 2073
11402 33309
11502 51764
11602 24573
11702 36496
11802 7732
11902 57149
12002 9169
12102 6342
12202 61704
12302 32969
12402 5433
12502 3537
12602 18973
12702 27670
12802 33135
12902 36138
13002 45238
13102 348
13202 21545
13302 54611
13402 13590
13502 18925
13602 59427
13702 62154
13802 23536
13902 10218
14002 43435
14102 53242
14202 25393
14302 55358
14402 42572
14502 46533
14602 40607
14702 8380
14802 58268
14902 48672
15002 1064
15102 51547
15202 56846
15302 47265
15402 1303
15502 60708
15602 10258
15702 31363
15802 5044
15902 12697
16002 51046
16102 54641
16202 9162
16302 5515
16402 8993
16502 41452
16602 9523
16702 37327
16802 58811
16902 17250
17002 52760
17102 57734
17202 51399
17302 2867
17402 60864
17502 63145
17602 2731
17702 10695
17802 52232
17902 18546
18002 15184
18102 5809
18202 62109
18302 15413
18402 17476
18502 22987
18602 2293
18702 21221
18802 26913
18902 4721
19002 27120
19102 29686
19202 20958
19302 15221
19402 36975
19502 36827
19602 39053
19702 32264
19802 36617
19902 11693
20002 60094
20102 53479
20202 30227
20302 58447
20402 439
20502 40519
20602 44864
20702 18168
20802 35739
20902 25871
21002 17363
21102 23958
21202 61220
21302 28359
21402 39798
21502 22047
21602 55438
21702 39096
21802 64738
21902 56114
22002 28423
22102 51029
22202 50546
22302 53352
22402 12105
22502 41343
22602 17412
22702 25495
22802 33374
22902 60924
23002 57389
23102 37683
23202 41439
23302 34723
23402 30589
23502 35921
23602 37065
23702 31140
23802 56002
23902 11490
24002 26770
24102 17823
24202 26476
24302 10638
24402 13488
24502 58232
24602 36794
24702 60607
24802 47417
24902 43255
25002 23712
25102 6827
25202 61090
25302 10678
25402 37418
25502 32704
25602 21875
25702 64408
25802 58018
25902 50327
26002 57188
26102 20995
26202 16734
26302 41719
26402 42342
26502 54127
26602 32620
26702 37270
26802 19916
26902 10283
27002 64765
27102 28560
27202 15826
27302 50842
27402 4214
27502 46393
27602 37181
27702 33269
27802 28408
27902 18625
28002 4055
28102 27847
28202 15186
28302 23713
28402 17659
28502 14865
28602 38306
28702 20136
28802 19035
28902 7246
29002 60412
29102 27667
29202 46219
29302 56256
29402 2049
29502 1588
29602 61065
29702 61856
29802 57854
29902 26399
30002 34263
30102 714
30202 20417
30302 38727
30402 55422
30502 36856
30602 28932
30702 22211
30802 9045
30902 112
31002 13404
31102 23267
31202 5269
31302 49142
31402 17941
31502 45919
