102 47948
202 32094
302 50084
402 30913
502 12760
602 8472
702 32828
802 51824
902 48258
1002 16069
1102 24503
1202 55312
1302 28945
1402 27863
1502 18545
1602 12754
1702 35101
1802 65186
1902 967
2002 45691
2102 27467
2202 35124
2302 32007
2402 9194
2502 20183
2602 7883
2702 31721
2802 53199
2902 21229
3002 17357
3102 42265
3202 57919
3302 36606
3402 20001
3502 57727
3602 53996
3702 29402
3802 17741
3902 65502
4002 24056
4102 11738
4202 35838
4302 12553
4402 41521
4502 55198
4602 61233
4702 18232
4802 23544
4902 43072
5002 51374
5102 42172
5202 62384
5302 12148
5402 44782
5502 44798
5602 36723
5702 11072
5802 50284
5902 39944
6002 46757
6102 60905
6202 29681
6302 27385
6402 14236
6502 5799
6602 57421
6702 27653
6802 7355
6902 27435
7002 22217
7102 3351
7202 27950
7302 23415
7402 53278
7502 15285
7602 52800
7702 54860
7802 38395
7902 22231
8002 1295
8102 55899
8202 18222
8302 28524
8402 15799
8502 41731
8602 37174
8702 30585
8802 2808
8902 25759
9002 64255
9102 27793
9202 26377
9302 27610
9402 56299
9502 30138
9602 7755
9702 5625
9802 33409
9902 14813
10002 47591
10102 5399
10202 61242
10302 52843
10402 11997
10502 5145
10602 13344
10702 8042
10802 53742
10902 43277
11002 19856
11102 43081
11202 24471
11302 53300
11402 39828
11502 51250
11602 57685
11702 40992
11802 2784
11902 31080
12002 10350
12102 45933
12202 56611
12302 2665
12402 54857
12502 28217
12602 48693
12702 10683
12802 11373
12902 51939
13002 36015
13102 64660
13202 23691
13302 57221
13402 15426
13502 62569
13602 45190
13702 45996
13802 10032
13902 20133
14002 10550
14102 54194
14202 25652
14302 63349
14402 30045
14502 48875
14602 42784
14702 19146
14802 47816
14902 25178
15002 7521
15102 46012
15202 22633
15302 25869
15402 40917
15502 21505
15602 61949
15702 24469
15802 16400
15902 53741
16002 62947
16102 4801
16202 35636
16302 31118
16402 55284
16502 51213
16602 57139
16702 20355
16802 45555
16902 20062
17002 5707
17102 11836
17202 40223
17302 49177
17402 10080
17502 44439
17602 58041
17702 17233
17802 3973
17902 56582
18002 18785
18102 43900
18202 16492
18302 32623
18402 16134
18502 7461
18602 38743
18702 44707
18802 30262
18902 59035
19002 1623
19102 63247
19202 15798
19302 14721
19402 46495
19502 18410
19602 44485
19702 41641
19802 29175
19902 4368
20002 52079
20102 26757
20202 42704
20302 24612
20402 12134
20502 48761
20602 20256
20702 52323
20802 40033
20902 3234
21002 12652
21102 30578
21202 56377
21302 54953
21402 19559
21502 42084
21602 47290
21702 14938
21802 57393
21902 9102
22002 24299
22102 50411
22202 46529
22302 15654
22402 38410
22502 56968
22602 21789
22702 6958
22802 58428
22902 12662
23002 47696
23102 33986
23202 2695
23302 24556
23402 30309
23502 27189
23602 400
23702 26751
23802 56500
23902 1974
24002 18213
24102 3179
24202 44174
24302 13161
24402 7032
24502 13078
24602 61707
24702 12952
24802 55433
24902 49576
25002 17464
25102 56707
25202 39917
25302 47673
25402 23696
25502 63641
25602 56674
25702 44816
25802 42240
25902 449
26002 59512
26102 40435
26202 22363
26302 11210
26402 34900
26502 19215
26602 31006
26702 61190
26802 2996
26902 57140
27002 37155
27102 29059
27202 22792
27302 50356
27402 8009
27502 15152
27602 55168
27702 49640
27802 2565
27902 35138
28002 35838
28102 64077
28202 38510
28302 61519
28402 1064
28502 18553
28602 60233
28702 17915
28802 28200
28902 43404
29002 18610
29102 3143
29202 53604
29302 31229
29402 61845
29502 64300
29602 34152
29702 36932
29802 49071
29902 17859
30002 33252
30102 30836
30202 37100
30302 36270
30402 4630
30502 8859
30602 42995
30702 37786
30802 7155
30902 1897
31002 38557
31102 26252
31202 35515
31302 58284
31402 49409
31502 23111
31602 50350
31702 51930
31802 1593
31902 22922
32002 28408
32102 15419
32202 31702
32302 26435
32402 65293
32502 37567
32602 42717
32702 53312
32802 10196
32902 6737
33002 27705
33102 61745
33202 6013
33302 54904
33402 55602
33502 18422
33602 57535
33702 61885
33802 27390
33902 24680
34002 44906
34102 40478
34202 36618
34302 6631
34402 62860
34502 1355
34602 45674
34702 59861
34802 3057
34902 20991
35002 61174
35102 3290
35202 16938
35302 48999
35402 51367
35502 21881
35602 59947
35702 30803
35802 57289
35902 32711
36002 42018
36102 15336
36202 60483
36302 60640
36402 62708
36502 62454
36602 51613
36702 45822
36802 47124
36902 21255
37002 14080
37102 39871
37202 19706
37302 24139
37402 37704
37502 27734
37602 17078
37702 62722
37802 55722
37902 23506
38002 9550
38102 3997
38202 33750
38302 4560
38402 16513
38502 17737
38602 61968
38702 3406
38802 47922
38902 46922
39002 48939
39102 57143
39202 48301
39302 41440
39402 39956
39502 30866
39602 36511
39702 48787
39802 46691
39902 42986
40002 3155
40102 36966
40202 18386
40302 54342
40402 60649
40502 45573
40602 39958
40702 4576
40802 5416
40902 1149
41002 7931
41102 9095
41202 17831
41302 64054
41402 12147
41502 20938
41602 56125
41702 21969
41802 63813
41902 36208
42002 49882
42102 25716
42202 52604
42302 8689
42402 35257
42502 59573
42602 37036
42702 8180
42802 41063
42902 64382
43002 46071
43102 54237
43202 28487
43302 31439
43402 53315
43502 18548
43602 4477
43702 64026
43802 28071
43902 41151
44002 24306
44102 962
44202 16013
44302 54106
44402 56793
44502 3994
44602 20752
44702 29501
44802 25060
44902 9222
45002 16210
45102 61780
45202 15767
45302 39300
45402 40857
45502 53076
45602 52864
45702 42944
45802 5596
45902 55411
46002 33697
46102 26199
46202 48188
46302 42771
46402 8691
46502 62788
46602 59405
46702 710
46802 35272
46902 22063
47002 62342
47102 56961
47202 15865
47302 46088
47402 42426
47502 30866
47602 24495
47702 52630
47802 42412
47902 58760
48002 57874
48102 45240
48202 30357
48302 14593
48402 11610
48502 5470
48602 22196
48702 1397
48802 5239
48902 9042
49002 42382
49102 42272
49202 14917
49302 57326
49402 57156
49502 1783
49602 25628
49702 64989
49802 36159
49902 62440
50002 36325
50102 28595
50202 9165
50302 51872
50402 36785
50502 58571
50602 51834
50702 27755
50802 24612
50902 35478
51002 16249
51102 24802
51202 5200
51302 38957
51402 64704
51502 55924
51602 18597
51702 32818
51802 25679
51902 23843
52002 53559
52102 32783
52202 16477
52302 4546
52402 48668
52502 59507
52602 29694
52702 18258
52802 51699
52902 21944
53002 5472
53102 39028
53202 22827
53302 41160
53402 48704
53502 53290
53602 43367
53702 2431
53802 3821
53902 64966
54002 52634
54102 57756
54202 8662
54302 35619
54402 52277
54502 41804
54602 13318
54702 2253
54802 45344
54902 21870
55002 47084
55102 18447
55202 9481
55302 19158
55402 3807
55502 16183
55602 39699
55702 52194
55802 50896
55902 13954
56002 12828
56102 38067
56202 56252
56302 19422
56402 5986
56502 3562
56602 61209
56702 1302
56802 46964
56902 8647
57002 14443
57102 25318
57202 19517
57302 27731
57402 26575
57502 52031
57602 64027
57702 4058
57802 5583
57902 1875
58002 31135
58102 13019
58202 64223
58302 61404
58402 55254
58502 39472
58602 10044
58702 55573
58802 19750
58902 28643
59002 10019
59102 22664
59202 46632
59302 46262
59402 20402
59502 16295
59602 2068
59702 29197
59802 64755
59902 47077
60002 11908
60102 6771
60202 5343
60302 42114
60402 39064
60502 677
60602 32478
60702 60861
60802 4236
60902 26523
61002 17430
61102 37081
61202 29850
61302 10033
61402 25070
61502 53531
61602 4339
61702 29724
61802 10719
61902 27255
62002 64445
62102 3161
62202 31872
62302 2979
62402 30054
62502 2691
62602 31170
62702 28321
62802 16379
62902 46626
63002 35880
63102 13572
63202 22361
63302 25554
63402 43766
63502 62022
63602 61741
63702 46679
63802 3401
63902 47884
64002 39468
64102 18604
64202 30415
64302 24078
64402 22682
64502 53584
64602 12432
64702 54401
64802 19833
64902 45953
65002 18787
65102 45995
65202 3016
65302 24667
65402 20206
65502 26553
65602 1046
65702 26777
65802 20434
65902 59152
66002 57091
66102 19729
66202 3930
66302 2517
66402 38132
66502 59316
66602 54488
66702 40416
66802 9656
66902 16647
67002 40511
67102 47918
67202 59507
67302 7962
67402 43899
67502 54731
67602 17028
67702 29888
67802 23497
67902 5609
68002 20070
68102 51658
68202 21749
68302 45460
68402 21533
68502 29526
68602 28959
68702 4723
68802 18428
68902 21788
69002 11022
69102 23940
69202 38331
69302 29663
69402 347
69502 18653
69602 43834
69702 45549
69802 61278
69902 46877
70002 27011
70102 43342
70202 2904
70302 26818
70402 53009
70502 51367
70602 55649
70702 64913
70802 28256
70902 20448
71002 2478
71102 52917
71202 37183
71302 22015
71402 19956
71502 62872
71602 13514
71702 46751
71802 50959
71902 36626
72002 22384
72102 32833
72202 8193
72302 43900
72402 45350
72502 31776
72602 26582
72702 9542
72802 28223
72902 47497
73002 35291
73102 49584
73202 32026
73302 38099
73402 47419
73502 57034
73602 41350
73702 5876
73802 30916
73902 56671
74002 13852
74102 52983
74202 62622
74302 30700
74402 3956
74502 3764
74602 57546
74702 58536
74802 37682
74902 17520
75002 40215
75102 52362
75202 45103
75302 27466
75402 31201
75502 30915
75602 38041
75702 18078
75802 15364
75902 23865
76002 18907
76102 60694
76202 13706
76302 27849
76402 32607
76502 61335
76602 46460
76702 62069
76802 59218
76902 51145
77002 42896
77102 15587
77202 46984
77302 17401
77402 8817
77502 16640
77602 55840
77702 50031
77802 43666
77902 39945
78002 38926
78102 47659
78202 10310
78302 16976
78402 23753
78502 36325
78602 44347
78702 7843
78802 42318
78902 12167
79002 23389
79102 11661
79202 48970
79302 36442
79402 47997
79502 20294
79602 60718
79702 33695
79802 3261
79902 30689
80002 23534
80102 58853
80202 54929
80302 49568
80402 44016
80502 20339
80602 8521
80702 21749
80802 885
80902 34375
81002 4331
81102 54380
81202 56189
81302 39624
81402 14302
81502 10960
81602 20118
81702 49305
81802 32511
81902 30380
82002 60126
82102 14005
82202 55795
82302 16699
82402 42006
82502 29622
82602 48310
82702 13159
82802 15078
82902 56000
83002 11750
83102 23796
83202 1108
83302 56266
83402 7108
83502 2242
83602 56405
83702 37878
83802 41226
83902 44642
84002 46218
84102 8912
84202 27724
84302 16808
84402 52428
84502 52528
84602 15003
84702 43408
84802 44003
84902 19534
85002 40099
85102 61388
85202 34287
85302 555
85402 57418
85502 18795
85602 59771
85702 46498
85802 4236
85902 13138
86002 56534
86102 45424
86202 10385
86302 34871
86402 8020
86502 10733
86602 50308
86702 36419
86802 64843
86902 59676
87002 14103
87102 58745
87202 52485
87302 48674
87402 45369
87502 25423
87602 47499
87702 2159
87802 40710
87902 567
88002 10618
88102 29752
88202 62233
88302 64738
88402 19629
88502 35535
88602 36370
88702 18177
88802 19824
88902 22074
89002 64831
89102 24224
89202 50644
89302 11845
89402 3540
89502 60118
89602 59256
89702 26065
89802 48109
89902 54466
90002 3645
90102 63885
