102 13933
202 33499
302 59707
402 62547
502 59004
602 48121
702 48547
802 46146
902 61941
1002 6631
1102 57922
1202 38045
1302 37690
1402 49719
1502 6972
1602 56341
1702 47996
1802 17207
1902 30923
2002 53179
2102 43447
2202 55048
2302 44576
2402 24467
2502 11826
2602 39631
2702 36921
2802 19778
2902 61287
3002 37312
3102 14565
3202 37399
3302 27987
3402 22025
3502 52252
3602 16637
3702 48870
3802 19914
3902 52100
4002 18769
4102 1617
4202 12879
4302 3959
4402 64200
4502 45587
4602 59232
4702 50926
4802 49518
4902 28384
5002 36379
5102 60385
5202 53565
5302 30642
5402 22010
5502 7809
5602 1938
5702 8608
5802 4514
5902 5920
6002 39825
6102 57149
6202 10923
6302 20430
6402 23055
6502 22731
6602 50231
6702 3458
6802 38205
6902 36056
7002 13860
7102 11542
7202 40800
7302 6863
7402 2991
7502 48692
7602 44766
7702 24496
7802 28413
7902 9008
8002 41260
8102 48847
8202 58717
8302 44303
8402 55521
8502 47171
8602 18244
8702 13717
8802 4790
8902 64285
9002 63020
9102 8408
9202 43269
9302 46756
9402 23701
9502 40049
9602 29908
9702 13212
9802 19726
9902 23634
10002 20177
10102 31031
10202 47429
10302 30573
10402 24537
10502 31956
10602 30541
10702 5464
10802 32835
10902 55526
11002 64184
11102 49468
11202 44587
11302 64419
11402 51989
11502 18831
11602 46437
11702 64834
11802 3775
11902 6512
12002 18116
12102 27783
12202 42698
12302 49447
12402 52614
12502 24625
12602 23439
12702 16089
12802 30637
12902 31262
13002 6947
13102 48371
13202 28377
13302 5009
13402 56911
13502 62491
13602 31210
13702 55410
13802 57167
13902 29732
14002 2721
14102 36524
14202 60063
14302 1826
14402 12647
14502 28636
14602 52273
14702 58373
14802 24488
14902 37569
15002 47526
15102 47327
15202 19743
15302 48564
15402 33468
15502 37070
15602 8658
15702 63217
15802 37152
15902 6196
16002 23476
16102 34724
16202 33757
16302 28882
16402 33563
16502 9696
16602 50715
16702 21047
16802 2113
16902 49955
17002 18847
17102 18075
17202 33664
17302 29941
17402 55469
17502 5746
17602 63363
17702 26974
17802 31670
17902 49473
18002 34258
18102 9985
18202 56740
18302 43528
18402 39441
18502 61703
18602 46137
18702 20119
18802 41727
18902 35734
19002 17159
19102 20828
19202 54199
19302 43856
19402 7692
19502 20642
19602 125
19702 41793
19802 5926
19902 34144
20002 4697
20102 50928
20202 2828
20302 47175
20402 33845
20502 26253
20602 55032
20702 28514
20802 47507
20902 8776
21002 38863
21102 51494
21202 52067
21302 11282
21402 21373
21502 56542
21602 31047
21702 63793
21802 57683
21902 14275
22002 3038
22102 5456
22202 56888
22302 44772
22402 58388
22502 43266
22602 59491
22702 4905
22802 49631
22902 30064
23002 13588
23102 56024
23202 60080
23302 46708
23402 6010
23502 58832
23602 17728
23702 41660
23802 50151
23902 58245
24002 41049
24102 26283
24202 4217
24302 698
24402 38095
24502 32767
24602 35971
24702 9964
24802 62577
24902 46440
25002 57533
25102 24010
25202 39773
25302 40823
25402 43551
25502 57582
25602 55562
25702 45415
25802 7940
25902 61130
26002 10109
26102 30608
26202 23504
26302 55352
26402 17124
26502 43460
26602 39737
26702 38091
26802 54874
26902 26073
27002 34822
27102 2745
27202 64236
27302 3757
27402 33880
27502 14418
27602 278
27702 14313
27802 32077
27902 31926
28002 60551
28102 21069
28202 2386
28302 41004
28402 21463
28502 35088
28602 33098
28702 62702
28802 34979
28902 56700
29002 39951
29102 49864
29202 8232
29302 30460
29402 3620
29502 40423
29602 26394
29702 20731
29802 59177
29902 15647
30002 47170
30102 21407
30202 38308
30302 46705
30402 50987
30502 41702
30602 43229
30702 30574
30802 60987
30902 54979
31002 4550
31102 8349
31202 24701
31302 25638
31402 8589
31502 20711
31602 45335
31702 41387
31802 2388
31902 15885
32002 54732
32102 9479
32202 9114
32302 13351
32402 28052
32502 17552
32602 35266
32702 29024
32802 40707
32902 16697
33002 15793
33102 15738
33202 50916
33302 49690
33402 15275
33502 47355
33602 10892
33702 54370
33802 24044
33902 30950
34002 10423
34102 28269
34202 51885
34302 6373
34402 16385
34502 55254
34602 59573
34702 41129
34802 34
34902 52510
35002 4384
35102 25943
35202 12407
35302 36085
35402 57201
35502 64633
35602 4808
35702 20281
35802 36769
35902 37292
36002 23921
36102 49049
36202 12832
36302 20032
36402 11053
36502 15918
36602 19723
36702 34836
36802 18427
36902 4015
37002 40893
37102 34798
37202 53702
37302 35494
37402 12542
37502 50000
37602 35328
37702 14853
37802 5808
37902 36136
38002 2763
38102 41334
38202 16079
38302 54079
38402 31827
38502 28363
38602 48401
38702 64421
38802 44606
38902 13864
39002 11213
39102 24347
39202 45255
39302 51632
39402 34318
39502 26241
39602 58681
39702 20481
39802 55153
39902 26699
40002 28553
40102 1407
40202 6221
40302 12039
40402 20289
40502 56076
40602 20594
40702 43987
40802 8158
40902 1616
41002 47175
41102 34151
41202 5094
41302 817
41402 25870
41502 57430
41602 62275
41702 16585
41802 61745
41902 62774
42002 35998
42102 59516
42202 25475
42302 50197
42402 63880
42502 46254
42602 13597
42702 25197
42802 33331
42902 10424
43002 25559
43102 50986
43202 55119
43302 6934
43402 35931
43502 23284
43602 16860
43702 24004
43802 13351
43902 14783
44002 37584
44102 63227
44202 16737
44302 51803
44402 42728
44502 34921
44602 11910
44702 63919
44802 64336
44902 16592
45002 49069
45102 52262
45202 62397
45302 20914
45402 27113
45502 59334
45602 48805
45702 21233
45802 42149
45902 34734
46002 49932
46102 18194
46202 27373
46302 26522
46402 13755
46502 12222
46602 11378
46702 2689
46802 7790
46902 48236
47002 34602
47102 46373
47202 54346
47302 44566
47402 2000
47502 31835
47602 1531
47702 55702
47802 50264
47902 63922
48002 21369
48102 48033
48202 16897
48302 65117
48402 34832
48502 17530
48602 11639
48702 10890
48802 27199
48902 37397
49002 61847
49102 44212
49202 43804
49302 61653
49402 35380
49502 20553
49602 4259
49702 21115
49802 28936
49902 40280
50002 15972
50102 593
50202 30987
50302 50785
50402 43408
50502 25000
50602 35612
50702 34973
50802 41609
50902 43060
51002 7622
51102 41503
51202 16079
51302 60547
51402 9097
51502 22575
51602 38271
51702 55320
51802 49650
51902 40714
52002 24868
52102 41156
52202 12984
52302 56804
52402 55105
52502 42008
52602 39831
52702 12596
52802 40158
52902 28042
53002 8648
53102 24661
53202 48366
53302 60169
53402 33927
53502 18997
53602 53482
53702 49285
53802 34431
53902 11088
54002 11415
54102 63062
54202 39506
54302 61440
54402 19196
54502 41459
54602 9658
54702 43352
54802 12498
54902 55087
55002 65178
55102 10448
55202 58912
55302 5449
55402 23417
55502 18327
55602 55557
55702 52366
55802 861
55902 14214
56002 38842
56102 50941
56202 52302
56302 4830
56402 52844
56502 27836
56602 37255
56702 54181
56802 39398
56902 10489
57002 32688
57102 6119
57202 57249
57302 30946
57402 63060
57502 40640
57602 3460
57702 37654
57802 13611
57902 40079
58002 12200
58102 7041
58202 10481
58302 60828
58402 4262
58502 59183
58602 37872
58702 8120
58802 21105
58902 62640
59002 57074
59102 36819
59202 58643
59302 55704
59402 15571
59502 41104
59602 59640
59702 40588
59802 50331
59902 57482
60002 13997
60102 12674
60202 8589
60302 5904
60402 6957
60502 31076
60602 1662
60702 28395
60802 51518
60902 1178
61002 16738
61102 29179
61202 48430
61302 23391
61402 39197
61502 7400
61602 12698
61702 32073
61802 2476
61902 17943
62002 21149
62102 30434
62202 9389
62302 60912
62402 1653
62502 11585
62602 61583
62702 56979
62802 2973
62902 1318
63002 20825
63102 24337
63202 23937
63302 8906
63402 29737
63502 46076
63602 62660
63702 17611
63802 40582
63902 928
64002 51330
64102 31203
64202 4681
64302 46322
64402 57265
64502 24798
64602 29945
64702 41320
64802 53767
64902 18099
65002 6966
65102 27927
65202 43857
65302 20684
65402 5831
65502 62515
65602 27169
65702 15906
65802 39379
65902 17909
66002 24355
66102 14818
66202 65053
66302 19831
66402 3535
66502 23573
66602 26885
66702 39098
66802 226
66902 39450
67002 45596
67102 20901
67202 24401
67302 32279
67402 59104
67502 59153
67602 4299
67702 61546
67802 7153
67902 6859
68002 26561
68102 28189
68202 17569
68302 33308
68402 60585
68502 21725
68602 41931
68702 44895
68802 32516
68902 28506
69002 44452
69102 8047
69202 17086
69302 31500
69402 25819
69502 16529
69602 23342
69702 61432
69802 8172
69902 59847
70002 10550
70102 64273
70202 33859
70302 33217
70402 32217
70502 5682
70602 65037
70702 32275
70802 39347
70902 16664
71002 8767
71102 20892
71202 22011
71302 20221
71402 27449
71502 9095
71602 35733
71702 38494
71802 54965
71902 41850
72002 14613
72102 21054
72202 11380
72302 22041
72402 10971
72502 28866
72602 30629
72702 51361
72802 17838
72902 18256
73002 6725
73102 33993
73202 26979
73302 30233
73402 10461
73502 56319
73602 7934
73702 27383
73802 22871
73902 5559
74002 59787
74102 4548
74202 31899
74302 14494
74402 20398
74502 15824
74602 22803
74702 12872
74802 13209
74902 61570
75002 63127
75102 29288
75202 64175
75302 19618
75402 18563
75502 1001
75602 30036
75702 23761
75802 4379
75902 49561
76002 12470
76102 40285
76202 24379
76302 29940
76402 62474
76502 15346
76602 9806
76702 4163
76802 43328
76902 60919
77002 25895
77102 64250
77202 4881
77302 51820
77402 34469
77502 50105
77602 46235
77702 64589
77802 11831
77902 16681
78002 4793
78102 9763
78202 24003
78302 47223
78402 31379
78502 10614
78602 45178
78702 8005
78802 60269
78902 6402
79002 29811
79102 5408
79202 39430
79302 58107
79402 29651
79502 47623
79602 46893
79702 4962
79802 39571
79902 62662
80002 43114
80102 32052
80202 12009
80302 34251
80402 62469
80502 36410
80602 57056
80702 46886
80802 42491
80902 13173
81002 36870
81102 30439
81202 23472
81302 24025
81402 59577
81502 28320
81602 62320
81702 28654
81802 10022
81902 10031
82002 44197
82102 1001
82202 58273
82302 38437
82402 6488
82502 20882
82602 8198
82702 25965
82802 53279
82902 35834
83002 31337
83102 55729
83202 34129
83302 57510
83402 6136
83502 60431
83602 43198
83702 29094
83802 52866
83902 3310
84002 5060
84102 9025
84202 8945
84302 63401
84402 3898
84502 2129
84602 42588
84702 49747
84802 53340
84902 43593
85002 39758
85102 60227
85202 36172
85302 5520
85402 48300
85502 60701
85602 21474
85702 1889
85802 33771
85902 49104
86002 31267
86102 10287
86202 55746
86302 23432
86402 27925
86502 40554
86602 11767
86702 60561
86802 14978
86902 53030
87002 21077
87102 48791
87202 20031
87302 61029
87402 54789
87502 7544
87602 50168
87702 41773
87802 11948
87902 33564
88002 6496
88102 27581
88202 5272
88302 61370
88402 28029
88502 43045
88602 17453
88702 50712
88802 5737
88902 37654
89002 61471
89102 52274
89202 41854
89302 60860
89402 4790
89502 5967
89602 28430
89702 8245
89802 13325
89902 1076
90002 65329
90102 50475
