102 2532
202 21714
302 48580
402 8779
502 61693
602 46912
702 47280
802 27245
902 31044
1002 52869
1102 16916
1202 9916
1302 42996
1402 59749
1502 8608
1602 53767
1702 31964
1802 54341
1902 10287
2002 34150
2102 41423
2202 22504
2302 41705
2402 11056
2502 58502
2602 36404
2702 41787
2802 41400
2902 29469
3002 19361
3102 46748
3202 42693
3302 21520
3402 41699
3502 6062
3602 49692
3702 49737
3802 54150
3902 33624
4002 55441
4102 36708
4202 22481
4302 48304
4402 55830
4502 27855
4602 48536
4702 2367
4802 43603
4902 54517
5002 44952
5102 44596
5202 47757
5302 61867
5402 12958
5502 2196
5602 34871
5702 52831
5802 8983
5902 31293
6002 7737
6102 26644
6202 30983
6302 9603
6402 16598
6502 31181
6602 1567
6702 38836
6802 27261
6902 55610
7002 3313
7102 36064
7202 42678
7302 61159
7402 26076
7502 9990
7602 26871
7702 60271
7802 16365
7902 17692
8002 817
8102 64874
8202 26931
8302 41605
8402 39710
8502 7478
8602 32574
8702 61304
8802 58338
8902 33162
9002 37115
9102 6364
9202 14646
9302 51294
9402 39358
9502 31884
9602 47191
9702 5164
9802 45527
9902 23838
10002 39219
10102 33645
10202 30276
10302 29428
10402 24766
10502 58283
10602 51906
10702 52364
10802 51503
10902 23339
11002 4878
11102 25961
11202 24221
11302 61793
11402 7504
11502 20422
11602 56700
11702 6314
11802 27773
11902 14390
12002 54307
12102 30618
12202 10750
12302 54860
12402 61330
12502 39420
12602 3941
12702 33322
12802 44529
12902 30256
13002 22570
13102 58097
13202 54521
13302 15571
13402 41772
13502 53813
13602 15431
13702 16665
13802 54531
13902 14795
14002 5753
14102 20994
14202 36073
14302 19567
14402 29735
14502 56389
14602 32819
14702 49012
14802 9623
14902 21465
15002 39507
15102 14776
15202 15461
15302 3156
15402 39583
15502 20079
15602 7484
15702 40193
15802 17024
15902 23929
16002 62073
16102 47797
16202 22637
16302 45293
16402 9370
16502 23658
16602 16806
16702 53443
16802 61372
16902 28884
17002 63729
17102 39601
17202 10162
17302 3427
17402 7932
17502 1942
17602 25607
17702 34876
17802 33853
17902 34760
18002 48556
18102 25887
18202 3909
18302 32966
18402 46140
18502 8433
18602 8898
18702 32916
18802 37125
18902 26257
19002 32752
19102 4240
19202 43598
19302 64699
19402 59766
19502 36103
19602 47701
19702 37477
19802 53089
19902 62138
20002 18783
20102 26549
20202 25637
20302 40765
20402 8702
20502 61698
20602 27982
20702 52775
20802 60315
20902 28712
21002 49987
21102 46400
21202 33686
21302 27262
21402 59731
21502 49372
21602 21260
21702 63798
21802 64575
21902 44054
22002 47892
22102 8326
22202 5247
22302 5420
22402 54134
22502 15723
22602 47775
22702 56398
22802 24749
22902 757
23002 10017
23102 59786
23202 30703
23302 3218
23402 36895
23502 13540
23602 2106
23702 14350
23802 41955
23902 14388
24002 38257
24102 61028
24202 5645
24302 65381
24402 17254
24502 36044
24602 30526
24702 23175
24802 63998
24902 48951
25002 4591
25102 61549
25202 55444
25302 46574
25402 19666
25502 7491
25602 13889
25702 46930
25802 5330
25902 30376
26002 23694
26102 21920
26202 28468
26302 11245
26402 52355
26502 64211
26602 17327
26702 51892
26802 12712
26902 17717
27002 24663
27102 22920
27202 56727
27302 4090
27402 59285
27502 12488
27602 52851
27702 28813
27802 37528
27902 61483
28002 65523
28102 61089
28202 28070
28302 36057
28402 40817
28502 9884
28602 51578
28702 40160
28802 52368
28902 30985
29002 42915
29102 30549
29202 54713
29302 7683
29402 45872
29502 27729
29602 53157
29702 46969
29802 51897
29902 32222
30002 49639
30102 54274
30202 60554
30302 46686
30402 42452
30502 46747
30602 49251
30702 24304
30802 39443
30902 39444
31002 24295
31102 57122
31202 50975
31302 19908
31402 36618
31502 64863
31602 23046
31702 41762
31802 35668
31902 8658
32002 29982
32102 24217
32202 48227
32302 10490
32402 52774
32502 4045
32602 65366
32702 1074
32802 31871
32902 61925
33002 41700
33102 10180
33202 13519
33302 34423
33402 64436
33502 17236
33602 24932
33702 27548
33802 55424
33902 35942
34002 9703
34102 45108
34202 48467
34302 36227
34402 51862
34502 20591
34602 42179
34702 27591
34802 6603
34902 25336
35002 19351
35102 21227
35202 27287
35302 35486
35402 17094
35502 2870
35602 60922
35702 12084
35802 31700
35902 47789
36002 2233
36102 62211
36202 2562
36302 6658
36402 20531
36502 919
36602 42139
36702 10238
36802 6356
36902 38989
37002 16198
37102 29463
37202 29922
37302 64512
37402 41944
37502 34180
37602 38865
37702 52154
37802 13897
37902 36799
38002 59536
38102 36098
38202 54054
38302 39898
38402 50260
38502 20454
38602 14886
38702 2909
38802 33506
38902 47662
39002 13495
39102 35942
39202 51401
39302 13847
39402 60419
39502 29068
39602 1781
39702 62749
39802 26888
39902 366
40002 48274
40102 45084
40202 48320
40302 6150
40402 33195
40502 56313
40602 53398
40702 27606
40802 8848
40902 31301
41002 13342
41102 24369
41202 13783
41302 51283
41402 57427
41502 23412
41602 56593
41702 26254
41802 13035
41902 1446
42002 44359
42102 17255
42202 20228
42302 34174
42402 22077
42502 4220
42602 25496
42702 55621
42802 3713
42902 33236
43002 21718
43102 48846
43202 15901
43302 64127
43402 41975
43502 24532
43602 42202
43702 53104
43802 32989
43902 43512
44002 41299
44102 16218
44202 39404
44302 38320
44402 55827
44502 631
44602 23240
44702 35299
44802 17913
44902 25124
45002 43854
45102 27964
45202 47801
45302 57236
45402 62023
45502 50612
45602 7174
45702 15661
45802 3749
45902 58644
46002 25932
46102 9972
46202 23676
46302 8331
46402 56853
46502 25968
46602 22399
46702 7018
46802 2031
46902 33389
47002 35798
47102 61442
47202 22384
47302 28446
47402 26536
47502 60635
47602 42170
47702 7461
47802 6465
47902 4623
48002 32326
48102 24505
48202 41012
48302 49244
48402 32058
48502 32074
48602 3413
48702 8773
48802 29058
48902 48441
49002 46880
49102 60582
49202 20367
49302 14848
49402 56250
49502 3067
49602 49433
49702 16071
49802 12426
49902 65353
50002 59539
50102 8090
50202 37522
50302 4587
50402 46544
50502 32459
50602 61072
50702 44374
50802 55130
50902 22686
51002 29750
51102 8886
51202 53434
51302 51406
51402 56421
51502 18416
51602 6527
51702 497
51802 4113
51902 14922
52002 60063
52102 64039
52202 15538
52302 27323
52402 26107
52502 20701
52602 30930
52702 64251
52802 59338
52902 31554
53002 34377
53102 42714
53202 4174
53302 32877
53402 19453
53502 31857
53602 3609
53702 46002
53802 54610
53902 48871
54002 62406
54102 59027
54202 32917
54302 9954
54402 39229
54502 19008
54602 13276
54702 36582
54802 30430
54902 55504
55002 14319
55102 1480
55202 24472
55302 31951
55402 56303
55502 34449
55602 43738
55702 47758
55802 46196
55902 54406
56002 47062
56102 17889
56202 63608
56302 5322
56402 40662
56502 25321
56602 13721
56702 52628
56802 23057
56902 60612
57002 1290
57102 37495
57202 40187
57302 44256
57402 34051
57502 4275
57602 9776
57702 2852
57802 7629
57902 47574
58002 46584
58102 21598
58202 45
58302 20504
58402 40555
58502 54086
58602 64587
58702 36856
58802 59204
58902 2046
59002 17749
59102 48453
59202 7408
59302 38494
59402 59229
59502 3140
59602 20102
59702 14920
59802 63586
59902 52086
60002 44108
60102 28553
60202 26383
60302 25821
60402 47866
60502 38523
60602 17449
60702 46335
60802 3077
60902 41413
61002 34593
61102 59849
61202 11191
61302 34706
61402 47534
61502 39061
61602 53677
61702 21408
61802 25158
61902 58828
62002 2819
62102 43738
62202 64192
62302 60669
62402 39909
62502 1952
62602 24867
62702 12349
62802 16423
62902 57584
63002 21346
63102 64969
63202 19728
63302 29520
63402 61804
63502 16927
63602 37463
63702 37364
63802 6978
63902 44668
64002 54302
64102 40986
64202 24865
64302 47074
64402 48785
64502 20672
64602 32611
64702 35020
64802 64537
64902 24925
65002 52225
65102 62977
65202 56731
65302 29211
65402 24233
65502 57410
65602 9348
65702 21862
65802 57105
65902 48234
66002 25033
66102 63033
66202 62129
66302 46115
66402 2481
66502 4274
66602 45829
66702 54763
66802 7184
66902 5288
67002 31131
67102 50358
67202 12088
67302 54777
67402 58317
67502 62110
67602 44362
67702 10379
67802 25736
67902 31057
68002 18359
68102 43591
68202 30267
68302 40859
68402 29924
68502 49142
68602 16268
68702 62851
68802 21960
68902 47
69002 26448
69102 49810
69202 63811
69302 32280
69402 37202
69502 6249
69602 10991
69702 63778
69802 7643
69902 44156
70002 53828
70102 15566
70202 24475
70302 49577
70402 15685
70502 12312
70602 5806
70702 43215
70802 54275
70902 27476
71002 63082
71102 27709
71202 12326
71302 43961
71402 1753
71502 14871
71602 24097
71702 15475
71802 57250
71902 35567
72002 34049
72102 1345
72202 16132
72302 8720
72402 42675
72502 1804
72602 14951
72702 41958
72802 65075
72902 57496
73002 4198
73102 1148
73202 61788
73302 8315
73402 49221
73502 57256
73602 37744
73702 54494
73802 1452
73902 14512
74002 34343
74102 10005
74202 49154
74302 22656
74402 11753
74502 56321
74602 13289
74702 50186
74802 172
74902 48840
75002 8201
75102 58361
75202 4704
75302 46910
75402 15066
75502 53186
75602 52915
75702 39436
75802 14600
75902 7351
76002 61051
76102 9158
76202 9476
76302 19267
76402 10790
76502 47333
76602 19181
76702 13505
76802 2061
76902 63364
77002 60583
77102 3921
77202 10740
77302 16873
77402 40090
77502 27821
77602 20713
77702 32679
77802 15229
77902 47544
78002 25591
78102 12361
78202 16224
78302 62434
78402 43973
78502 29688
78602 60561
78702 18967
78802 2835
78902 23003
79002 3102
79102 9111
79202 11873
79302 56309
79402 32695
79502 3093
79602 42793
79702 34701
79802 42902
79902 28287
80002 1495
80102 31595
80202 12335
80302 16445
80402 22824
80502 14948
80602 49748
80702 36687
80802 53944
80902 34796
81002 57834
81102 12515
81202 17890
81302 7157
81402 28909
81502 27827
81602 44973
81702 52680
81802 9462
81902 58659
82002 15483
82102 42026
82202 38568
82302 61943
82402 27437
82502 13753
82602 47444
82702 23017
82802 50185
82902 63262
83002 39120
83102 202
83202 48009
83302 41347
83402 8223
83502 24527
83602 3321
83702 42073
83802 57010
83902 54266
84002 5336
84102 18963
84202 30722
84302 29775
84402 48640
84502 40395
84602 20853
84702 17754
84802 21048
84902 44203
85002 30730
85102 6400
85202 16875
85302 53520
85402 42808
85502 20689
85602 4295
85702 29334
85802 63598
85902 43636
86002 18140
86102 60844
86202 50614
86302 38280
86402 45598
86502 14471
86602 31703
86702 38874
86802 31528
86902 11454
87002 49518
87102 46515
87202 56160
87302 14920
87402 34176
87502 13553
87602 56032
87702 56248
87802 37832
87902 1343
88002 48293
88102 41126
88202 2224
88302 50580
88402 44612
88502 13051
88602 11060
88702 41386
88802 34958
88902 386
89002 64987
89102 7845
89202 40968
89302 11896
89402 15911
89502 20153
89602 10682
89702 46671
89802 16944
89902 4951
90002 41232
90102 28862
