102 37470
202 40161
302 29881
402 15584
502 62539
602 21604
702 19396
802 56366
902 58891
1002 48072
1102 1845
1202 26197
1302 7801
1402 29132
1502 36151
1602 33212
1702 33214
1802 62037
1902 59850
2002 56632
2102 29137
2202 37603
2302 3515
2402 17509
2502 37510
2602 8051
2702 39551
2802 8823
2902 37935
3002 41578
3102 4823
3202 21240
3302 4557
3402 56866
3502 56893
3602 46727
3702 15250
3802 41957
3902 63464
4002 21128
4102 35235
4202 30975
4302 5155
4402 39117
4502 20097
4602 16026
4702 4405
4802 14242
4902 52329
5002 58377
5102 20747
5202 55002
5302 22904
5402 16708
5502 56039
5602 42737
5702 58934
5802 47566
5902 49453
6002 8136
6102 6189
6202 147
6302 29392
6402 11101
6502 43074
6602 32959
6702 22156
6802 33923
6902 49831
7002 50891
7102 28667
7202 20080
7302 17444
7402 54700
7502 33479
7602 54253
7702 60734
7802 54479
7902 64914
8002 15868
8102 33369
8202 64761
8302 64481
8402 11289
8502 7242
8602 30012
8702 14497
8802 9974
8902 3137
9002 27897
9102 63434
9202 13384
9302 57872
9402 57831
9502 41653
9602 56878
9702 2801
9802 22014
9902 58749
10002 11703
10102 10848
10202 38493
10302 25126
10402 24675
10502 7344
10602 2471
10702 57112
10802 4662
10902 27773
11002 44250
11102 61796
11202 62813
11302 9143
11402 21823
11502 31838
11602 17047
11702 31555
11802 53645
11902 49335
12002 26382
12102 45245
12202 51632
12302 2533
12402 18769
12502 5969
12602 8885
12702 64794
12802 52494
12902 62448
13002 33396
13102 60570
13202 42742
13302 46119
13402 51203
13502 38802
13602 27
13702 29984
13802 45253
13902 49263
14002 44364
14102 43154
14202 19970
14302 64004
14402 11443
14502 16828
14602 11596
14702 64400
14802 13006
14902 51996
15002 51692
15102 15739
15202 12035
15302 29186
15402 61501
15502 55279
15602 20424
15702 39156
15802 61308
15902 19234
16002 44644
16102 53073
16202 18408
16302 47915
16402 54315
16502 65528
16602 21754
16702 30397
16802 29678
16902 59012
17002 24228
17102 21449
17202 11399
17302 52388
17402 40711
17502 27493
17602 58360
17702 36292
17802 47942
17902 25553
18002 2515
18102 34634
18202 54228
18302 13031
18402 40570
18502 51440
18602 2200
18702 7830
18802 39259
18902 33030
19002 58445
19102 50294
19202 33805
19302 17351
19402 38003
19502 61688
19602 35126
19702 896
19802 35809
19902 51585
20002 58674
20102 21059
20202 27000
20302 1605
20402 47417
20502 49093
20602 29453
20702 35688
20802 27088
20902 53115
21002 28204
21102 2845
21202 4536
21302 27286
21402 55573
21502 58875
21602 30880
21702 31232
21802 20776
21902 54196
22002 43511
22102 18007
22202 5453
22302 12336
22402 37597
22502 54743
22602 42615
22702 6504
22802 24675
22902 3170
23002 8935
23102 5970
23202 22810
23302 57964
23402 67
23502 28519
23602 9234
23702 43168
23802 62688
23902 22638
24002 6450
24102 1675
24202 31409
24302 17572
24402 61138
24502 25966
24602 29081
24702 18671
24802 25584
24902 35931
25002 46595
25102 23006
25202 63333
25302 2628
25402 64815
25502 63711
25602 48149
25702 51505
25802 57368
25902 49490
26002 50028
26102 15671
26202 11597
26302 12857
26402 41243
26502 43749
26602 31532
26702 28156
26802 35338
26902 42794
27002 6065
27102 52309
27202 7119
27302 7712
27402 42036
27502 41923
27602 7883
27702 28626
27802 15257
27902 32295
28002 10571
28102 60982
28202 17763
28302 1798
28402 49433
28502 23680
28602 1721
28702 47058
28802 47764
28902 4555
29002 18907
29102 34320
29202 3888
29302 28598
29402 25875
29502 2476
29602 53993
29702 4890
29802 30121
29902 42166
30002 44743
30102 35995
30202 63248
30302 4453
30402 591
30502 12770
30602 26894
30702 4030
30802 51342
30902 10216
31002 58176
31102 17443
31202 61319
31302 61445
31402 49913
31502 58923
31602 16619
31702 18956
31802 20401
31902 1351
32002 7548
32102 52967
32202 28076
32302 19559
32402 31588
32502 7485
32602 56374
32702 25977
32802 4556
32902 24082
33002 16322
33102 59890
33202 12950
33302 39752
33402 22032
33502 24161
33602 37418
33702 60478
33802 32086
33902 18051
34002 18843
34102 2280
34202 33232
34302 60765
34402 45168
34502 18279
34602 25021
34702 5001
34802 28007
34902 7571
35002 5087
35102 19947
35202 39374
35302 53029
35402 50845
35502 61346
35602 17460
35702 32076
35802 61175
35902 25
36002 29108
36102 57627
36202 29438
36302 41281
36402 12659
36502 34615
36602 12134
36702 30288
36802 369
36902 18101
37002 40198
37102 18518
37202 35353
37302 63514
37402 63682
37502 28104
37602 46588
37702 43127
37802 52643
37902 17492
38002 23208
38102 28582
38202 65415
38302 28868
38402 44882
38502 9669
38602 9402
38702 41719
38802 46522
38902 40063
39002 12706
39102 10215
39202 59941
39302 62916
39402 41349
39502 23746
39602 24773
39702 16055
39802 59928
39902 57429
40002 6178
40102 25115
40202 39656
40302 54859
40402 64803
40502 41372
40602 15763
40702 63205
40802 17412
40902 32821
41002 21444
41102 15726
41202 65370
41302 53001
41402 59929
41502 23592
41602 49394
41702 5300
41802 64915
41902 63908
42002 50876
42102 29840
42202 52790
42302 32119
42402 50044
42502 48113
42602 49591
42702 26642
42802 50166
42902 19911
43002 20412
43102 15296
43202 5353
43302 15846
43402 26025
43502 5
43602 39151
43702 39830
43802 4001
43902 56636
44002 7128
44102 42728
44202 29311
44302 38247
44402 11837
44502 5500
44602 35449
44702 42407
44802 4771
44902 43295
45002 60789
45102 25551
45202 52738
45302 11101
45402 55227
45502 63573
45602 50482
45702 62142
45802 1120
45902 33064
46002 50566
46102 44111
46202 44219
46302 16337
46402 43041
46502 42805
46602 31558
46702 7526
46802 23280
46902 26151
47002 51675
47102 7496
47202 45562
47302 59993
47402 14614
47502 58538
47602 33155
47702 5217
47802 2533
47902 63609
48002 55858
48102 13172
48202 21731
48302 22275
48402 13618
48502 13701
48602 52416
48702 20538
48802 45243
48902 26557
49002 55502
49102 26605
49202 672
49302 38563
49402 31327
49502 50798
49602 39014
49702 40342
49802 32606
49902 44102
50002 7565
50102 3691
50202 57577
50302 42335
50402 12391
50502 31308
50602 65334
50702 27934
50802 10539
50902 57786
51002 15764
51102 11556
51202 57353
51302 52756
51402 13262
51502 11834
51602 63341
51702 49996
51802 53901
51902 32220
52002 42173
52102 24142
52202 54886
52302 63721
52402 34758
52502 61246
52602 54950
52702 51472
52802 29505
52902 57326
53002 46965
53102 26184
53202 504
53302 10027
53402 28343
53502 31325
53602 6725
53702 34920
53802 22880
53902 15387
54002 21973
54102 59054
54202 38991
54302 64047
54402 14551
54502 7362
54602 27835
54702 46927
54802 42424
54902 31597
55002 19401
55102 49765
55202 25509
55302 37480
55402 22327
55502 1219
55602 47016
55702 5026
55802 64919
55902 47690
56002 19075
56102 28553
56202 46520
56302 37305
56402 36678
56502 32593
56602 50442
56702 53634
56802 8632
56902 27817
57002 4541
57102 27850
57202 51938
57302 56760
57402 53473
57502 36495
57602 24728
57702 64939
57802 7855
57902 13905
58002 49450
58102 52261
58202 8526
58302 35929
58402 23018
58502 43881
58602 59633
58702 51828
58802 62912
58902 46518
59002 30292
59102 10042
59202 41330
59302 9789
59402 589
59502 8542
59602 46101
59702 55089
59802 24162
59902 58809
60002 57820
60102 24632
60202 14101
60302 60200
60402 41179
60502 12953
60602 34403
60702 64888
60802 54178
60902 64063
61002 2552
61102 39829
61202 32396
61302 36451
61402 11361
61502 60693
61602 54139
61702 33776
61802 36127
61902 54456
62002 22723
62102 7134
62202 1827
62302 64528
62402 48082
62502 54623
62602 20238
62702 29410
62802 15104
62902 64239
63002 46932
63102 5189
63202 47781
63302 46778
63402 35330
63502 12873
63602 13256
63702 32231
63802 52561
63902 33459
64002 21510
64102 45731
64202 43010
64302 37447
64402 52778
64502 62167
64602 61041
64702 25400
64802 41372
64902 65015
65002 37470
65102 28016
65202 43978
65302 32170
65402 64899
65502 10085
65602 64702
65702 2463
65802 59091
65902 57390
66002 23950
66102 7641
66202 25853
66302 6447
66402 19578
66502 15289
66602 27357
66702 3579
66802 36819
66902 45525
67002 46286
67102 55072
67202 46046
67302 63553
67402 20253
67502 23845
67602 6515
67702 43443
67802 44453
67902 56429
68002 28589
68102 2317
68202 37022
68302 26424
68402 52713
68502 25844
68602 11968
68702 50682
68802 60217
68902 32850
69002 51548
69102 38533
69202 33025
69302 42061
69402 45003
69502 5163
69602 33137
69702 33504
69802 28614
69902 39818
70002 27834
70102 57974
70202 27826
70302 1316
70402 28759
70502 41274
70602 53350
70702 33470
70802 50879
70902 41630
71002 29729
71102 50392
71202 12693
71302 4887
71402 49589
71502 51375
71602 40973
71702 46174
71802 19898
71902 33004
72002 58930
72102 32634
72202 5629
72302 34298
72402 16762
72502 61449
72602 23955
72702 20202
72802 50202
72902 19240
73002 55077
73102 1192
73202 23435
73302 42544
73402 16953
73502 21084
73602 20978
73702 9662
73802 14893
73902 19475
74002 29376
74102 16242
74202 34815
74302 12208
74402 17571
74502 9446
74602 50087
74702 46182
74802 3305
74902 16717
75002 4393
75102 6537
75202 56341
75302 52022
75402 35993
75502 17195
75602 28077
75702 26532
75802 29688
75902 7296
76002 10359
76102 53357
76202 52105
76302 25462
76402 33525
76502 37833
76602 23071
76702 39061
76802 46432
76902 34017
77002 328
77102 59047
77202 38678
77302 25945
77402 58655
77502 10162
77602 60175
77702 22533
77802 37083
77902 27789
78002 17468
78102 27303
78202 52899
78302 62724
78402 42462
78502 27519
78602 4643
78702 20265
78802 34222
78902 4248
79002 35217
79102 4396
79202 26671
79302 30220
79402 26980
79502 49010
79602 47901
79702 1417
79802 30808
79902 64376
80002 52584
80102 63926
80202 56014
80302 50465
80402 15169
80502 123
80602 33440
80702 45449
80802 47891
80902 34942
81002 684
81102 29896
81202 26395
81302 18141
81402 8519
81502 54270
81602 52416
81702 36569
81802 29819
81902 62172
82002 51689
82102 35189
82202 2238
82302 15551
82402 1297
82502 45559
82602 18889
82702 37281
82802 5320
82902 30064
83002 63330
83102 5850
83202 29742
83302 36305
83402 37707
83502 10347
83602 3232
83702 27772
83802 47410
83902 50269
84002 14649
84102 13316
84202 48827
84302 40204
84402 64162
84502 9880
84602 48812
84702 739
84802 15181
84902 3434
85002 32175
85102 13930
85202 474
85302 18102
85402 5080
85502 17720
85602 64233
85702 51418
85802 27527
85902 37333
86002 48728
86102 8236
86202 45183
86302 61941
86402 61176
86502 61181
86602 30224
86702 39349
86802 881
86902 43313
87002 51231
87102 48600
87202 60345
87302 55232
87402 40984
87502 63386
87602 42565
87702 27466
87802 56919
87902 60450
88002 63476
88102 17250
88202 22712
88302 41868
88402 2970
88502 61276
88602 41258
88702 19699
88802 4193
88902 58831
89002 12862
89102 52562
89202 32460
89302 61336
89402 45189
89502 53247
89602 44412
89702 2950
89802 34917
89902 32653
90002 16167
90102 33772
