102 49438
202 39378
302 14171
402 56951
502 35888
602 24821
702 58780
802 19888
902 19687
1002 45233
1102 4698
1202 13145
1302 31697
1402 41155
1502 1465
1602 49420
1702 28352
1802 10972
1902 57607
2002 60215
2102 27285
2202 6033
2302 48256
2402 4074
2502 41066
2602 63467
2702 20530
2802 54043
2902 18944
3002 27496
3102 42970
3202 29489
3302 35663
3402 16231
3502 56847
3602 50097
3702 23098
3802 58259
3902 12822
4002 22261
4102 33273
4202 4965
4302 27029
4402 26169
4502 54651
4602 44379
4702 38936
4802 44629
4902 24571
5002 50319
5102 37278
5202 32453
5302 36316
5402 58049
5502 31018
5602 10668
5702 39356
5802 15970
5902 39695
6002 32226
6102 57380
6202 59956
6302 49139
6402 25255
6502 20067
6602 53524
6702 58176
6802 5289
6902 14891
7002 53169
7102 21829
7202 13418
7302 24738
7402 37168
7502 30389
7602 33624
7702 34910
7802 11305
7902 25702
8002 32975
8102 53696
8202 8741
8302 31623
8402 47977
8502 47620
8602 28830
8702 8703
8802 44209
8902 62774
9002 3472
9102 35143
9202 22245
9302 53941
9402 38563
9502 50237
9602 36107
9702 47220
9802 32899
9902 39495
10002 50202
10102 17602
10202 26318
10302 51848
10402 10839
10502 30670
10602 42004
10702 10200
10802 10461
10902 1687
11002 3534
11102 39152
11202 10396
11302 22047
11402 43178
11502 12895
11602 34424
11702 38208
11802 45308
11902 14
12002 26719
12102 52074
12202 49621
12302 33451
12402 26454
12502 6434
12602 5782
12702 58046
12802 25726
12902 7296
13002 57532
13102 18763
13202 33613
13302 27745
13402 27165
13502 25178
13602 7240
13702 14242
13802 53871
13902 34219
14002 36627
14102 2729
14202 8173
14302 57264
14402 21007
14502 12771
14602 4832
14702 20958
14802 17755
14902 31818
15002 34540
15102 48708
15202 14185
15302 63755
15402 45768
15502 26618
15602 30750
15702 63168
15802 45195
15902 63067
16002 56911
16102 49038
16202 51369
16302 61357
16402 61865
16502 58656
16602 51256
16702 36706
16802 18106
16902 56467
17002 61210
17102 17318
17202 33170
17302 28179
17402 48642
17502 10429
17602 11823
17702 64347
17802 32452
17902 28862
18002 60103
18102 8629
18202 53250
18302 33266
18402 5775
18502 35697
18602 63024
18702 37664
18802 28329
18902 37911
19002 63968
19102 14630
19202 14778
19302 5028
19402 65138
19502 46633
19602 59516
19702 41987
19802 1251
19902 39964
20002 512
20102 20298
20202 1346
20302 10142
20402 20289
20502 64598
20602 29438
20702 3007
20802 47054
20902 25642
21002 20986
21102 28998
21202 51524
21302 16854
21402 40837
21502 50289
21602 11449
21702 4578
21802 56145
21902 21383
22002 43210
22102 43458
22202 41465
22302 38269
22402 62597
22502 55830
22602 30364
22702 1192
22802 11857
22902 2192
23002 15135
23102 51208
23202 8334
23302 19646
23402 35117
23502 46862
23602 47131
23702 43157
23802 35209
23902 9040
24002 26000
24102 51140
24202 15687
24302 51851
24402 2474
24502 10868
24602 47196
24702 3971
24802 15654
24902 17008
25002 52254
25102 5147
25202 47795
25302 40427
25402 52307
25502 13783
25602 42916
25702 54907
25802 37081
25902 2672
26002 37958
26102 10037
26202 49961
26302 2292
26402 30581
26502 22011
26602 32523
26702 62016
26802 11566
26902 60730
27002 3344
27102 52290
27202 19348
27302 202
27402 13265
27502 19355
27602 6823
27702 15360
27802 54186
27902 27809
28002 16922
28102 10172
28202 20491
28302 38488
28402 65326
28502 55688
28602 45275
28702 39301
28802 61402
28902 43519
29002 15163
29102 53859
29202 10761
29302 5931
29402 7685
29502 12692
29602 23038
29702 27654
29802 36300
29902 33960
30002 55235
30102 50160
30202 57359
30302 57519
30402 15866
30502 63334
30602 25977
30702 26686
30802 55739
30902 12408
31002 65009
31102 39594
31202 19068
31302 56841
31402 53414
31502 12261
31602 18928
31702 37279
31802 44479
31902 50878
32002 45767
32102 60909
32202 52202
32302 40915
32402 29681
32502 7126
32602 58617
32702 23239
32802 37171
32902 32723
33002 4080
33102 4113
33202 59589
33302 51420
33402 35131
33502 691
33602 62027
33702 30667
33802 28617
33902 56667
34002 34355
34102 9886
34202 41224
34302 27998
34402 42415
34502 8560
34602 34806
34702 24951
34802 7878
34902 52929
35002 45297
35102 4959
35202 884
35302 20992
35402 60679
35502 40579
35602 32131
35702 54351
35802 20444
35902 53032
36002 36408
36102 55097
36202 22438
36302 24574
36402 39530
36502 16040
36602 22091
36702 50990
36802 26842
36902 6584
37002 13756
37102 40921
37202 50365
37302 3322
37402 27508
37502 1296
37602 15546
37702 61794
37802 57798
37902 61019
38002 32237
38102 59936
38202 38515
38302 63890
38402 40338
38502 41439
38602 12854
38702 34080
38802 54274
38902 21348
39002 50587
39102 35638
39202 18131
39302 29073
39402 10287
39502 13636
39602 30813
39702 25024
39802 53638
39902 44234
40002 41412
40102 17635
40202 18436
40302 6196
40402 50368
40502 55610
40602 54501
40702 24566
40802 18721
40902 53055
41002 61026
41102 14359
41202 12850
41302 20169
41402 44659
41502 52050
41602 55156
41702 56332
41802 20878
41902 31141
42002 6059
42102 4970
42202 26545
42302 41802
42402 2921
42502 63483
42602 14689
42702 47420
42802 53453
42902 46509
43002 27272
43102 28221
43202 56732
43302 27322
43402 26594
43502 2722
43602 39832
43702 14210
43802 39753
43902 635
44002 13300
44102 30146
44202 56829
44302 55279
44402 56607
44502 54872
44602 49008
44702 28575
44802 53022
44902 53755
45002 14780
45102 16685
45202 51123
45302 33297
45402 32046
45502 30673
45602 16257
45702 8777
45802 22622
45902 64738
46002 50219
46102 16985
46202 43845
46302 61857
46402 59578
46502 43030
46602 6314
46702 30193
46802 6172
46902 37148
47002 44701
47102 20474
47202 40472
47302 16042
47402 18433
47502 54247
47602 16903
47702 27121
47802 31152
47902 21848
48002 58946
48102 50021
48202 22011
48302 13089
48402 58309
48502 31567
48602 48361
48702 27653
48802 28537
48902 62426
49002 27079
49102 18268
49202 41579
49302 301
49402 37761
49502 56543
49602 45232
49702 14712
49802 37401
49902 15163
50002 60618
50102 37479
50202 43457
50302 15453
50402 22864
50502 35315
50602 28280
50702 49080
50802 51041
50902 46321
51002 17995
51102 1728
51202 26078
51302 38171
51402 6623
51502 38909
51602 60745
51702 22196
51802 52814
51902 61209
52002 24521
52102 39168
52202 19206
52302 28801
52402 31522
52502 18650
52602 12357
52702 34053
52802 50312
52902 21355
53002 61224
53102 5015
53202 18435
53302 65428
53402 12025
53502 20887
53602 44009
53702 10515
53802 30550
53902 8729
54002 1018
54102 1068
54202 63886
54302 54386
54402 45289
54502 26692
54602 34333
54702 8956
54802 16892
54902 59723
55002 34835
55102 25117
55202 16781
55302 8010
55402 4565
55502 60623
55602 27675
55702 39846
55802 42378
55902 3479
56002 49052
56102 9036
56202 32926
56302 36022
56402 51410
56502 20378
56602 26625
56702 50186
56802 30144
56902 29681
57002 36481
57102 35882
57202 21811
57302 1350
57402 60407
57502 36673
57602 33214
57702 31802
57802 21414
57902 26280
58002 266
58102 54652
58202 48227
58302 1436
58402 10806
58502 46062
58602 46607
58702 57223
58802 44167
58902 23220
59002 2498
59102 5081
59202 28769
59302 41649
59402 62134
59502 58666
59602 11613
59702 65519
59802 26670
59902 24542
60002 45189
60102 26759
60202 16071
60302 22724
60402 30582
60502 63553
60602 36107
60702 3481
60802 5727
60902 62608
61002 4462
61102 5071
61202 23032
61302 48898
61402 15619
61502 14060
61602 32586
61702 23793
61802 58212
61902 58151
62002 37474
62102 20534
62202 62869
62302 53275
62402 55936
62502 6889
62602 61835
62702 48751
62802 24393
62902 37530
63002 7325
63102 54399
63202 9441
63302 54100
63402 38674
63502 18343
63602 39993
63702 38987
63802 22917
63902 4345
64002 59473
64102 56974
64202 26729
64302 40810
64402 12865
64502 32774
64602 19761
64702 19579
64802 35430
64902 19801
65002 5650
65102 63334
65202 24653
65302 48675
65402 37378
65502 50634
65602 5765
65702 58428
65802 10891
65902 35987
66002 34659
66102 64593
66202 39890
66302 63796
66402 24656
66502 39050
66602 27199
66702 34798
66802 24535
66902 29443
67002 56615
67102 1819
67202 900
67302 21967
67402 17800
67502 13739
67602 47527
67702 27806
67802 8874
67902 34747
68002 45230
68102 60604
68202 17497
68302 39950
68402 37197
68502 4655
68602 8063
68702 944
68802 65072
68902 4225
69002 54996
69102 41596
69202 46596
69302 28083
69402 64669
69502 16266
69602 15495
69702 4055
69802 1948
69902 21435
70002 36008
70102 11210
70202 23330
70302 36723
70402 4873
70502 3433
70602 21297
70702 28670
70802 21359
70902 12083
71002 21641
71102 6465
71202 19506
71302 47243
71402 54829
71502 34867
71602 44060
71702 53928
71802 744
71902 42750
72002 31403
72102 19274
72202 58563
72302 34720
72402 29895
72502 39877
72602 57844
72702 22407
72802 26021
72902 54545
73002 37053
73102 22582
73202 62508
73302 37439
73402 64533
73502 48578
73602 51960
73702 58685
73802 30488
73902 64705
74002 39905
74102 41291
74202 36489
74302 22939
74402 12105
74502 36116
74602 35777
74702 34813
74802 16198
74902 38076
75002 59867
75102 7829
75202 29556
75302 63135
75402 10004
75502 29877
75602 11160
75702 29810
75802 32333
75902 51136
76002 20212
76102 34552
76202 2478
76302 23096
76402 19712
76502 10594
76602 8622
76702 33629
76802 2229
76902 19095
77002 39195
77102 25418
77202 13444
77302 25500
77402 42273
77502 51281
77602 63569
77702 60574
77802 9960
77902 40983
78002 45798
78102 6523
78202 37167
78302 32337
78402 33583
78502 35733
78602 55360
78702 57567
78802 37243
78902 56629
79002 29906
79102 50901
79202 30014
79302 8201
79402 11316
79502 21593
79602 35161
79702 37253
79802 40740
79902 59126
80002 47275
80102 21697
80202 20972
80302 28425
80402 54454
80502 40996
80602 17821
80702 44984
80802 24990
80902 17184
81002 43611
81102 48067
81202 25211
81302 38458
81402 53177
81502 54843
81602 23852
81702 52035
81802 34164
81902 15429
82002 21994
82102 3878
82202 42337
82302 24763
82402 25891
82502 61807
82602 59123
82702 45381
82802 16598
82902 23478
83002 34404
83102 26932
83202 45532
83302 51942
83402 9350
83502 6260
83602 41168
83702 44171
83802 36315
83902 45051
84002 23877
84102 23415
84202 3759
84302 64845
84402 58949
84502 65134
84602 44449
84702 41224
84802 18249
84902 40134
85002 5859
85102 4777
85202 64876
85302 28128
85402 55264
85502 35266
85602 51934
85702 27143
85802 7173
85902 343
86002 36638
86102 36341
86202 59767
86302 47331
86402 2857
86502 27580
86602 53370
86702 14486
86802 22067
86902 25523
87002 63939
87102 15064
87202 4174
87302 60842
87402 54578
87502 65323
87602 51762
87702 28112
87802 37570
87902 3062
88002 26351
88102 44296
88202 59992
88302 35667
88402 32906
88502 21792
88602 44459
88702 54101
88802 14204
88902 25118
89002 56611
89102 56151
89202 38890
89302 18381
89402 59698
89502 29036
89602 62777
89702 57729
89802 49590
89902 38168
90002 9290
90102 47151
90202 60610
90302 41214
90402 24940
