102 46642
202 34127
302 50320
402 7641
502 49667
602 31947
702 31801
802 43335
902 31275
1002 63193
1102 2102
1202 21909
1302 22343
1402 30868
1502 22150
1602 6873
1702 29984
1802 12687
1902 55384
2002 30752
2102 52408
2202 7026
2302 63232
2402 14052
2502 54392
2602 2409
2702 8325
2802 23072
2902 15849
3002 372
3102 27215
3202 20592
3302 9120
3402 1952
3502 53695
3602 55749
3702 22779
3802 16551
3902 58642
4002 53484
4102 35454
4202 34505
4302 5351
4402 32695
4502 40580
4602 63221
4702 10535
4802 40862
4902 54199
5002 12071
5102 54785
5202 59320
5302 39935
5402 51381
5502 49796
5602 5108
5702 53510
5802 15207
5902 45783
6002 10321
6102 53601
6202 61995
6302 59306
6402 44270
6502 30524
6602 28952
6702 16942
6802 15075
6902 57087
7002 3974
7102 22618
7202 6632
7302 54128
7402 52083
7502 5819
7602 8333
7702 201
7802 51208
7902 37649
8002 33436
8102 25046
8202 64246
8302 1403
8402 14727
8502 46242
8602 47708
8702 60755
8802 39381
8902 45325
9002 46021
9102 12067
9202 48130
9302 53042
9402 57924
9502 32571
9602 29712
9702 48828
9802 8040
9902 63318
10002 46808
10102 33259
10202 50234
10302 31528
10402 10356
10502 28923
10602 23961
10702 53855
10802 47050
10902 53330
11002 28904
11102 43834
11202 14812
11302 24598
11402 47352
11502 3751
11602 5573
11702 4811
11802 29208
11902 63202
12002 46783
12102 16888
12202 63837
12302 28351
12402 7761
12502 49540
12602 25490
12702 41064
12802 36977
12902 2439
13002 60062
13102 36599
13202 28123
13302 31258
13402 20185
13502 57833
13602 25140
13702 63354
13802 21426
13902 11615
14002 16078
14102 61864
14202 16239
14302 7845
14402 22710
14502 56184
14602 55458
14702 13289
14802 26252
14902 15296
15002 18532
15102 1365
15202 57441
15302 21113
15402 20270
15502 32149
15602 22404
15702 36359
15802 42788
15902 55377
16002 15151
16102 51314
16202 6002
16302 30265
16402 48714
16502 49678
16602 7259
16702 64891
16802 53519
16902 52255
17002 52798
17102 62371
17202 5089
17302 27889
17402 58697
17502 47672
17602 38299
17702 16820
17802 23024
17902 39309
18002 61199
18102 33008
18202 23972
18302 5922
18402 61218
18502 59874
18602 15117
18702 33820
18802 24736
18902 61963
19002 35193
19102 32719
19202 10396
19302 6537
19402 55859
19502 36772
19602 10426
19702 29032
19802 31120
19902 55143
20002 43871
20102 307
20202 34126
20302 56920
20402 14477
20502 3413
20602 7740
20702 14213
20802 17742
20902 31905
21002 46114
21102 56435
21202 35648
21302 15908
21402 22882
21502 12382
21602 2893
21702 49194
21802 63485
21902 6796
22002 60370
22102 46408
22202 45335
22302 20408
22402 43540
22502 45806
22602 37334
22702 13172
22802 43780
22902 26731
23002 18701
23102 26626
23202 59400
23302 63115
23402 41224
23502 16158
23602 54243
23702 25990
23802 49436
23902 25773
24002 26654
24102 12603
24202 28188
24302 33923
24402 38952
24502 59015
24602 56098
24702 17804
24802 33010
24902 10775
25002 22658
25102 56175
25202 13039
25302 54268
25402 14913
25502 47978
25602 4719
25702 62150
25802 12086
25902 39258
26002 43723
26102 24585
26202 64166
26302 16046
26402 3950
26502 52245
26602 41908
26702 13515
26802 52562
26902 57711
27002 41896
27102 16098
27202 64133
27302 16655
27402 15986
27502 15567
27602 29029
27702 37181
27802 65532
27902 19801
28002 65288
28102 34456
28202 30155
28302 50598
28402 28137
28502 48471
28602 7017
28702 42930
28802 46807
28902 62824
29002 18449
29102 16960
29202 44092
29302 8912
29402 13688
29502 45210
29602 43250
29702 37219
29802 39019
29902 2153
30002 2158
30102 52837
30202 28233
30302 53988
30402 2507
30502 47594
30602 34169
30702 4139
30802 6162
30902 21450
31002 15547
31102 1229
31202 17162
