102 60031
202 51323
302 11140
402 4686
502 28235
602 55830
702 23207
802 31345
902 50210
1002 2520
1102 6705
1202 34958
1302 19463
1402 21224
1502 41060
1602 61748
1702 37292
1802 17544
1902 58221
2002 55330
2102 46556
2202 24368
2302 48457
2402 20655
2502 43114
2602 25431
2702 4968
2802 7036
2902 57273
3002 29620
3102 24284
3202 21043
3302 13967
3402 32476
3502 36840
3602 22434
3702 59304
3802 46124
3902 52400
4002 51191
4102 6827
4202 48094
4302 5661
4402 49530
4502 19262
4602 515
4702 32729
4802 18974
4902 4899
5002 32940
5102 64091
5202 62477
5302 46195
5402 17241
5502 27867
5602 58767
5702 21103
5802 65507
5902 14873
6002 51497
6102 48196
6202 59036
6302 2385
6402 6514
6502 36754
6602 36238
6702 46615
6802 35082
6902 9891
7002 24998
7102 57449
7202 15647
7302 41764
7402 13305
7502 62862
7602 62600
7702 63329
7802 28136
7902 38067
8002 10731
8102 52896
8202 4858
8302 47988
8402 13272
8502 49549
8602 4525
8702 46422
8802 54265
8902 26190
9002 55740
9102 50741
9202 30058
9302 15113
9402 49251
9502 4423
9602 23575
9702 51634
9802 56212
9902 4202
10002 4326
10102 27622
10202 21877
10302 51900
10402 30292
10502 53464
10602 17675
10702 60043
10802 17523
10902 25019
11002 46536
11102 13152
11202 9180
11302 28355
11402 22949
11502 54134
11602 24787
11702 26188
11802 10928
11902 20707
12002 9024
12102 12629
12202 52637
12302 2877
12402 7496
12502 37762
12602 43638
12702 33226
12802 31084
12902 38830
13002 47421
13102 13472
13202 9105
13302 39718
13402 56138
13502 62310
13602 4179
13702 9275
13802 50346
13902 31528
14002 36056
14102 38243
14202 53990
14302 65201
14402 24827
14502 10018
14602 55266
14702 7510
14802 62158
14902 48312
15002 3081
15102 58370
15202 28478
15302 33788
15402 26950
15502 14581
15602 64310
15702 55973
15802 30816
15902 39648
16002 38525
16102 48952
16202 63672
16302 831
16402 42920
16502 4599
16602 43087
16702 23692
16802 61030
16902 54096
17002 12307
17102 28449
17202 1509
17302 32247
17402 44943
17502 18344
17602 31537
17702 19269
17802 9500
17902 49551
18002 29896
18102 4325
18202 49134
18302 40697
18402 58966
18502 3808
18602 58633
18702 60436
18802 9153
18902 17144
19002 45377
19102 32590
19202 35763
19302 36420
19402 27899
19502 62166
19602 5339
19702 15109
19802 12096
19902 26460
20002 49414
20102 32963
20202 2529
20302 32625
20402 40316
20502 36103
20602 17704
20702 64188
20802 45583
20902 64894
21002 55640
21102 64154
21202 10096
21302 62194
21402 9182
21502 40407
21602 14103
21702 48764
21802 57679
21902 33407
22002 59787
22102 33089
22202 27451
22302 18213
22402 45417
22502 6744
22602 20904
22702 57597
22802 32080
22902 4649
23002 29741
23102 4604
23202 18302
23302 62800
23402 31298
23502 19531
23602 36930
23702 13585
23802 6486
23902 6663
24002 59877
24102 55025
24202 19460
24302 61451
24402 17270
24502 16420
24602 43172
24702 3268
24802 18995
24902 24310
25002 40886
25102 49287
25202 6728
25302 49538
25402 28035
25502 19721
25602 47422
25702 48012
25802 64660
25902 12960
26002 23218
26102 14123
26202 49850
26302 12895
26402 65412
26502 20457
26602 15296
26702 57002
26802 15103
26902 26852
27002 64163
27102 47784
27202 12359
27302 45442
27402 744
27502 51328
27602 20665
27702 59833
27802 23901
27902 41881
28002 54179
28102 16309
28202 9324
28302 31492
28402 52350
28502 53089
28602 59891
28702 11562
28802 3931
28902 25520
29002 53611
29102 13044
29202 572
29302 17008
29402 22863
29502 60536
29602 13769
29702 59322
29802 38457
29902 65333
30002 23065
30102 11106
30202 50206
30302 59092
30402 51916
30502 36774
30602 23658
30702 8135
30802 35251
30902 16349
31002 44997
31102 32219
31202 16795
31302 3910
31402 20221
31502 6255
31602 1806
31702 46456
31802 64578
31902 29170
32002 15459
32102 61690
32202 49904
32302 42726
32402 30661
32502 19600
32602 19220
32702 10194
32802 42799
32902 39198
33002 143
33102 48549
33202 60619
33302 38617
33402 52717
33502 10585
33602 47235
33702 64230
33802 43698
33902 52111
34002 36553
34102 7124
34202 32859
34302 7755
34402 43986
34502 31863
34602 7782
34702 31032
34802 57695
34902 42055
35002 59273
35102 39025
35202 62916
35302 9328
35402 60422
35502 10138
35602 39138
35702 61839
35802 58834
35902 65291
36002 23790
36102 64653
36202 48963
36302 10484
36402 39687
36502 14619
36602 37153
36702 11663
36802 38397
36902 37381
37002 28418
37102 52605
37202 29591
37302 12805
37402 57964
37502 4313
37602 8956
37702 35287
37802 22008
37902 27770
38002 17034
38102 34049
38202 43144
38302 50404
38402 2127
38502 24681
38602 41341
38702 14836
38802 17354
38902 60584
39002 23342
39102 42216
39202 59402
39302 11320
39402 41515
39502 36613
39602 42214
39702 29894
39802 43184
39902 8861
40002 23982
40102 30480
40202 63905
40302 64295
40402 60862
40502 2948
40602 35540
40702 46881
40802 38321
40902 62574
41002 55997
41102 16522
41202 35209
41302 31743
41402 11729
41502 6647
41602 50497
41702 33903
41802 44239
41902 59085
42002 62604
42102 18280
42202 38933
42302 10240
42402 6954
42502 12304
42602 31999
42702 13303
42802 24112
42902 25093
43002 15430
43102 2492
43202 3599
43302 11484
43402 56781
43502 23579
43602 43705
43702 28484
43802 51165
43902 59197
44002 18529
44102 6380
44202 10569
44302 16761
44402 27231
44502 30264
44602 25707
44702 15232
44802 44144
44902 25002
45002 15827
45102 63638
45202 8656
45302 42065
45402 26842
45502 65414
45602 53851
45702 5078
45802 55413
45902 23554
46002 14728
46102 24698
46202 59712
46302 3113
46402 31422
46502 51956
46602 4819
46702 2496
46802 46772
46902 18199
47002 29286
47102 58820
47202 37413
47302 40511
47402 3490
47502 33819
47602 18184
47702 29506
47802 20435
47902 16104
48002 18576
48102 2084
48202 25922
48302 50912
48402 49550
48502 13504
48602 49519
48702 3519
48802 8694
48902 21855
49002 49807
49102 21013
49202 7899
49302 61247
49402 22639
49502 3611
49602 51852
49702 7660
49802 44638
49902 14476
50002 6043
50102 33646
50202 64621
50302 13239
50402 57660
50502 63071
50602 17263
50702 2356
50802 11683
50902 23029
51002 41545
51102 40122
51202 23728
51302 52356
51402 736
51502 34854
51602 47513
51702 13083
51802 24171
51902 21110
52002 21479
52102 32405
52202 41854
52302 58379
52402 1021
52502 38327
52602 52368
52702 14828
52802 14609
52902 26668
53002 26060
53102 32482
53202 13192
53302 9757
53402 59613
53502 1034
53602 654
53702 12204
53802 39574
53902 7784
54002 7634
54102 4126
54202 43911
54302 9481
54402 21090
54502 50594
54602 97
54702 37354
54802 1953
54902 45618
55002 1916
55102 14846
55202 38337
55302 17623
55402 52748
55502 51423
55602 5914
55702 45740
55802 48648
55902 2923
56002 11932
56102 45630
56202 38329
56302 55883
56402 2472
56502 26241
56602 19111
56702 43992
56802 10604
56902 53577
57002 16915
57102 35288
57202 56920
57302 22667
57402 9560
57502 13460
57602 41798
57702 43708
57802 37474
57902 5750
58002 62498
58102 63155
58202 17074
58302 12248
58402 13653
58502 12004
58602 7412
58702 53518
58802 31648
58902 63344
59002 4244
59102 48030
59202 50234
59302 28496
59402 47652
59502 14585
59602 40589
59702 48708
59802 19890
59902 25540
60002 61729
60102 62707
60202 1881
60302 4728
60402 24592
60502 14770
60602 8854
60702 38099
60802 13670
60902 65315
61002 55137
61102 5938
61202 31541
61302 48421
61402 4327
61502 19090
61602 61289
61702 61185
61802 9295
61902 28565
62002 42620
62102 61568
62202 53258
62302 7056
62402 3748
62502 49260
62602 47322
62702 29709
62802 32426
62902 24377
63002 59745
63102 39869
63202 58366
63302 15603
63402 29249
63502 34102
63602 43731
63702 33649
63802 17721
63902 35688
64002 15327
64102 26107
64202 59371
64302 55861
64402 52721
64502 14114
64602 3357
64702 9710
64802 41073
64902 48049
65002 6863
65102 9141
65202 59183
65302 49165
65402 63964
65502 41058
65602 54985
65702 46004
65802 59940
65902 7652
66002 25143
66102 15767
66202 30031
66302 33256
66402 21898
66502 21707
66602 32781
66702 36635
66802 34952
66902 63030
67002 47387
67102 46673
67202 27219
67302 17861
67402 16642
67502 34004
67602 13560
67702 8380
67802 47770
67902 42782
68002 33175
68102 55528
68202 33816
68302 26513
68402 50483
68502 3014
68602 56114
68702 47326
68802 35933
68902 20012
69002 40361
69102 11799
69202 20051
69302 25034
69402 30363
69502 2593
69602 32442
69702 32642
69802 28112
69902 45170
70002 31417
70102 9080
70202 28845
70302 39553
70402 24547
70502 64832
70602 9662
70702 30285
70802 34394
70902 39261
71002 33549
71102 27589
71202 24152
71302 53102
71402 33975
71502 14367
71602 46880
71702 15206
71802 41234
71902 61500
72002 9023
72102 60662
72202 31933
72302 2389
72402 54498
72502 7812
72602 16641
72702 43893
72802 21397
72902 8070
73002 16852
73102 41590
73202 64364
73302 45429
73402 41099
73502 22933
73602 42221
73702 19129
73802 33467
73902 44570
74002 4414
74102 61267
74202 59504
74302 23313
74402 60812
74502 28452
74602 39449
74702 7454
74802 34869
74902 25093
75002 40613
75102 51016
75202 41769
75302 49525
75402 29782
75502 15167
75602 25593
75702 65383
75802 6267
75902 62926
76002 50215
76102 29438
76202 61007
76302 25358
76402 9233
76502 11546
76602 30319
76702 10526
76802 37077
76902 20824
77002 5080
77102 3272
77202 39033
77302 55540
77402 63398
77502 7819
77602 25728
77702 4987
77802 31239
77902 57862
78002 30103
78102 17310
78202 15976
78302 25115
78402 39036
78502 31531
78602 14337
78702 51636
78802 18702
78902 17553
79002 29464
79102 45372
79202 5197
79302 63909
79402 26640
79502 6601
79602 51485
79702 48314
79802 25923
79902 40638
80002 22357
80102 51950
80202 14920
80302 7156
80402 31967
80502 36175
80602 9350
80702 25579
80802 45129
80902 60247
81002 25381
81102 36762
81202 28630
81302 59969
81402 52084
81502 16297
81602 36381
81702 32131
81802 32317
81902 44926
82002 30204
82102 13660
82202 1618
82302 23707
82402 16904
82502 13454
82602 61932
82702 25156
82802 30080
82902 58639
83002 16034
83102 22486
83202 35988
83302 27106
83402 3684
83502 40436
83602 10618
83702 49904
83802 18130
83902 61686
84002 43237
84102 33838
84202 21641
84302 21906
84402 32186
84502 36158
84602 33392
84702 10599
84802 28396
84902 37092
85002 31117
85102 46124
85202 36836
85302 39054
85402 28062
85502 40601
85602 37869
85702 2521
85802 11301
85902 64930
86002 24317
86102 56096
86202 54684
86302 2528
86402 62651
86502 43987
86602 56008
86702 64782
86802 25952
86902 28818
87002 26909
87102 31506
87202 1497
87302 32766
87402 15925
87502 62646
87602 54626
87702 39862
87802 52065
87902 11361
88002 12932
88102 48912
88202 36128
88302 18853
88402 40721
88502 64823
88602 13973
88702 36634
88802 1191
88902 11921
89002 33901
89102 52380
89202 32031
89302 947
89402 16283
89502 64212
89602 28636
89702 12455
89802 32890
89902 22198
90002 13438
90102 27138
