102 21344
202 2219
302 63644
402 40863
502 50956
602 22473
702 23445
802 38064
902 21454
1002 5237
1102 46782
1202 2924
1302 46339
1402 2160
1502 25724
1602 5129
1702 19668
1802 18350
1902 48213
2002 62720
2102 38946
2202 21338
2302 53458
2402 11241
2502 15674
2602 11974
2702 1932
2802 8342
2902 22432
3002 4931
3102 36173
3202 14783
3302 14040
3402 9983
3502 43699
3602 20159
3702 33167
3802 53081
3902 8800
4002 58021
4102 47940
4202 6616
4302 44424
4402 11127
4502 27521
4602 31577
4702 10504
4802 31577
4902 25163
5002 4285
5102 43620
5202 53659
5302 19845
5402 14161
5502 27360
5602 12490
5702 61195
5802 49647
5902 17195
6002 48758
6102 34771
6202 28132
6302 55468
6402 46219
6502 47550
6602 22113
6702 18159
6802 12369
6902 54472
7002 51433
7102 17072
7202 2038
7302 30689
7402 14907
7502 46362
7602 37669
7702 11848
7802 52233
7902 33839
8002 34064
8102 2724
8202 60458
8302 18760
8402 313
8502 26483
8602 11207
8702 64315
8802 25517
8902 39712
9002 38356
9102 42414
9202 41606
9302 57353
9402 52782
9502 40013
9602 22205
9702 20153
9802 10346
9902 15243
10002 23276
10102 6419
10202 57962
10302 63504
10402 15695
10502 58210
10602 8825
10702 34853
10802 48644
10902 4466
11002 58315
11102 50535
11202 51828
11302 33080
11402 489
11502 56849
11602 60071
11702 38701
11802 50514
11902 47382
12002 2419
12102 26430
12202 64101
12302 35453
12402 13170
12502 21639
12602 8446
12702 55054
12802 53126
12902 64244
13002 10021
13102 8123
13202 53939
13302 59037
13402 23443
13502 25131
13602 27154
13702 26778
13802 1233
13902 39376
14002 37622
14102 59752
14202 46300
14302 47119
14402 57052
14502 31659
14602 4530
14702 11389
14802 41782
14902 49181
15002 11699
15102 18538
15202 33840
15302 19684
15402 22922
15502 44491
15602 32759
15702 63229
15802 22372
15902 9310
16002 34366
16102 6960
16202 64392
16302 14128
16402 61048
16502 61758
16602 60377
16702 42875
16802 62010
16902 30395
17002 43815
17102 63903
17202 5430
17302 47084
17402 52838
17502 2499
17602 55812
17702 45967
17802 60194
17902 65163
18002 25342
18102 10021
18202 54216
18302 48178
18402 60868
18502 60656
18602 40377
18702 54514
18802 49293
18902 637
19002 65291
19102 5720
19202 46398
19302 38650
19402 44519
19502 27563
19602 54182
19702 63026
19802 9372
19902 51671
20002 56860
20102 38254
20202 24698
20302 12848
20402 39000
20502 4866
20602 57659
20702 54338
20802 65244
20902 27657
21002 30074
21102 60807
21202 63758
21302 62756
21402 61485
21502 58663
21602 56944
21702 9052
21802 24814
21902 18922
22002 44323
22102 28633
22202 44110
22302 28175
22402 24594
22502 2743
22602 54586
22702 9167
22802 62564
22902 60956
23002 30182
23102 49417
23202 49176
23302 17535
23402 62913
23502 50188
23602 64529
23702 27256
23802 63283
23902 2077
24002 43142
24102 31962
24202 49138
24302 50166
24402 10534
24502 13914
24602 1665
24702 6069
24802 1587
24902 43532
25002 54876
25102 927
25202 8780
25302 25704
25402 10836
25502 45689
25602 30485
25702 32953
25802 61592
25902 41166
26002 28171
26102 33428
26202 64719
26302 21590
26402 26557
26502 50998
26602 1425
26702 9408
26802 12163
26902 57577
27002 9366
27102 32013
27202 19830
27302 41749
27402 22358
27502 52251
27602 57699
27702 9083
27802 38640
27902 8901
28002 31066
28102 50142
28202 22556
28302 23141
28402 33867
28502 9782
28602 24814
28702 11306
28802 31368
28902 5554
29002 63517
29102 2565
29202 18355
29302 21946
29402 45739
29502 1556
29602 48335
29702 58598
29802 31383
29902 5615
30002 3978
30102 10868
30202 56643
30302 42484
30402 55357
30502 21670
30602 12476
30702 25434
30802 51414
30902 26831
31002 52658
31102 40968
31202 14875
31302 61965
31402 30691
31502 25112
31602 33691
31702 48219
31802 47562
31902 12444
32002 6106
32102 31620
32202 15104
32302 6381
32402 31582
32502 24994
32602 26064
32702 40248
32802 27760
32902 58654
33002 33697
33102 29408
33202 37823
33302 34063
33402 11207
33502 29353
33602 47233
33702 17503
33802 26052
33902 56693
34002 27544
34102 14571
34202 36153
34302 46457
34402 32694
34502 48476
34602 22582
34702 33264
34802 17151
34902 54775
35002 26959
35102 6087
35202 25605
35302 27906
35402 54263
