102 65238
202 56201
302 17887
402 53984
502 26259
602 11458
702 4033
802 62444
902 59559
1002 48863
1102 56673
1202 45026
1302 31298
1402 11837
1502 1136
1602 38003
1702 40075
1802 21791
1902 30493
2002 12499
2102 10348
2202 4736
2302 65288
2402 4892
2502 3561
2602 22605
2702 24195
2802 37337
2902 41123
3002 18514
3102 31967
3202 6559
3302 42526
3402 6610
3502 1503
3602 47922
3702 25776
3802 56428
3902 46131
4002 26679
4102 17734
4202 11713
4302 54898
4402 3550
4502 28694
4602 37491
4702 18895
4802 50736
4902 22380
5002 29346
5102 4480
5202 42344
5302 7356
5402 40933
5502 17449
5602 12478
5702 6452
5802 12665
5902 48238
6002 36526
6102 61114
6202 43797
6302 14053
6402 37927
6502 37282
6602 40970
6702 2203
6802 53601
6902 29796
7002 30384
7102 19187
7202 6588
7302 44233
7402 52021
7502 39992
7602 57113
7702 65073
7802 64313
7902 31148
8002 64599
8102 4066
8202 14199
8302 27951
8402 63696
8502 8544
8602 34166
8702 42132
8802 22688
8902 33232
9002 44698
9102 49183
9202 5452
9302 56214
9402 33388
9502 64133
9602 25027
9702 11741
9802 39057
9902 64318
10002 40907
10102 29403
10202 48482
10302 55223
10402 1650
10502 48746
10602 34100
10702 18429
10802 8585
10902 55296
11002 31423
11102 22973
11202 15163
11302 17666
11402 46047
11502 61481
11602 13484
11702 37735
11802 40938
11902 21735
12002 13680
12102 11357
12202 54463
12302 48777
12402 30416
12502 44725
12602 33086
12702 26413
12802 38891
12902 45581
13002 28191
13102 57183
13202 47657
13302 41352
13402 50219
13502 48958
13602 58350
13702 58967
13802 13230
13902 61708
14002 30655
14102 4292
14202 57189
14302 12269
14402 8113
14502 62728
14602 40557
14702 45041
14802 18000
14902 53925
15002 31790
15102 55569
15202 65336
15302 8952
15402 28089
15502 29819
15602 20814
15702 19353
15802 16848
15902 43734
16002 10016
16102 51472
16202 28336
16302 36196
16402 40283
16502 30379
16602 63686
16702 20287
16802 32245
16902 1216
17002 23416
17102 5958
17202 12841
17302 64429
17402 31835
17502 4435
17602 35338
17702 6514
17802 21149
17902 58906
18002 57970
18102 64573
18202 28459
18302 25942
18402 50264
18502 11109
18602 8929
18702 19273
18802 65349
18902 8427
19002 21984
19102 1541
19202 51845
19302 43454
19402 61476
19502 17197
19602 60673
19702 26866
19802 19337
19902 56101
20002 23019
20102 2716
20202 17586
20302 22295
20402 33641
20502 42051
20602 303
20702 37284
20802 55941
20902 10992
21002 35667
21102 26557
21202 41986
21302 29135
21402 21718
21502 46244
21602 23097
21702 3741
21802 24085
21902 54442
22002 64391
22102 15894
22202 60552
22302 36341
22402 49010
22502 41677
22602 65153
22702 20877
22802 37761
22902 34008
23002 25115
23102 58143
23202 52930
23302 64016
23402 106
23502 41292
23602 53606
23702 31232
23802 27308
23902 25871
24002 55188
24102 30029
24202 64527
24302 48759
24402 61666
24502 57037
24602 28701
24702 63726
24802 39303
24902 22461
25002 42795
25102 15276
25202 40562
25302 1856
25402 54198
25502 63405
25602 53237
25702 42659
25802 5325
25902 55061
26002 53928
26102 3628
26202 60933
26302 63769
26402 42465
26502 35381
26602 17305
26702 10357
26802 38094
26902 46366
27002 47230
27102 48126
27202 27477
27302 16171
27402 60584
27502 3072
27602 57422
27702 32366
27802 38498
27902 30812
28002 23816
28102 61199
28202 59841
28302 50477
28402 22769
28502 2524
28602 47183
28702 18876
28802 55321
28902 46171
29002 6671
29102 2387
29202 7800
29302 39585
29402 36252
29502 51586
29602 1119
29702 38334
29802 39915
29902 45291
30002 40688
30102 7752
30202 27494
30302 30293
30402 63523
30502 42407
30602 6042
30702 49008
30802 37920
30902 1522
31002 6889
31102 34062
31202 7950
31302 11856
31402 49523
31502 45616
31602 23624
31702 12529
31802 55601
31902 55229
32002 37583
32102 18693
32202 29836
32302 57568
32402 26467
32502 59923
32602 65522
32702 15378
32802 14738
32902 42571
33002 39508
33102 63613
33202 16964
33302 15286
33402 21438
33502 47248
33602 37228
33702 47984
33802 36813
33902 59325
34002 50990
34102 25326
34202 14501
34302 21766
34402 36002
34502 10135
