102 54841
202 28261
302 21422
402 19616
502 20878
602 651
702 41118
802 44511
902 22639
1002 54965
1102 29960
1202 42873
1302 6119
1402 22631
1502 57094
1602 47492
1702 41817
1802 40421
1902 63645
2002 18008
2102 58185
2202 41867
2302 60310
2402 8878
2502 31555
2602 29030
2702 15246
2802 25450
2902 52288
3002 61117
3102 58328
3202 63020
3302 19309
3402 48446
3502 15625
3602 23265
3702 53786
3802 6625
3902 19944
4002 38240
4102 13635
4202 14598
4302 6013
4402 34396
4502 469
4602 47051
4702 48174
4802 36943
4902 30057
5002 20734
5102 16817
5202 53546
5302 23628
5402 46622
5502 49369
5602 34547
5702 46120
5802 39630
5902 2230
6002 64012
6102 48163
6202 59975
6302 14144
6402 57114
6502 828
6602 51090
6702 7592
6802 49718
6902 60164
7002 267
7102 20967
7202 37606
7302 39518
7402 25029
7502 18091
7602 1407
7702 46864
7802 27278
7902 21670
8002 33059
8102 45962
8202 50383
8302 43243
8402 2082
8502 51911
8602 19658
8702 33046
8802 48444
8902 60860
9002 14737
9102 14477
9202 61089
9302 25351
9402 7229
9502 14219
9602 64545
9702 7057
9802 4819
9902 47763
10002 58428
10102 53396
10202 47412
10302 42671
10402 61930
10502 40060
10602 29627
10702 4929
10802 31842
10902 33423
11002 49168
11102 45932
11202 55582
11302 49464
11402 29916
11502 17391
11602 8591
11702 37017
11802 30572
11902 6953
12002 11016
12102 3142
12202 12333
12302 2915
12402 61344
12502 64904
12602 59339
12702 62235
12802 20271
12902 29905
13002 38171
13102 2902
13202 38316
13302 40075
13402 53425
13502 50575
13602 51203
13702 13800
13802 47659
13902 64895
14002 46687
14102 23659
14202 53379
14302 52396
14402 65162
14502 59107
14602 50689
14702 43816
14802 21895
14902 38625
15002 20666
15102 11754
15202 4205
15302 12690
15402 54043
15502 37958
15602 34933
15702 21663
15802 19260
15902 32204
16002 11884
16102 52546
16202 17059
16302 1435
16402 19614
16502 51718
16602 12395
16702 19301
16802 17423
16902 14114
17002 51019
17102 51684
17202 10881
17302 45002
17402 24552
17502 30477
17602 45282
17702 48811
17802 48700
17902 21684
18002 11753
18102 27946
18202 20114
18302 11658
18402 16483
18502 42606
18602 49403
18702 64951
18802 46540
18902 15463
19002 773
19102 9860
19202 27242
19302 42918
19402 5557
19502 24283
19602 18438
19702 14432
19802 49200
19902 24510
20002 11704
20102 28361
20202 65445
20302 28120
20402 10589
20502 27097
20602 4400
20702 15970
20802 34750
20902 51398
21002 51775
21102 21513
21202 16430
21302 61045
21402 670
21502 10047
21602 47246
21702 24901
21802 12587
21902 53058
22002 9230
22102 35054
22202 3819
22302 29427
22402 9128
22502 61093
22602 9800
22702 37592
22802 26115
22902 15566
23002 28998
23102 30213
23202 17404
23302 32303
23402 40046
23502 32393
23602 14983
23702 16289
23802 56335
23902 50607
24002 9620
24102 28218
24202 6908
24302 28204
24402 2131
24502 63
24602 42381
24702 50498
24802 41131
24902 36965
25002 44593
25102 32967
25202 20751
25302 40922
25402 38594
25502 48457
25602 46645
25702 8159
25802 38926
25902 11834
26002 49852
26102 47428
26202 36099
26302 12903
26402 49541
26502 28556
26602 62347
26702 53121
26802 48307
26902 54042
27002 36557
27102 47545
27202 33423
27302 25339
27402 48489
27502 55913
27602 51495
27702 10191
27802 48525
27902 38013
28002 16037
28102 15385
28202 45814
28302 53061
28402 60493
28502 14556
28602 10016
28702 44969
28802 18080
28902 57698
29002 33990
29102 56418
29202 5321
29302 25697
29402 33076
29502 50129
29602 49872
29702 55593
29802 7456
29902 40218
30002 56480
30102 19612
30202 60237
30302 43923
30402 25760
30502 30664
30602 53123
30702 34466
30802 13862
30902 20860
31002 8827
31102 34677
31202 6202
31302 53941
31402 51722
