102 8604
202 21516
302 13445
402 42047
502 12461
602 50317
702 4000
802 14381
902 64463
1002 25993
1102 30337
1202 26106
1302 53465
1402 2777
1502 64172
1602 10120
1702 60848
1802 24527
1902 49257
2002 10893
2102 20100
2202 42776
2302 503
2402 50084
2502 41336
2602 51954
2702 59105
2802 36900
2902 15020
3002 31153
3102 42132
3202 39363
3302 29732
3402 62698
3502 33895
3602 29456
3702 21834
3802 55051
3902 40065
4002 25524
4102 42536
4202 58072
4302 36833
4402 42529
4502 53697
4602 14985
4702 29814
4802 47773
4902 47218
5002 23556
5102 50475
5202 9177
5302 4064
5402 51479
5502 32108
5602 23621
5702 59052
5802 30572
5902 8682
6002 50056
6102 33892
6202 3598
6302 41387
6402 17303
6502 39547
6602 46803
6702 59340
6802 35182
6902 36148
7002 52746
7102 18164
7202 57512
7302 36665
7402 50345
7502 56815
7602 28405
7702 53888
7802 15859
7902 53579
8002 49736
8102 51485
8202 57729
8302 9433
8402 53962
8502 11364
8602 9062
8702 18745
8802 34852
8902 41608
9002 21051
9102 3840
9202 24567
9302 334
9402 20388
9502 30330
9602 17414
9702 8068
9802 36895
9902 39494
10002 35436
10102 9861
10202 35919
10302 34303
10402 7473
10502 17821
10602 36200
10702 65389
10802 38053
10902 46030
11002 15462
11102 60499
11202 39647
11302 37738
11402 7698
11502 55682
11602 38806
11702 3754
11802 50463
11902 9777
12002 57896
12102 53674
12202 51056
12302 38632
12402 9195
12502 42923
12602 32063
12702 48706
12802 46186
12902 312
13002 3297
13102 1847
13202 4567
13302 8042
13402 33272
13502 11380
13602 31830
13702 16328
13802 25346
13902 8608
14002 48438
14102 27557
14202 56772
14302 44817
14402 61841
14502 28929
14602 41930
14702 9415
14802 55479
14902 64261
15002 11641
15102 35369
15202 24937
15302 21155
15402 15032
15502 27090
15602 46055
15702 58015
15802 23402
15902 16082
16002 31284
16102 103
16202 7298
16302 1941
16402 10874
16502 58549
16602 50146
16702 25647
16802 62716
16902 1122
17002 22830
17102 28838
17202 62618
17302 51535
17402 25492
17502 12806
17602 8600
17702 6850
17802 18644
17902 52915
18002 20679
18102 34550
18202 29066
18302 36529
18402 59189
18502 13515
18602 30137
18702 64216
18802 44549
18902 57621
19002 41056
19102 29721
19202 20787
19302 33618
19402 45413
19502 41070
19602 24141
19702 39924
19802 14916
19902 4706
20002 31051
20102 10127
20202 63106
20302 36567
20402 47896
20502 43168
20602 22867
20702 46888
20802 50023
20902 54285
21002 8673
21102 43909
21202 21344
21302 58591
21402 16284
21502 12971
21602 64043
21702 31241
21802 1745
21902 25160
22002 55155
22102 2172
22202 62392
22302 35299
22402 31272
22502 11307
22602 43304
22702 11631
22802 6248
22902 3421
23002 10305
23102 46635
23202 43453
23302 4816
23402 42202
23502 37196
23602 52866
23702 16388
23802 13164
23902 62270
24002 33990
24102 12822
24202 32557
24302 37830
24402 56011
24502 57723
24602 34706
24702 8386
24802 14759
24902 61838
25002 59469
25102 42602
25202 16096
25302 9932
25402 54115
25502 9649
25602 25517
25702 26740
25802 29176
25902 22831
26002 25981
26102 47854
26202 34070
26302 47097
26402 5421
26502 10761
26602 57096
26702 1256
26802 41947
26902 27082
27002 44396
27102 12194
27202 64995
27302 64370
27402 4649
27502 31296
27602 46173
27702 9301
27802 47861
27902 55625
28002 12075
28102 37107
28202 25526
28302 23607
28402 39323
28502 5268
28602 10182
28702 4712
28802 49733
28902 8665
29002 55897
29102 7534
29202 40959
29302 4288
29402 55598
29502 10584
29602 14354
29702 17407
29802 28695
29902 13943
30002 48566
30102 31688
30202 14371
30302 61531
30402 9279
30502 52153
30602 52477
30702 14552
30802 35625
30902 42406
31002 24240
31102 54265
31202 43908
31302 59918
31402 9373
31502 64540
31602 11692
31702 4393
31802 53061
31902 3616
32002 37719
32102 55296
32202 48296
32302 15423
32402 25031
32502 10858
32602 52807
32702 48389
32802 37552
32902 9936
33002 39367
33102 27411
33202 59133
33302 24953
33402 14830
33502 37606
33602 29708
33702 48261
33802 14050
33902 31467
34002 53649
34102 43753
34202 56846
34302 50081
34402 46586
34502 521
34602 28904
34702 32309
34802 52439
34902 54171
35002 22524
35102 47859
35202 8423
35302 41870
35402 7553
35502 13483
35602 11510
35702 26596
35802 44962
35902 141
36002 41318
36102 25930
36202 45038
36302 40505
36402 61034
36502 56129
36602 53768
36702 34585
36802 50005
36902 7666
37002 49432
37102 1123
37202 49023
37302 25256
37402 12467
37502 902
37602 21998
37702 34730
37802 4348
37902 579
38002 60508
38102 12447
38202 58858
38302 54639
38402 54939
38502 50168
38602 11865
38702 3723
38802 53476
38902 29739
39002 26300
39102 16616
39202 13699
39302 61513
39402 37548
39502 11660
39602 2958
39702 43570
39802 8708
39902 18223
40002 11810
40102 49592
40202 61843
40302 41921
40402 55176
40502 33004
40602 34806
40702 7142
40802 7447
40902 47261
41002 4123
41102 50309
41202 51388
41302 54298
41402 39891
41502 50143
41602 49585
41702 29530
41802 44622
41902 9699
42002 54673
42102 7413
42202 13774
42302 40455
42402 40528
42502 29171
42602 39389
42702 59348
42802 39875
42902 32505
43002 56229
43102 35390
43202 19223
43302 36248
43402 51085
43502 50501
43602 11450
43702 5051
43802 29590
43902 54746
44002 50968
44102 36995
44202 36588
44302 63819
44402 22914
44502 43363
44602 11561
44702 62696
44802 48818
44902 5585
45002 54496
45102 49984
45202 33702
45302 48080
45402 21885
45502 39165
45602 51746
45702 21772
45802 7572
45902 9184
46002 22121
46102 51590
46202 25865
46302 49616
46402 9851
46502 12270
46602 48470
46702 12023
46802 60622
46902 111
47002 8921
47102 60592
47202 29069
47302 3909
47402 39476
47502 40202
47602 34651
47702 14511
47802 49556
47902 3116
48002 41926
48102 5865
48202 13702
48302 9965
48402 20834
48502 9054
48602 38477
48702 4449
48802 54127
48902 31531
49002 245
49102 8518
49202 61863
49302 11591
49402 17773
49502 50357
49602 26860
49702 32056
49802 49581
49902 24616
50002 23205
50102 1759
50202 13339
50302 21970
50402 22911
50502 36813
50602 16796
50702 1039
50802 65261
50902 6507
51002 55912
51102 24310
51202 24154
51302 49494
51402 49340
51502 49073
51602 30187
51702 2812
51802 31854
51902 53890
52002 54650
52102 25740
52202 28453
52302 2682
52402 46463
52502 6394
52602 9324
52702 37880
52802 39827
52902 16084
53002 50724
53102 26368
53202 44312
53302 27493
53402 43928
53502 43986
53602 59742
53702 12951
53802 14634
53902 23618
54002 58284
54102 20690
54202 22355
54302 5061
54402 1801
54502 25258
54602 25825
54702 50094
54802 45179
54902 6408
55002 44217
55102 60822
55202 58016
55302 21367
55402 18254
55502 62839
55602 37962
55702 58827
55802 9262
55902 48539
56002 21677
56102 60627
56202 27703
56302 65094
56402 18605
56502 310
56602 25553
56702 46246
56802 17766
56902 32452
57002 24507
57102 51112
57202 26770
57302 20000
57402 19877
57502 11543
57602 28710
57702 10434
57802 60143
57902 35289
58002 45287
58102 58963
58202 13702
58302 23898
58402 39583
58502 41645
58602 11144
58702 5708
58802 46171
58902 38046
59002 50713
59102 149
59202 36915
59302 50151
59402 17801
59502 48905
59602 15373
59702 30725
59802 25678
59902 8585
60002 4822
60102 25562
60202 60747
60302 43530
60402 22155
60502 288
60602 18579
60702 54798
60802 648
60902 51937
61002 57953
61102 44193
61202 47545
61302 53837
61402 46537
61502 8629
61602 53433
61702 55738
61802 11270
61902 16199
62002 56064
62102 11028
62202 9421
62302 47766
62402 4703
62502 25426
62602 17182
62702 22004
62802 60246
62902 4207
63002 44497
63102 1782
63202 5992
63302 18370
63402 64328
63502 54282
63602 35999
63702 53369
63802 59092
63902 51710
64002 30112
64102 59702
64202 9183
64302 19048
64402 33055
64502 47972
64602 31240
64702 1856
64802 43823
64902 7798
65002 33878
65102 14928
65202 20112
65302 57557
65402 10768
65502 25072
65602 41975
65702 24765
65802 45789
65902 13937
66002 56702
66102 37745
66202 44594
66302 45953
66402 54018
66502 49228
66602 51553
66702 3987
66802 2853
66902 64712
67002 16909
67102 35526
67202 28958
67302 50274
67402 27810
67502 40264
67602 626
67702 38322
67802 55194
67902 54773
68002 7193
68102 55972
68202 13668
68302 10329
68402 57667
68502 18261
68602 50427
68702 35755
68802 49983
68902 31642
69002 7240
69102 674
69202 39119
69302 40072
69402 55430
69502 8788
69602 17448
69702 35814
69802 16780
69902 30722
70002 37451
70102 20842
70202 12040
70302 45268
70402 28674
70502 63938
70602 64685
70702 23487
70802 501
70902 50856
71002 20671
71102 39345
71202 9346
71302 9687
71402 52294
71502 34821
71602 55792
71702 15288
71802 17453
71902 17260
72002 2077
72102 44372
72202 57237
72302 51184
72402 60700
72502 59074
72602 30034
72702 27588
72802 48702
72902 43726
73002 18844
73102 45001
73202 39823
73302 25313
73402 14211
73502 10758
73602 64950
73702 58665
73802 55578
73902 2764
74002 8374
74102 44329
74202 48326
74302 5637
74402 14757
74502 25960
74602 37518
74702 10145
74802 34873
74902 41448
75002 55948
75102 48701
75202 51382
75302 12063
75402 59129
75502 11378
75602 40852
75702 41108
75802 7542
75902 22779
76002 37923
76102 63548
76202 57494
76302 37686
76402 47636
76502 4450
76602 11642
76702 5420
76802 3288
76902 27412
77002 56793
77102 38696
77202 16066
77302 30999
77402 43515
77502 29262
77602 4484
77702 9400
77802 52454
77902 42448
78002 33763
78102 41261
78202 40789
78302 43893
78402 41293
78502 4436
78602 60724
78702 203
78802 4851
78902 41481
79002 58266
79102 49469
79202 13597
79302 64584
79402 80
79502 24801
79602 27128
79702 21508
79802 61376
79902 44797
80002 33824
80102 65348
80202 26879
80302 17528
80402 14448
80502 14114
80602 15650
80702 18576
80802 387
80902 50676
81002 20753
81102 65070
81202 17844
81302 26116
81402 60114
81502 25335
81602 57876
81702 7080
81802 47694
81902 41581
82002 61602
82102 33673
82202 38953
82302 60775
82402 53581
82502 37383
82602 51932
82702 710
82802 51526
82902 28117
83002 62282
83102 50216
83202 49897
83302 33180
83402 3249
83502 22776
83602 35156
83702 3801
83802 21812
83902 39242
84002 6482
84102 30348
84202 11661
84302 1469
84402 62544
84502 57262
84602 7766
84702 54047
84802 43743
84902 30158
85002 48577
85102 60648
85202 59620
85302 34105
85402 39497
85502 28953
85602 35716
85702 54726
85802 21554
85902 19637
86002 39102
86102 3307
86202 7674
86302 3044
86402 50721
86502 64606
86602 52140
86702 7436
86802 25592
86902 38150
87002 64931
87102 62332
87202 36483
87302 61624
87402 26647
87502 44842
87602 22751
87702 62676
87802 54253
87902 24900
88002 26694
88102 30652
88202 1397
88302 57079
88402 7248
88502 2013
88602 6584
88702 31327
88802 45169
88902 59307
89002 40330
89102 26878
89202 58244
89302 31479
89402 22220
89502 46543
89602 58672
89702 31251
89802 634
89902 14609
90002 5583
90102 57881
90202 28039
