102 8604
202 15345
302 31725
402 60247
502 46663
602 48952
702 26730
802 14707
902 62260
1002 34467
1102 40765
1202 21098
1302 49851
1402 36993
1502 60070
1602 56701
1702 41061
1802 28199
1902 49351
2002 61827
2102 50347
2202 63428
2302 18541
2402 716
2502 53620
2602 18682
2702 41016
2802 2041
2902 47796
3002 64466
3102 60263
3202 3313
3302 63629
3402 17843
3502 13351
3602 63892
3702 26969
3802 52276
3902 6848
4002 20343
4102 14187
4202 19171
4302 12575
4402 23426
4502 43304
4602 20435
4702 1956
4802 12649
4902 17727
5002 52068
5102 36915
5202 30094
5302 52953
5402 19979
5502 36719
5602 26678
5702 55837
5802 11236
5902 50861
6002 20865
6102 34389
6202 7473
6302 33896
6402 19492
6502 25390
6602 44361
6702 21071
6802 12541
6902 63826
7002 37505
7102 12493
7202 32205
7302 22148
7402 35912
7502 63972
7602 31601
7702 53533
7802 50786
7902 41538
8002 44425
8102 32794
8202 64968
8302 65017
8402 8188
8502 50280
8602 4385
8702 22571
8802 40976
8902 16781
9002 26791
9102 62218
9202 9918
9302 19869
9402 24054
9502 51122
9602 4406
9702 44848
9802 53032
9902 44595
10002 58033
10102 26775
10202 22070
10302 54188
10402 32090
10502 31808
10602 44024
10702 58193
10802 20107
10902 54476
11002 25253
11102 4884
11202 44312
11302 2984
11402 59040
11502 52616
11602 21342
11702 2245
11802 50459
11902 28049
12002 34737
12102 40454
12202 29618
12302 23864
12402 44328
12502 10745
12602 216
12702 27447
12802 43566
12902 43651
13002 63243
13102 42395
13202 63406
13302 10926
13402 16306
13502 34528
13602 64286
13702 64693
13802 50212
13902 32068
14002 16618
14102 19001
14202 28786
14302 38273
14402 49173
14502 6607
14602 48226
14702 40167
14802 57502
14902 317
15002 61244
15102 11073
15202 57507
15302 61893
15402 13029
15502 61658
15602 20445
15702 47782
15802 26922
15902 19906
16002 42021
16102 2065
16202 1300
16302 51560
16402 21302
16502 15849
16602 38650
16702 9471
16802 58767
16902 25823
17002 16896
17102 30481
17202 15819
17302 49841
17402 24730
17502 61413
17602 49376
17702 54734
17802 10487
17902 49355
18002 17872
18102 18748
18202 64273
18302 58976
18402 57874
18502 10469
18602 45091
18702 5732
18802 20554
18902 37172
19002 63537
19102 16956
19202 62768
19302 61930
19402 46461
19502 49025
19602 23149
19702 46859
19802 6214
19902 46896
20002 62188
20102 33291
20202 6964
20302 56506
20402 48750
20502 20884
20602 30679
20702 62594
20802 55507
20902 31978
21002 26114
21102 64548
21202 51530
21302 28080
21402 3792
21502 28456
21602 8320
21702 36155
21802 35686
21902 51773
22002 2348
22102 47538
22202 25840
22302 45733
22402 34991
22502 1571
22602 44360
22702 7791
22802 48992
22902 26591
23002 57186
23102 32359
23202 12980
23302 57131
23402 17852
23502 2796
23602 15382
23702 51954
23802 10892
23902 48402
24002 54133
24102 45153
24202 24952
24302 34664
24402 61830
24502 23032
24602 28515
24702 61106
24802 38386
24902 25534
25002 34651
25102 1850
25202 48109
25302 62071
25402 51399
25502 48708
25602 32305
25702 35466
25802 22567
25902 47536
26002 7374
26102 4207
26202 53400
26302 7742
26402 16527
26502 26608
26602 13185
26702 39206
26802 7761
26902 13049
27002 5980
27102 34351
27202 2744
27302 64082
27402 61486
27502 10530
27602 2616
27702 58520
27802 63052
27902 51000
28002 30633
28102 55046
28202 25411
28302 16675
28402 12095
28502 59553
28602 38074
28702 44207
28802 60810
28902 16397
29002 1987
29102 39920
29202 34588
29302 42456
29402 54484
29502 45522
29602 6899
29702 45558
29802 3638
29902 63108
30002 58611
30102 20073
30202 63940
30302 37585
30402 25059
30502 42053
30602 1822
30702 45045
30802 29644
30902 49436
31002 33522
31102 21433
31202 30835
31302 41783
31402 58410
31502 34505
31602 61321
31702 57432
31802 42081
31902 34297
32002 62758
32102 62295
32202 8544
32302 20814
32402 5744
32502 52426
32602 26634
32702 7504
32802 13362
32902 12636
33002 40850
33102 44403
33202 33424
33302 6526
33402 17977
33502 58291
33602 2587
33702 29294
33802 25492
33902 31521
34002 46753
34102 33854
34202 62007
34302 50608
34402 58293
34502 27927
34602 37941
34702 26028
34802 23744
34902 43260
35002 18131
35102 14733
35202 40186
35302 23318
35402 18317
35502 47659
35602 26905
35702 60278
35802 35215
35902 9473
36002 27232
36102 46835
36202 47722
36302 54389
36402 7086
36502 34903
36602 19084
36702 27735
36802 60790
36902 24654
37002 49986
37102 26351
37202 63154
37302 56465
37402 42700
37502 23996
37602 15065
37702 53607
37802 39772
37902 62510
38002 47525
38102 3054
38202 62051
38302 49757
38402 25461
38502 51146
38602 5906
38702 5739
38802 15501
38902 473
39002 40860
39102 58052
39202 7566
39302 54601
39402 50653
39502 9424
39602 46647
39702 43900
39802 28251
39902 28331
40002 14800
40102 879
40202 50636
40302 57596
40402 23188
40502 34553
40602 32778
40702 4965
40802 61684
40902 20634
41002 3125
41102 14342
41202 32662
41302 13191
41402 33862
41502 3538
41602 38684
41702 47594
41802 3498
41902 22633
42002 60476
