102 30458
202 12702
302 34576
402 52207
502 45891
602 9417
702 17074
802 64700
902 30858
1002 11685
1102 34082
1202 5068
1302 59661
1402 31313
1502 39985
1602 54893
1702 41355
1802 64566
1902 29191
2002 55455
2102 51102
2202 34073
2302 40555
2402 10755
2502 36727
2602 25854
2702 10124
2802 28609
2902 28230
3002 58120
3102 20751
3202 24731
3302 52823
3402 16995
3502 3825
3602 44652
3702 54371
3802 51922
3902 8320
4002 21130
4102 7245
4202 1885
4302 886
4402 50825
4502 37666
4602 26920
4702 39419
4802 835
4902 39200
5002 41380
5102 18911
5202 32241
5302 29216
5402 54216
5502 62755
5602 40836
5702 41331
5802 46411
5902 16916
6002 35326
6102 51709
6202 28176
6302 8312
6402 59634
6502 27522
6602 45813
6702 53260
6802 36321
6902 32353
7002 27109
7102 11241
7202 51612
7302 21190
7402 5561
7502 57927
7602 17060
7702 56520
7802 63708
7902 19060
8002 19498
8102 18791
8202 44748
8302 12998
8402 64897
8502 22410
8602 17629
8702 41002
8802 55894
8902 10119
9002 21701
9102 21091
9202 65207
9302 53533
9402 34280
9502 19689
9602 10424
9702 38424
9802 59491
9902 4357
10002 55108
10102 62580
10202 23729
10302 33841
10402 27523
10502 54805
10602 51306
10702 21301
10802 9012
10902 8484
11002 57368
11102 31049
11202 37578
11302 10558
11402 52507
11502 16674
11602 24140
11702 52285
11802 32679
11902 51715
12002 42165
12102 61802
12202 51906
12302 38974
12402 51926
12502 46832
12602 27170
12702 54297
12802 46947
12902 3185
13002 34759
13102 44682
13202 23849
13302 50369
13402 13613
13502 22152
13602 59828
13702 57197
13802 25987
13902 24975
14002 9859
14102 47262
14202 28725
14302 7256
14402 19878
14502 33826
14602 51596
14702 22870
14802 48774
14902 25649
15002 50403
15102 17758
15202 58342
15302 64568
15402 38323
15502 57262
15602 59008
15702 4638
15802 10505
15902 60574
16002 37917
16102 43763
16202 22814
16302 53069
16402 971
16502 56072
16602 47077
16702 12901
16802 3599
16902 19114
17002 1933
17102 14826
17202 39225
17302 46868
17402 43029
17502 57077
17602 14523
17702 2703
17802 49438
17902 26083
18002 44503
18102 56019
18202 43326
18302 24933
18402 13280
18502 13318
18602 45309
18702 34077
18802 14900
18902 6308
19002 7103
19102 58589
19202 61171
19302 23657
19402 10951
19502 63309
19602 55956
19702 56780
19802 50319
19902 60466
20002 52359
20102 11494
20202 47505
20302 41454
20402 36542
20502 18205
20602 40277
20702 34603
20802 41783
20902 56227
21002 61825
21102 16383
21202 22820
21302 6903
21402 27884
21502 47315
21602 18796
21702 27013
21802 20193
21902 19337
22002 32298
22102 32472
22202 46687
22302 57465
22402 52554
22502 4924
22602 35302
22702 13519
22802 7552
22902 58035
23002 4697
23102 6002
23202 18574
23302 35211
23402 25371
23502 28106
23602 64888
23702 6329
23802 55007
23902 17624
24002 28219
24102 5552
24202 19074
24302 18789
24402 732
24502 38379
24602 3991
24702 58553
24802 36809
24902 61136
25002 2131
25102 33670
25202 48913
25302 57873
25402 12504
25502 11997
25602 38480
25702 1287
25802 11365
25902 62278
26002 35265
26102 22035
26202 58145
26302 16181
26402 58913
26502 54900
26602 51233
26702 6789
26802 28506
26902 46569
27002 34321
27102 39954
27202 13709
27302 43457
27402 33967
27502 12896
27602 64809
27702 31203
27802 46683
27902 19155
28002 34367
28102 22296
28202 14157
28302 12896
28402 55100
28502 1736
28602 10418
28702 30929
28802 1610
28902 56471
29002 64622
29102 3492
29202 32204
29302 41129
29402 30751
29502 11309
29602 35235
29702 26679
29802 18801
29902 57528
30002 26048
30102 25100
30202 53949
30302 12861
30402 24413
30502 29243
30602 44130
30702 17719
30802 56106
30902 28736
31002 58688
31102 40540
31202 18749
31302 48854
31402 10031
31502 15778
31602 41370
31702 50507
31802 35944
31902 20770
32002 12616
32102 24802
32202 2278
32302 14996
32402 41380
32502 17601
32602 49491
32702 14658
32802 59079
32902 57975
33002 43813
33102 42299
33202 21200
33302 51755
33402 58460
33502 53451
33602 32988
33702 41485
33802 37864
33902 1209
34002 49180
34102 40848
34202 42442
34302 30864
34402 18174
34502 44241
34602 39532
34702 51711
34802 14410
34902 9908
35002 41846
35102 60259
35202 16459
35302 56350
35402 23317
35502 24970
35602 16785
35702 10886
35802 30232
35902 59030
36002 13782
36102 10294
36202 16257
36302 38321
36402 14727
36502 1609
36602 37216
36702 6928
36802 64142
36902 27764
37002 32602
37102 47410
37202 41884
37302 52342
37402 61530
37502 50719
37602 24146
37702 37929
37802 47162
37902 44376
38002 52524
38102 24245
38202 11746
38302 22524
38402 14085
38502 35323
38602 23583
38702 18025
38802 18668
38902 15689
39002 51633
39102 27762
39202 44611
39302 40216
39402 55539
39502 6400
39602 44351
39702 56058
39802 48253
39902 11258
40002 13502
40102 21347
40202 14020
40302 45152
40402 27334
40502 14939
40602 37655
40702 36722
40802 36802
40902 49406
41002 59821
41102 63741
41202 804
41302 29563
41402 25757
41502 24276
41602 30291
41702 51664
41802 12631
41902 25212
42002 32397
42102 36092
42202 52584
42302 58199
42402 1448
42502 64498
42602 8629
42702 8788
42802 41873
42902 2093
43002 34299
43102 51886
43202 1291
43302 52223
43402 5525
43502 21221
43602 37728
43702 22952
43802 33227
43902 55869
44002 38538
44102 29084
44202 39734
44302 30896
44402 50848
44502 8040
44602 2307
44702 23337
44802 60836
44902 9650
45002 63296
45102 58521
45202 37329
45302 35601
45402 42925
45502 63353
45602 28064
45702 29423
45802 41791
45902 38280
46002 50926
46102 963
46202 20439
46302 38669
46402 37417
46502 56459
46602 53274
46702 23293
46802 11256
46902 3749
47002 13186
47102 17747
47202 23968
47302 34057
47402 40969
47502 37091
47602 11167
47702 2560
47802 45771
47902 13973
48002 31980
48102 24001
48202 46350
48302 5357
48402 1883
48502 3062
48602 39291
48702 17727
48802 55878
48902 46503
49002 64908
49102 14087
49202 4668
49302 38931
49402 34649
49502 56375
49602 22096
49702 36154
49802 22205
49902 55335
50002 8520
50102 40242
50202 53399
50302 58968
50402 21297
50502 59940
50602 38837
50702 49601
50802 2197
50902 24460
51002 3528
51102 29713
51202 62518
51302 9153
51402 55426
51502 39051
51602 38797
51702 49657
51802 32548
51902 35411
52002 22277
52102 19736
52202 26528
52302 32088
52402 62509
52502 38160
52602 19167
52702 52795
52802 5913
52902 49242
53002 57429
53102 34041
53202 62462
53302 61276
53402 59650
53502 6372
53602 22105
53702 38281
53802 19570
53902 6563
54002 52855
54102 19059
54202 7334
54302 34997
54402 57178
54502 56051
54602 63906
54702 36628
54802 12334
54902 45048
55002 50537
55102 49496
55202 45218
55302 12017
55402 51108
55502 50972
55602 35905
55702 52898
55802 63188
55902 34368
56002 22052
56102 42503
56202 61287
56302 28130
56402 56117
56502 45524
56602 33919
56702 44134
56802 23236
56902 54837
57002 56155
57102 54709
57202 15170
57302 24952
57402 3166
57502 15264
57602 12028
57702 57166
57802 8596
57902 64089
58002 32545
58102 50728
58202 26786
58302 8839
58402 19326
58502 59804
58602 34084
58702 41395
58802 59612
58902 1915
59002 23430
59102 15913
59202 8509
59302 57983
59402 36049
59502 46393
59602 34829
59702 45601
59802 27017
59902 7389
60002 40918
60102 11043
60202 24506
60302 39403
60402 22601
60502 1979
60602 26403
60702 7075
60802 35619
60902 3430
61002 13955
61102 14305
61202 24355
61302 27673
61402 22029
61502 27144
61602 64957
61702 57238
61802 29919
61902 6826
62002 16064
62102 28635
62202 15243
62302 9122
62402 47657
62502 38073
62602 32777
62702 31420
62802 55620
62902 42584
63002 58342
63102 51701
63202 50029
63302 15530
63402 1550
63502 60240
63602 29039
63702 59369
63802 59563
63902 25126
64002 4081
64102 16312
64202 37108
64302 12203
64402 1669
64502 50057
64602 10857
64702 18263
64802 51857
64902 18389
65002 50106
65102 25480
65202 44459
65302 34952
65402 20212
65502 39550
65602 26387
65702 58579
65802 48676
65902 4171
66002 12520
66102 36793
66202 7919
66302 40974
66402 33501
66502 56132
66602 34404
66702 25731
66802 3229
66902 47338
67002 6096
67102 30914
67202 25143
67302 14786
67402 22442
67502 40575
67602 41533
67702 53623
67802 9390
67902 61331
68002 31286
68102 36748
68202 6235
68302 46913
68402 13987
68502 19889
68602 7265
68702 34420
68802 45345
68902 26877
69002 55572
69102 1414
69202 53890
69302 26501
69402 48947
69502 29967
69602 53550
69702 22968
69802 58626
69902 1928
70002 1140
70102 27855
70202 4806
70302 58498
70402 23211
70502 61545
70602 65401
70702 11963
70802 61006
70902 25279
71002 56886
71102 11296
71202 32927
71302 164
71402 11321
71502 28453
71602 8286
71702 4508
71802 19807
71902 55618
72002 21887
72102 13014
72202 7250
72302 24734
72402 13522
72502 30832
72602 8354
72702 23290
72802 61305
72902 14896
73002 28989
73102 11401
73202 20861
73302 41016
73402 29371
73502 31884
73602 38952
73702 53072
73802 5614
73902 22908
74002 38001
74102 16682
74202 3501
74302 14828
74402 59200
74502 33543
74602 9301
74702 45396
74802 17929
74902 12967
75002 36162
75102 19159
75202 55426
75302 21396
75402 35398
75502 62676
75602 50515
75702 12992
75802 1212
75902 60108
76002 65516
76102 26591
76202 54357
76302 55363
76402 22265
76502 11444
76602 48014
76702 26300
76802 9886
76902 28437
77002 18825
77102 1097
77202 57630
77302 55778
77402 8864
77502 5329
77602 34763
77702 57166
77802 52881
77902 21841
78002 11530
78102 20801
78202 45198
78302 59716
78402 13408
78502 26157
78602 45623
78702 23542
78802 43786
78902 42063
79002 3910
79102 1493
79202 8753
79302 63694
79402 14797
79502 11279
79602 55541
79702 17196
79802 9281
79902 45092
80002 3689
80102 7698
80202 62105
80302 22576
80402 47644
80502 36095
80602 234
80702 40096
80802 31137
80902 57108
81002 27376
81102 56324
81202 47754
81302 840
81402 7107
81502 8523
81602 51720
81702 48649
81802 2687
81902 46550
82002 45012
82102 47590
82202 34822
82302 31216
82402 27826
82502 35142
82602 24259
82702 5232
82802 51576
82902 56992
83002 13341
83102 50663
83202 48254
83302 35308
83402 40500
83502 28630
83602 26393
83702 59417
83802 37866
83902 21424
84002 64231
84102 42515
84202 22829
84302 18534
84402 15564
84502 33891
84602 13635
84702 31014
84802 7659
84902 21087
85002 63797
85102 3715
85202 18897
85302 8722
85402 17066
85502 425
85602 49843
85702 60208
85802 59730
85902 58263
86002 26080
86102 60590
86202 30242
86302 3277
86402 13690
86502 42361
86602 56922
86702 59638
86802 56567
86902 57972
87002 21969
87102 54104
87202 10085
87302 62964
87402 53413
87502 46628
87602 37586
87702 38126
87802 53854
87902 7018
88002 60544
88102 57275
88202 47840
88302 2042
88402 46582
88502 22678
88602 38551
88702 23909
88802 23385
88902 13264
89002 11203
89102 4635
89202 51354
89302 22113
89402 8833
89502 10507
89602 35696
89702 5163
89802 23359
89902 22593
90002 45980
90102 33792
