102 28994
202 22667
302 9053
402 33578
502 59524
602 11604
702 57866
802 20007
902 49332
1002 12464
1102 33259
1202 17152
1302 59305
1402 57172
1502 11521
1602 24623
1702 27157
1802 16778
1902 25729
2002 37809
2102 30282
2202 29456
2302 36642
2402 30994
2502 47894
2602 39233
2702 30399
2802 41130
2902 14995
3002 29718
3102 61579
3202 45397
3302 42210
3402 22534
3502 55694
3602 59309
3702 56360
3802 51937
3902 36326
4002 27044
4102 13147
4202 46478
4302 34944
4402 14773
4502 9264
4602 41375
4702 47809
4802 47226
4902 18452
5002 42823
5102 23176
5202 45048
5302 27702
5402 278
5502 39355
5602 28783
5702 21512
5802 16944
5902 49563
6002 54320
6102 43288
6202 46396
6302 10698
6402 19090
6502 20128
6602 21193
6702 27001
6802 48701
6902 2047
7002 54086
7102 65010
7202 7062
7302 13159
7402 13138
7502 8699
7602 42140
7702 10721
7802 52483
7902 55951
8002 7345
8102 49704
8202 44799
8302 36838
8402 5544
8502 20824
8602 38547
8702 57922
8802 24173
8902 58151
9002 44719
9102 24863
9202 47083
9302 55241
9402 59269
9502 40129
9602 648
9702 28514
9802 5490
9902 29615
10002 25099
10102 40418
10202 8096
10302 14288
10402 25628
10502 61698
10602 64210
10702 47854
10802 32219
10902 15941
11002 49914
11102 8609
11202 49716
11302 53162
11402 21026
11502 42771
11602 56063
11702 18598
11802 1726
11902 29337
12002 32192
12102 51176
12202 21974
12302 3274
12402 51787
12502 56966
12602 35025
12702 59961
12802 25182
12902 61716
13002 52989
13102 17451
13202 51005
13302 26359
13402 53067
13502 22758
13602 17995
13702 65296
13802 55579
13902 49208
14002 13969
14102 12978
14202 61904
14302 64214
14402 31539
14502 64799
14602 14915
14702 61806
14802 59935
14902 1378
15002 58600
15102 29115
15202 2672
15302 47647
15402 62447
15502 5210
15602 24103
15702 39480
15802 25035
15902 15046
16002 35194
16102 29009
16202 30437
16302 11679
16402 57937
16502 5272
16602 11012
16702 49257
16802 27508
16902 7570
17002 54587
17102 41409
17202 33825
17302 42415
17402 8681
17502 25503
17602 23112
17702 42035
17802 12816
17902 42410
18002 17416
18102 1278
18202 15228
18302 61769
18402 1676
18502 33129
18602 5127
18702 23940
18802 52311
18902 34623
19002 290
19102 37351
19202 33184
19302 32390
19402 19259
19502 23513
19602 24215
19702 49837
19802 17763
19902 53592
20002 8489
20102 25280
20202 31599
20302 65273
20402 28056
20502 374
20602 50755
20702 45297
20802 33172
20902 31527
21002 39247
21102 65061
21202 20885
21302 52035
21402 5061
21502 27117
21602 35273
21702 48498
21802 1503
21902 54701
22002 6722
22102 61343
22202 34579
22302 41674
22402 22429
22502 62435
22602 12716
22702 24089
22802 56934
22902 47072
23002 33045
23102 3816
23202 52915
23302 43656
23402 36111
23502 32434
23602 65383
23702 21617
23802 49528
23902 4257
24002 7261
24102 3249
24202 3358
24302 55834
24402 22848
24502 34617
24602 42292
24702 46671
24802 1074
24902 33628
25002 30146
25102 24823
25202 55867
25302 50739
25402 6720
25502 24373
25602 63369
25702 61838
25802 61338
25902 1270
26002 2605
26102 34494
26202 40799
26302 57265
26402 63810
26502 29830
26602 57667
26702 62366
26802 55210
26902 56259
27002 12544
27102 61905
27202 22760
27302 7492
27402 45459
27502 55754
27602 64872
27702 29967
27802 25591
27902 47591
28002 29060
28102 56525
28202 59277
28302 11136
28402 54009
28502 5296
28602 38863
28702 50259
28802 62492
28902 45147
29002 43150
29102 42019
29202 47901
29302 17440
29402 12381
29502 4509
29602 4478
29702 7144
29802 58956
29902 32789
30002 34797
30102 15238
30202 58954
30302 55522
30402 12015
30502 27018
30602 49833
30702 17490
30802 64072
30902 42946
31002 37882
31102 1344
31202 52406
31302 28116
31402 34
31502 31293
31602 3850
31702 10252
31802 32463
31902 63951
32002 41612
32102 15725
32202 38994
32302 58495
32402 55867
32502 44289
32602 44369
32702 32443
32802 54838
32902 10818
33002 50777
33102 27683
33202 9194
33302 40305
33402 29299
33502 54740
33602 8385
33702 28941
33802 16192
33902 37151
34002 61424
34102 18766
34202 61472
34302 19820
34402 59869
34502 48146
34602 51776
34702 56264
34802 44547
34902 28935
35002 43511
35102 60040
35202 28035
35302 56697
35402 56141
35502 19564
35602 42059
35702 17135
35802 33371
35902 45970
36002 23346
36102 45394
36202 34765
36302 38863
36402 21165
36502 60512
36602 53248
36702 382
36802 62482
36902 59735
37002 51160
37102 38989
37202 8612
37302 24262
37402 64035
37502 24079
37602 20910
37702 11959
37802 22215
37902 30017
38002 29122
38102 17567
38202 19517
38302 31560
38402 39914
38502 26495
38602 21711
38702 65195
38802 38677
38902 61454
39002 57027
39102 37135
39202 50380
39302 38047
39402 2605
39502 20481
39602 58287
39702 16112
39802 27989
39902 6649
40002 39045
40102 13575
40202 22880
40302 54487
40402 9509
40502 48775
40602 36386
40702 63331
40802 21591
40902 26296
41002 34077
41102 56425
41202 39761
41302 56959
41402 56488
41502 59137
41602 6205
41702 61579
41802 13761
41902 45699
42002 56719
42102 4761
42202 4064
42302 4515
42402 4104
42502 2786
42602 58831
42702 27144
42802 19790
42902 63301
43002 14673
43102 60852
43202 46146
43302 30351
43402 45661
43502 33840
43602 20479
43702 5209
43802 36547
43902 54930
44002 36179
44102 37059
44202 30474
44302 54269
44402 51779
44502 56477
44602 13012
44702 54350
44802 2972
44902 38173
45002 20422
45102 28406
45202 42012
45302 8444
45402 6053
45502 13687
45602 24701
45702 34355
45802 26882
45902 13208
46002 47630
46102 11514
46202 53969
46302 34845
46402 44935
46502 12840
46602 56136
46702 9251
46802 8426
46902 31070
47002 5593
47102 44122
47202 11179
47302 33276
47402 15698
47502 57165
47602 12474
47702 56097
47802 18780
47902 7347
48002 58201
48102 43799
48202 1945
48302 51265
48402 37683
48502 37505
48602 49555
48702 37646
48802 44823
48902 10138
49002 20538
49102 16788
49202 16133
49302 55694
49402 30332
49502 24642
49602 3638
49702 17089
49802 10802
49902 1631
50002 44008
50102 21604
50202 6592
50302 34385
50402 17056
50502 45246
50602 11741
50702 60841
50802 8683
50902 58151
51002 52344
51102 60645
51202 10023
51302 59588
51402 44197
51502 7643
51602 51359
51702 47540
51802 24280
51902 10829
52002 19252
52102 47954
52202 49979
52302 55997
52402 23913
52502 13571
52602 39427
52702 19193
52802 46588
52902 46942
53002 63609
53102 51364
53202 60821
53302 33943
53402 39513
53502 44360
53602 44820
53702 25996
53802 22646
53902 19941
54002 22703
54102 31234
54202 17555
54302 41622
54402 5426
54502 38563
54602 42891
54702 41728
54802 37826
54902 35991
55002 61935
55102 59516
55202 21931
55302 1550
55402 10132
55502 17547
55602 2084
55702 19671
55802 15744
55902 54919
56002 20449
56102 62350
56202 51676
56302 33958
56402 44522
56502 28301
56602 56487
56702 52589
56802 31493
56902 25311
57002 57071
57102 52433
57202 33382
57302 7717
57402 3754
57502 29853
57602 10873
57702 42064
57802 26381
57902 18496
58002 9580
58102 37405
58202 33042
58302 58902
58402 22031
58502 43344
58602 52683
58702 26361
58802 20623
58902 14407
59002 56250
59102 22317
59202 5948
59302 32813
59402 33352
59502 35337
59602 40445
59702 11000
59802 12810
59902 51118
60002 46300
60102 18802
60202 23307
60302 55750
60402 56765
60502 28994
60602 1885
60702 9011
60802 25936
60902 64161
61002 39182
61102 35060
61202 18518
61302 22734
61402 17546
61502 31105
61602 38398
61702 23144
61802 52690
61902 9605
62002 59461
62102 5169
62202 60843
62302 25196
62402 5251
62502 24694
62602 63701
62702 63244
62802 12713
62902 56688
63002 61152
63102 38525
63202 40660
63302 8333
63402 10272
63502 26180
63602 56912
63702 30322
63802 47572
63902 6894
64002 187
64102 18566
64202 33938
64302 51194
64402 42836
64502 13755
64602 60675
64702 50093
64802 41159
64902 11313
65002 65444
65102 49393
65202 27226
65302 52287
65402 26072
65502 18869
65602 44195
65702 50923
65802 4035
65902 39492
66002 56393
66102 19619
66202 32101
66302 260
66402 14351
66502 41582
66602 55218
66702 46183
66802 20643
66902 10785
67002 1630
67102 52751
67202 6704
67302 53924
67402 51695
67502 63251
67602 14990
67702 63609
67802 63725
67902 5229
68002 2617
68102 16391
68202 11177
68302 51679
68402 62809
68502 42201
68602 60064
68702 55834
68802 54172
68902 44028
69002 14100
69102 40842
69202 456
69302 44648
69402 21731
69502 65117
69602 44207
69702 32429
69802 56758
69902 19735
70002 61828
70102 56864
70202 37680
70302 14369
70402 39410
70502 39293
70602 53861
70702 24262
70802 9060
70902 61312
71002 54645
71102 60407
71202 8131
71302 58579
71402 18724
71502 7896
71602 40368
71702 4498
71802 2093
71902 57000
72002 25955
72102 8538
72202 61803
72302 28084
72402 38314
72502 32335
72602 32442
72702 26160
72802 41109
72902 58080
73002 20284
73102 37491
73202 34280
73302 42704
73402 24623
73502 33299
73602 56123
73702 25702
73802 62613
73902 29833
74002 36639
74102 38624
74202 4437
74302 5159
74402 55324
74502 22561
74602 65228
74702 36949
74802 64281
74902 9723
75002 52438
75102 35116
75202 34756
75302 44374
75402 54053
75502 61176
75602 50586
75702 10778
75802 18021
75902 13182
76002 61056
76102 56427
76202 12543
76302 50301
76402 15666
76502 36816
76602 8795
76702 57513
76802 33507
76902 16191
77002 38843
77102 48326
77202 40815
77302 24764
77402 32847
77502 9254
77602 60479
77702 53088
77802 55797
77902 21091
78002 65254
78102 24007
78202 22282
78302 48282
78402 2197
78502 47646
78602 17473
78702 7081
78802 12387
78902 12324
79002 9452
79102 2327
79202 19963
79302 51969
79402 47775
79502 52366
79602 37604
79702 43688
79802 1325
79902 9441
80002 8317
80102 9243
80202 20305
80302 39238
80402 22099
80502 833
80602 48847
80702 23739
80802 44732
80902 661
81002 59795
81102 58106
81202 33352
81302 2635
81402 41348
81502 28258
81602 13993
81702 22798
81802 35137
81902 45862
82002 13670
82102 15453
82202 15721
82302 44753
82402 44342
82502 62288
82602 20870
82702 4672
82802 61803
82902 4687
83002 29863
83102 17699
83202 55704
83302 14287
83402 43102
83502 49457
83602 36166
83702 26526
83802 49542
83902 14384
84002 44258
84102 53103
84202 25405
84302 19114
84402 63026
84502 63820
84602 50851
84702 49667
84802 1634
84902 11501
85002 15071
85102 35180
85202 6837
85302 42208
85402 63811
85502 718
85602 57232
85702 40877
85802 53118
85902 39440
86002 57058
86102 22518
86202 49849
86302 18445
86402 65217
86502 62229
86602 23232
86702 25338
86802 16891
86902 1194
87002 52749
87102 62381
87202 1240
87302 18785
87402 2630
87502 17906
87602 2498
87702 53440
87802 59631
87902 64286
88002 44297
88102 60401
88202 26819
88302 57627
88402 26417
88502 4744
88602 13827
88702 39924
88802 1661
88902 50713
89002 24794
89102 43786
89202 27244
89302 34873
89402 47143
89502 20704
89602 26542
89702 53065
89802 64126
89902 45009
90002 18904
90102 44039
90202 22230
