102 40562
202 51154
302 44152
402 7246
502 55966
602 26367
702 58696
802 38086
902 53473
1002 4587
1102 56694
1202 41680
1302 4337
1402 26274
1502 30595
1602 64351
1702 21005
1802 39650
1902 27388
2002 11747
2102 54052
2202 48214
2302 48039
2402 5723
2502 56690
2602 51241
2702 28814
2802 16786
2902 38680
3002 25437
3102 8687
3202 22901
3302 55742
3402 7656
3502 50264
3602 60247
3702 63652
3802 47203
3902 61307
4002 43377
4102 31469
4202 8760
4302 58569
4402 47539
4502 60376
4602 47991
4702 62847
4802 19771
4902 12404
5002 36970
5102 15613
5202 5127
5302 8912
5402 26743
5502 22736
5602 13355
5702 30031
5802 56534
5902 21928
6002 26258
6102 3090
6202 26629
6302 6646
6402 18998
6502 27600
6602 33897
6702 7422
6802 20632
6902 3246
7002 22582
7102 9218
7202 56501
7302 10977
7402 63775
7502 19757
7602 29616
7702 61461
7802 28862
7902 13232
8002 19059
8102 4340
8202 51574
8302 62858
8402 21536
8502 10091
8602 13742
8702 17911
8802 57123
8902 316
9002 14117
9102 13766
9202 57822
9302 10280
9402 16761
9502 52027
9602 59688
9702 1020
9802 9804
9902 17712
10002 4282
10102 37017
10202 27127
10302 42672
10402 41184
10502 7778
10602 64218
10702 11942
10802 38449
10902 6690
11002 22286
11102 21508
11202 61495
11302 16062
11402 8252
11502 17095
11602 29359
11702 27967
11802 7105
11902 8055
12002 53626
12102 31761
12202 24650
12302 63107
12402 59360
12502 14962
12602 36196
12702 48826
12802 5735
12902 41901
13002 64588
13102 20890
13202 60690
13302 31339
13402 31331
13502 62419
13602 6945
13702 2529
13802 37793
13902 43411
14002 50318
14102 31246
14202 28386
14302 63781
14402 26092
14502 19632
14602 48264
14702 54389
14802 29839
14902 49328
15002 15812
15102 19281
15202 35121
15302 11491
15402 35243
15502 6181
15602 59656
15702 12218
15802 50304
15902 59152
16002 21777
16102 6537
16202 3846
16302 25642
16402 17755
16502 36215
16602 59571
16702 35351
16802 30100
16902 24914
17002 2613
17102 20829
17202 558
17302 60809
17402 63100
17502 8831
17602 41975
17702 65370
17802 18972
17902 23809
18002 54804
18102 56555
18202 20861
18302 20279
18402 31850
18502 47990
18602 38241
18702 8169
18802 34288
18902 53126
19002 40326
19102 21303
19202 38905
19302 53446
19402 46382
19502 1602
19602 13626
19702 17157
19802 37427
19902 14391
20002 58272
20102 19863
20202 33556
20302 19353
20402 54047
20502 55299
20602 62486
20702 31603
20802 48233
20902 14883
21002 42737
21102 50119
21202 36789
21302 35147
21402 19483
21502 64630
21602 44418
21702 17332
21802 57207
21902 25401
22002 55308
22102 4416
22202 29308
22302 64077
22402 47602
22502 56493
22602 45526
22702 44576
22802 41003
22902 32622
23002 43059
23102 36998
23202 16764
23302 15068
23402 53843
23502 45931
23602 831
23702 4981
23802 59071
23902 3551
24002 26161
24102 2537
24202 44394
24302 23132
24402 47381
24502 2715
24602 6943
24702 34278
24802 4589
24902 21877
25002 25674
25102 27635
25202 17114
25302 38159
25402 31775
25502 5006
25602 38862
25702 9473
25802 23274
25902 59313
26002 60758
26102 49177
26202 14161
26302 52599
26402 43611
26502 34665
26602 3580
26702 6483
26802 34504
26902 2885
27002 49398
27102 47777
27202 26701
27302 60350
27402 34652
27502 9109
27602 26103
27702 24328
27802 27622
27902 47270
28002 29333
28102 18961
28202 61582
28302 50449
28402 40732
28502 4509
28602 29140
28702 12164
28802 13825
28902 24014
29002 4664
29102 20505
29202 55047
29302 18142
29402 25335
29502 15339
29602 12323
29702 62564
29802 19002
29902 5136
30002 60502
30102 13228
30202 30595
30302 41928
30402 1896
30502 34901
