102 50090
202 27485
302 13473
402 6200
502 49491
602 43479
702 61771
802 41089
902 19764
1002 28822
1102 57673
1202 47264
1302 18307
1402 25416
1502 30381
1602 38738
1702 57985
1802 64627
1902 33607
2002 36974
2102 62360
2202 51708
2302 20634
2402 49439
2502 60854
2602 7968
2702 50942
2802 11609
2902 41982
3002 9840
3102 62544
3202 11875
3302 2751
3402 33279
3502 46670
3602 785
3702 36265
3802 64822
3902 27362
4002 14575
4102 14966
4202 2514
4302 55341
4402 22033
4502 244
4602 37700
4702 5723
4802 15009
4902 29947
5002 54167
5102 33562
5202 10255
5302 28356
5402 16684
5502 61056
5602 51334
5702 17909
5802 35904
5902 16777
6002 12814
6102 57949
6202 63438
6302 48349
6402 57271
6502 53824
6602 2567
6702 36764
6802 11233
6902 15364
7002 53608
7102 9776
7202 8325
7302 42569
7402 28142
7502 21537
7602 40176
7702 63990
7802 31125
7902 19586
8002 58783
8102 58135
8202 60237
8302 61800
8402 28784
8502 46138
8602 14593
8702 59703
8802 28013
8902 34010
9002 20906
9102 31230
9202 61033
9302 7889
9402 36030
9502 12939
9602 15387
9702 29692
9802 14475
9902 47620
10002 20601
10102 40103
10202 12259
10302 11490
10402 40798
10502 57149
10602 64986
10702 58781
10802 2943
10902 35512
11002 18770
11102 39209
11202 19034
11302 10205
11402 30428
11502 47601
11602 54739
11702 42964
11802 45306
11902 24483
12002 55352
12102 39464
12202 1396
12302 31363
12402 31461
12502 22727
12602 16906
12702 26911
12802 48088
12902 22700
13002 36709
13102 22650
13202 5806
13302 14599
13402 7570
13502 59936
13602 32492
13702 32164
13802 15441
13902 4849
14002 38399
14102 51962
14202 53023
14302 54605
14402 32216
14502 24681
14602 35623
14702 13138
14802 28694
14902 37012
15002 18326
15102 54707
15202 21096
15302 3145
15402 27446
15502 26325
15602 20230
15702 65041
15802 10125
15902 49438
16002 45934
16102 44938
16202 24276
16302 31025
16402 62849
16502 8490
16602 22627
16702 22749
16802 26122
16902 38998
17002 27010
17102 58498
17202 28997
17302 43897
17402 41834
17502 35805
17602 3510
17702 30336
17802 46359
17902 15025
18002 11005
18102 35037
18202 15121
18302 40284
18402 8097
18502 48960
18602 14348
18702 13281
18802 43755
18902 62943
19002 11118
19102 16087
19202 63973
19302 29259
19402 2501
19502 29608
19602 45227
19702 2878
19802 41525
19902 47641
20002 59572
20102 24189
20202 28763
20302 42997
20402 15167
20502 22070
20602 47137
20702 63188
20802 54940
20902 18179
21002 10977
21102 49368
21202 46965
21302 20875
21402 41646
21502 64472
21602 32922
21702 65064
21802 63518
21902 62363
22002 42325
22102 36328
22202 12844
22302 45337
22402 41016
22502 22619
22602 16731
22702 46251
22802 54304
22902 54000
23002 53956
23102 30596
23202 42968
23302 13399
23402 12842
23502 63033
23602 63159
23702 6725
23802 43897
23902 54883
24002 46783
24102 18600
24202 40095
24302 45076
24402 15026
24502 9377
24602 21330
24702 54161
24802 18073
24902 2995
25002 37582
25102 51445
25202 35610
25302 54041
25402 12969
25502 60439
25602 30476
25702 63354
25802 10194
25902 31974
26002 9456
26102 39670
26202 10693
26302 10568
26402 60876
26502 29007
26602 59832
26702 39372
26802 29256
26902 11738
27002 1754
27102 26821
27202 3661
27302 61573
27402 59397
27502 56263
27602 58561
27702 58675
27802 34079
27902 8305
28002 5885
28102 8797
28202 37277
28302 28186
28402 39590
28502 62726
28602 25838
28702 46267
28802 45347
28902 56786
29002 49014
29102 42274
29202 1884
29302 4369
29402 11174
29502 61795
29602 28925
29702 45687
29802 37202
29902 43761
30002 26303
30102 25274
30202 18308
30302 36640
30402 20854
30502 52397
30602 38421
30702 7981
30802 8756
30902 2185
31002 12057
31102 18938
31202 26882
31302 8741
31402 25012
31502 54438
31602 29390
31702 22895
