102 36536
202 23452
302 35435
402 37152
502 40348
602 40044
702 44819
802 12736
902 44058
1002 49074
1102 56704
1202 62510
1302 31932
1402 64849
1502 45942
1602 6
1702 21451
1802 35230
1902 41450
2002 16313
2102 4303
2202 41204
2302 63756
2402 55428
2502 37496
2602 4928
2702 35087
2802 28359
2902 43235
3002 30920
3102 32779
3202 7742
3302 7290
3402 43456
3502 27659
3602 16555
3702 40111
3802 29178
3902 20682
4002 364
4102 63182
4202 56380
4302 5985
4402 33121
4502 32453
4602 20369
4702 57456
4802 12413
4902 48249
5002 62379
5102 9399
5202 4835
5302 38814
5402 19424
5502 25027
5602 10520
5702 47687
5802 32878
5902 32680
6002 53986
6102 25338
6202 21156
6302 13823
6402 9169
6502 52962
6602 7470
6702 19827
6802 33658
6902 46042
7002 26301
7102 3837
7202 42031
7302 20523
7402 5110
7502 57836
7602 35579
7702 59670
7802 46068
7902 29024
8002 35506
8102 35930
8202 27317
8302 18740
8402 34708
8502 339
8602 40643
8702 59378
8802 1672
8902 57609
9002 50870
9102 35874
9202 27987
9302 40784
9402 17631
9502 12269
9602 33520
9702 1286
9802 37693
9902 58808
10002 31025
10102 29044
10202 48845
10302 20768
10402 10679
10502 53832
10602 58923
10702 1656
10802 48752
10902 14979
11002 18464
11102 41542
11202 63782
11302 25069
11402 43489
11502 8543
11602 26698
11702 16978
11802 65511
11902 55865
12002 64339
12102 56653
12202 33712
12302 60003
12402 61586
12502 58053
12602 14423
12702 18925
12802 29326
12902 57616
13002 61329
13102 28936
13202 24690
13302 21727
13402 62962
13502 27387
13602 39212
13702 49326
13802 4564
13902 44964
14002 1770
14102 30270
14202 61860
14302 35645
14402 52619
14502 49233
14602 20209
14702 3996
14802 35225
14902 28344
15002 61268
15102 22000
15202 12063
15302 42150
15402 13893
15502 41777
15602 15680
15702 43031
15802 24910
15902 32222
16002 30133
16102 12765
16202 59261
16302 14927
16402 28169
16502 18994
16602 37942
16702 63425
16802 20201
16902 8247
17002 46952
17102 45182
17202 16521
17302 40404
17402 65098
17502 8510
17602 44943
17702 48121
17802 34223
17902 1750
18002 34615
18102 35477
18202 8603
18302 56990
18402 19387
18502 37805
18602 64786
18702 9504
18802 28904
18902 55942
19002 40330
19102 13546
19202 60963
19302 7882
19402 4469
19502 58114
19602 21527
19702 43005
19802 10358
19902 47578
20002 31731
20102 64958
20202 48699
20302 45353
20402 45342
20502 13948
20602 64635
20702 54150
20802 55347
20902 38400
21002 7203
21102 11727
21202 10207
21302 60690
21402 48326
21502 2592
21602 16609
21702 46030
21802 1109
21902 55051
22002 13822
22102 27486
22202 42237
22302 41043
22402 5695
22502 25576
22602 6004
22702 7127
22802 49018
22902 36183
23002 20216
23102 35787
23202 49462
23302 7784
23402 49457
23502 37695
23602 16536
23702 14386
23802 22939
23902 4875
24002 37547
24102 18382
24202 6798
24302 17358
24402 1886
24502 24716
24602 50226
24702 47251
24802 62063
24902 43526
25002 2620
25102 65022
25202 26328
25302 30068
25402 31009
25502 240
25602 63655
25702 46456
25802 3244
25902 28932
26002 51898
26102 44108
26202 11411
26302 53648
26402 59741
26502 27462
26602 60135
26702 44619
26802 16282
26902 11560
27002 40510
27102 30877
27202 16514
27302 39949
27402 15224
27502 7300
27602 48314
27702 9984
27802 1682
27902 28940
28002 45439
28102 50554
28202 47235
28302 45547
28402 5895
28502 29178
28602 45774
28702 56296
28802 56680
28902 18800
29002 5449
29102 59726
29202 29083
29302 47616
29402 31667
29502 18030
29602 28986
29702 53189
29802 6298
29902 51001
30002 62366
30102 5146
30202 59357
30302 21466
30402 11521
30502 28728
30602 46846
30702 21215
30802 19204
30902 56679
31002 20575
31102 38723
31202 33933
31302 18270
31402 40792
31502 51092
31602 45990
31702 36323
31802 25824
31902 25892
32002 201
32102 38992
32202 25109
32302 58694
32402 64603
32502 45659
32602 54154
32702 42441
32802 51917
32902 20951
33002 59397
33102 1357
33202 46697
33302 13627
33402 36819
33502 56103
33602 24624
33702 52624
33802 52834
33902 2169
34002 17252
34102 32814
34202 9210
34302 21070
34402 24248
34502 49837
34602 35647
34702 42103
34802 24440
34902 32010
35002 19992
35102 17371
35202 14283
