102 19023
202 57163
302 36460
402 37635
502 14817
602 19324
702 1080
802 2512
902 32920
1002 42411
1102 30476
1202 6691
1302 50615
1402 2151
1502 34324
1602 42667
1702 25680
1802 61254
1902 38854
2002 13399
2102 18258
2202 3931
2302 26299
2402 57908
2502 9169
2602 33411
2702 47887
2802 40224
2902 57409
3002 47468
3102 31956
3202 13505
3302 25319
3402 16017
3502 55857
3602 42167
3702 54416
3802 6149
3902 26452
4002 23574
4102 5871
4202 44012
4302 51669
4402 14573
4502 31382
4602 22928
4702 23592
4802 53894
4902 24558
5002 52709
5102 62410
5202 54146
5302 41766
5402 54321
5502 22743
5602 24539
5702 25872
5802 57214
5902 44221
6002 54405
6102 464
6202 37872
6302 65035
6402 28987
6502 53637
6602 25952
6702 1756
6802 10423
6902 32724
7002 12201
7102 35131
7202 56537
7302 16760
7402 17128
7502 4288
7602 18423
7702 46217
7802 18427
7902 59489
8002 60218
8102 50546
8202 3107
8302 4430
8402 322
8502 6741
8602 18499
8702 3484
8802 61014
8902 10652
9002 6541
9102 29935
9202 221
9302 33477
9402 36213
9502 1300
9602 3146
9702 50898
9802 2565
9902 3131
10002 58193
10102 34573
10202 30596
10302 35727
10402 63805
10502 43305
10602 5332
10702 59121
10802 3583
10902 56490
11002 26742
11102 56003
11202 20241
11302 5489
11402 62572
11502 50440
11602 28717
11702 31145
11802 43644
11902 8721
12002 48161
12102 34232
12202 62755
12302 48061
12402 40133
12502 7126
12602 6795
12702 21079
12802 30322
12902 23872
13002 56324
13102 21498
13202 8189
13302 45937
13402 60507
13502 61217
13602 59311
13702 20708
13802 50754
13902 51077
14002 12109
14102 13067
14202 62039
14302 29388
14402 27976
14502 7760
14602 38790
14702 10727
14802 50455
14902 50243
15002 18833
15102 3456
15202 38135
15302 12705
15402 7802
15502 58426
15602 50974
15702 13327
15802 22108
15902 23163
16002 50871
16102 60933
16202 49040
16302 57709
16402 14707
16502 11895
16602 24568
16702 7521
16802 6842
16902 40635
17002 55199
17102 2341
17202 45415
17302 24149
17402 35115
17502 38531
17602 32874
17702 7827
17802 34442
17902 55242
18002 44341
18102 55674
18202 30914
18302 53164
18402 65064
18502 53678
18602 28311
18702 41587
18802 10371
18902 8005
19002 5747
19102 14552
19202 21907
19302 38653
19402 39336
19502 14169
19602 29069
19702 60586
19802 47330
19902 43431
20002 58227
20102 19976
20202 29932
20302 33673
20402 38572
20502 26320
20602 59282
20702 562
20802 45908
20902 63390
21002 18085
21102 40573
21202 56725
21302 29936
21402 35527
21502 51202
21602 49149
21702 3205
21802 41056
21902 42394
22002 39127
22102 21458
22202 57650
22302 43511
22402 59226
22502 64739
22602 55625
22702 42835
22802 52699
22902 45408
23002 21338
23102 38057
23202 62017
23302 51466
23402 29547
23502 2467
23602 37598
23702 23658
23802 27904
23902 19047
24002 41525
24102 8084
24202 39063
24302 48917
24402 18063
24502 21893
24602 26837
24702 54894
24802 43254
24902 41287
25002 56099
25102 35129
25202 3786
25302 13830
25402 39061
25502 54694
25602 61677
25702 4265
25802 38387
25902 14172
26002 35599
26102 50986
26202 35704
26302 24877
26402 57016
26502 30992
26602 8402
26702 58240
26802 2941
26902 25119
27002 41639
27102 43106
27202 60978
27302 24535
27402 28668
27502 39682
27602 57176
27702 33133
27802 35385
27902 32546
28002 44875
28102 20008
28202 64734
28302 50892
28402 22476
28502 42702
28602 19465
28702 3654
28802 46373
28902 35609
29002 11461
29102 5573
29202 49487
29302 41051
29402 59609
29502 32230
29602 20336
29702 54054
29802 21939
29902 9003
30002 29010
30102 7209
30202 13708
30302 16919
30402 41914
30502 60552
30602 51557
30702 19611
30802 1168
30902 4915
31002 11031
31102 3645
31202 45163
31302 41991
31402 1871
31502 51844
31602 28009
31702 54529
31802 2462
31902 33795
32002 3637
32102 46818
32202 63457
32302 3654
32402 13803
32502 59065
32602 7035
32702 29816
32802 41512
32902 30568
33002 51767
