102 33734
202 3358
302 37301
402 21294
502 24673
602 25577
702 56412
802 62171
902 2987
1002 43224
1102 38353
1202 8825
1302 1793
1402 6865
1502 65084
1602 34452
1702 40502
1802 56873
1902 8247
2002 22741
2102 12664
2202 37508
2302 30839
2402 57683
2502 58699
2602 1465
2702 43622
2802 44542
2902 40018
3002 12640
3102 40558
3202 16993
3302 11345
3402 16365
3502 1374
3602 49552
3702 5953
3802 43541
3902 45985
4002 55801
4102 64438
4202 9678
4302 57552
4402 43851
4502 10634
4602 1872
4702 19811
4802 61699
4902 51556
5002 50639
5102 1543
5202 16981
5302 61257
5402 34834
5502 30881
5602 52744
5702 52859
5802 19581
5902 58836
6002 9748
6102 43010
6202 38476
6302 34895
6402 21045
6502 65288
6602 17641
6702 5165
6802 3978
6902 53010
7002 12073
7102 2795
7202 13222
7302 45937
7402 18109
7502 25524
7602 47294
7702 49481
7802 62772
7902 12956
8002 52594
8102 5732
8202 21711
8302 39241
8402 30122
8502 60838
8602 59132
8702 31158
8802 33652
8902 9784
9002 20992
9102 41595
9202 24349
9302 24990
9402 53178
9502 33523
9602 9687
9702 47317
9802 5420
9902 35323
10002 29212
10102 10307
10202 3080
10302 307
10402 25180
10502 38324
10602 53335
10702 32985
10802 52874
10902 41476
11002 4519
11102 10014
11202 62608
11302 30195
11402 61909
11502 30933
11602 37895
11702 13931
11802 53519
11902 61680
12002 63862
12102 33102
12202 54594
12302 48203
12402 55082
12502 58333
12602 22329
12702 49424
12802 32264
12902 58958
13002 36143
13102 60048
13202 28455
13302 18788
13402 54721
13502 2572
13602 24658
13702 50147
13802 32072
13902 5734
14002 16373
14102 32376
14202 27325
14302 10574
14402 38402
14502 61626
14602 22565
14702 23175
14802 60205
14902 30332
15002 31646
15102 53487
15202 51513
15302 27510
15402 40426
15502 20165
15602 62150
15702 29842
15802 40098
15902 43218
16002 20972
16102 63638
16202 34643
16302 32675
16402 38868
16502 65100
16602 41836
16702 47097
16802 31026
16902 55338
17002 54500
17102 33237
17202 25130
17302 35640
17402 13543
17502 54210
17602 1290
17702 60047
17802 51548
17902 4026
18002 32403
18102 34181
18202 58637
18302 61355
18402 1236
18502 3584
18602 7537
18702 44850
18802 24838
18902 8210
19002 64878
19102 1778
19202 53772
19302 43544
19402 6200
19502 16499
19602 47084
19702 34120
19802 11357
19902 46698
20002 22384
20102 51480
20202 44507
20302 17077
20402 15178
20502 62366
20602 56010
20702 52535
20802 12452
20902 46524
21002 43160
21102 4365
21202 61299
21302 50467
21402 22746
21502 43892
21602 10440
21702 52351
21802 7957
21902 43517
22002 20810
22102 2734
22202 5242
22302 28999
22402 18454
22502 44086
22602 50981
22702 11
22802 17585
22902 36154
23002 32306
23102 57833
23202 23180
23302 55713
23402 54850
23502 51553
23602 5180
23702 15449
23802 49746
23902 64169
24002 57253
24102 3237
24202 44295
24302 8878
24402 55544
24502 6773
24602 32909
24702 10603
24802 13724
24902 22775
25002 47940
25102 17380
25202 19160
25302 31603
25402 25097
25502 42505
25602 52385
25702 53909
25802 64767
25902 37385
26002 29591
26102 28300
26202 43145
26302 51280
26402 5812
26502 63491
26602 30722
26702 62525
26802 56181
26902 55614
27002 11932
27102 28762
27202 63806
27302 17642
27402 55442
27502 53154
27602 7457
27702 62673
27802 36453
27902 32222
28002 45864
28102 25590
28202 2196
28302 4111
28402 64742
28502 55924
28602 1085
28702 42640
28802 35055
28902 60490
29002 10599
29102 29839
29202 5047
29302 7441
29402 505
29502 60724
29602 32952
29702 3053
29802 20782
29902 64441
30002 48942
30102 32135
30202 30148
30302 18558
30402 56343
30502 55646
30602 52378
30702 42203
30802 58470
30902 52569
31002 39817
31102 25219
31202 58013
31302 36041
31402 58749
31502 63632
31602 60971
31702 10094
31802 62842
31902 29605
32002 56672
32102 57643
32202 52099
32302 57858
32402 43630
32502 24775
32602 37488
32702 30909
32802 44184
32902 23387
33002 20008
33102 63843
33202 46419
33302 54643
33402 36939
33502 8658
33602 35259
33702 62667
33802 51115
33902 24676
34002 40934
34102 45095
34202 57110
34302 13021
34402 8105
34502 61258
34602 57689
34702 50873
34802 38701
34902 45400
35002 43007
35102 18196
35202 6462
35302 5150
35402 27969
35502 45524
35602 60798
35702 35999
35802 29149
35902 22318
36002 37703
36102 4473
36202 17828
36302 61869
36402 53544
36502 54412
36602 20480
36702 35353
36802 31411
36902 61946
37002 25915
37102 16057
37202 49487
37302 59448
37402 65489
37502 32936
37602 52013
37702 35996
37802 57007
37902 52111
38002 18873
38102 32433
38202 9171
38302 59762
38402 28595
38502 59051
38602 23165
38702 43310
38802 49999
38902 62501
39002 26738
39102 30466
39202 14356
39302 64306
39402 54885
39502 36484
39602 2523
39702 34194
39802 35156
39902 57687
40002 7277
40102 19623
40202 60895
40302 33171
40402 36458
40502 62011
40602 64382
40702 4869
40802 44148
40902 22448
41002 40084
41102 60427
41202 48189
41302 930
41402 44526
41502 15948
41602 20278
41702 28682
41802 39202
41902 61386
42002 63876
42102 16105
42202 51801
42302 43814
42402 26072
42502 6379
42602 2539
42702 21769
42802 12464
42902 64337
43002 55610
43102 43302
43202 6114
43302 12987
43402 36691
43502 36529
43602 46656
43702 50397
43802 21257
43902 22919
44002 59470
44102 25247
44202 59713
44302 14941
44402 16336
44502 13907
44602 719
44702 61346
44802 34763
44902 9104
45002 53202
45102 63359
45202 59365
45302 22445
45402 44962
45502 55207
45602 46551
45702 17645
45802 54503
45902 16254
46002 51933
46102 47468
46202 35706
46302 17252
46402 8497
46502 13019
46602 41361
46702 17063
46802 23312
46902 49547
47002 23229
47102 35756
47202 16840
47302 41738
47402 23382
47502 4445
47602 26846
47702 37119
47802 8609
47902 26109
48002 51737
48102 2292
48202 51323
48302 38332
48402 20218
48502 9202
48602 20418
48702 60617
48802 4837
48902 52451
49002 11086
49102 45980
49202 57457
49302 13541
49402 36774
49502 63754
49602 6402
49702 28341
49802 15059
49902 14049
50002 57214
50102 19724
50202 20156
50302 60615
50402 12444
50502 25793
50602 20581
50702 8835
50802 13932
50902 63814
51002 12234
51102 54731
51202 32207
51302 37020
51402 40254
51502 42034
51602 62951
51702 2190
51802 42558
51902 35510
52002 7695
52102 58542
52202 51301
52302 39989
52402 58277
52502 57677
52602 54526
52702 12810
52802 56038
52902 18246
53002 41380
53102 4051
53202 53281
53302 33691
53402 52815
53502 16994
53602 30419
53702 60087
53802 5745
53902 28569
54002 5878
54102 14749
54202 58361
54302 18481
54402 37570
54502 23160
54602 36546
54702 45878
54802 33359
54902 12440
55002 56362
55102 43138
55202 57872
55302 597
55402 30004
55502 55009
55602 61010
55702 64850
55802 51868
55902 6401
56002 43324
56102 348
56202 46206
56302 49262
56402 40007
56502 63069
56602 49641
56702 5668
56802 2030
56902 29120
57002 63159
57102 13128
57202 4816
57302 18733
57402 56407
57502 46697
57602 57484
57702 9057
57802 55894
57902 20453
58002 50998
58102 56101
58202 31359
58302 5875
58402 22470
58502 48537
58602 6195
58702 14490
58802 34088
58902 62693
59002 14655
59102 51876
59202 35325
59302 16864
59402 47455
59502 9575
59602 48056
59702 27661
59802 28851
59902 16121
60002 62995
60102 59095
60202 48907
60302 55380
60402 39990
60502 16768
60602 53158
60702 51965
60802 23498
60902 12926
61002 62798
61102 47396
61202 22749
61302 30798
61402 41220
61502 43040
61602 46001
61702 62066
61802 18993
61902 2551
62002 34223
62102 43994
62202 22531
62302 47762
62402 54767
62502 3113
62602 20401
62702 63661
62802 23785
62902 21614
63002 38041
63102 36990
63202 41185
63302 32375
63402 34441
63502 5582
63602 57164
63702 19733
63802 62870
63902 28825
64002 64808
64102 36657
64202 25901
64302 62101
64402 49696
64502 62799
64602 62846
64702 39071
64802 42009
64902 62507
65002 10415
65102 55882
65202 16601
65302 44852
65402 46657
65502 57966
65602 33996
65702 11486
65802 59892
65902 60250
66002 209
66102 32383
66202 52162
66302 46642
66402 19265
66502 54238
66602 62298
66702 40075
66802 39001
66902 37193
67002 5187
67102 43471
67202 64440
67302 31569
67402 8497
67502 40060
67602 37572
67702 32331
67802 6243
67902 62323
68002 41385
68102 7436
68202 21197
68302 2564
68402 63900
68502 25367
68602 61218
68702 14065
68802 12470
68902 37262
69002 65387
69102 26561
69202 56226
69302 12173
69402 65180
69502 30303
69602 24108
69702 2324
69802 26476
69902 13571
70002 58300
70102 12009
70202 19311
70302 29664
70402 51567
70502 52564
70602 3958
70702 30108
70802 60811
70902 37124
71002 13650
71102 13007
71202 54655
71302 61468
71402 3339
71502 5687
71602 42787
71702 37912
71802 313
71902 38859
72002 42348
72102 4121
72202 22957
72302 10721
72402 23474
72502 47239
72602 9902
72702 1574
72802 44140
72902 48939
73002 46693
73102 6708
73202 52479
73302 26144
73402 45865
73502 10677
73602 63414
73702 50630
73802 48020
73902 14135
74002 19045
74102 63887
74202 51752
74302 33310
74402 5914
74502 24515
74602 35342
74702 30551
74802 44638
74902 35371
75002 12013
75102 33538
75202 12728
75302 58910
75402 45893
75502 39444
75602 574
75702 54232
75802 21428
75902 34166
76002 54060
76102 27459
76202 31194
76302 8882
76402 47159
76502 51214
76602 62064
76702 3824
76802 47777
76902 13945
77002 9628
77102 23478
77202 29977
77302 30582
77402 46603
77502 43431
77602 59671
77702 55688
77802 37643
77902 61145
78002 45113
78102 44013
78202 15894
78302 18181
78402 38615
78502 54562
78602 50857
78702 28761
78802 64794
78902 53662
79002 24958
79102 14245
79202 14182
79302 14955
79402 4492
79502 13868
79602 38691
79702 18202
79802 60581
79902 58989
80002 3981
80102 24519
80202 19754
80302 22243
80402 64853
80502 25406
80602 37561
80702 27326
80802 4497
80902 43541
81002 62733
81102 13341
81202 31567
81302 62333
81402 63268
81502 27094
81602 14153
81702 47833
81802 35520
81902 7725
82002 60420
82102 8347
82202 28970
82302 8554
82402 18647
82502 40708
82602 61130
82702 34587
82802 28667
82902 34541
83002 25373
83102 45882
83202 19530
83302 41176
83402 20434
83502 33507
83602 10637
83702 45060
83802 57677
83902 9979
84002 40193
84102 33840
84202 50767
84302 15693
84402 758
84502 4867
84602 30047
84702 47850
84802 16384
84902 20703
85002 7222
85102 12270
85202 64107
85302 12084
85402 10799
85502 13774
85602 7666
85702 22173
85802 40349
85902 2877
86002 50971
86102 33602
86202 64233
86302 34789
86402 12106
86502 34578
86602 17218
86702 5738
86802 11713
86902 13712
87002 19505
87102 56329
87202 778
87302 17017
87402 63173
87502 64722
87602 39275
87702 40273
87802 47593
87902 58244
88002 21779
88102 21519
88202 39041
88302 13990
88402 19084
88502 35371
88602 16886
88702 26051
88802 32398
88902 41704
89002 58729
89102 15924
89202 52605
89302 14260
89402 20221
89502 15533
89602 50733
89702 32491
89802 54673
89902 60754
90002 24129
90102 37612
