102 14732
202 32855
302 30029
402 50151
502 54622
602 62988
702 43076
802 15161
902 48801
1002 32738
1102 6201
1202 10611
1302 31504
1402 20743
1502 52860
1602 55759
1702 24597
1802 32106
1902 34465
2002 26792
2102 60262
2202 19227
2302 35207
2402 45399
2502 12426
2602 3275
2702 62574
2802 45778
2902 21443
3002 39095
3102 27107
3202 11292
3302 10553
3402 17044
3502 57602
3602 34378
3702 13630
3802 3795
3902 12636
4002 57136
4102 37921
4202 44625
4302 22613
4402 30715
4502 63938
4602 18353
4702 63759
4802 39490
4902 53317
5002 32023
5102 60274
5202 60808
5302 22240
5402 42611
5502 7859
5602 16507
5702 18465
5802 62702
5902 54369
6002 30136
6102 48905
6202 54133
6302 16838
6402 21005
6502 532
6602 59387
6702 52424
6802 4020
6902 38740
7002 36150
7102 53426
7202 30296
7302 11122
7402 19136
7502 971
7602 47767
7702 22835
7802 38226
7902 121
8002 58278
8102 34500
8202 16485
8302 36292
8402 37841
8502 26242
8602 21908
8702 55956
8802 20704
8902 25764
9002 58894
9102 57997
9202 48923
9302 37475
9402 57376
9502 38954
9602 41275
9702 4970
9802 54797
9902 59434
10002 63197
10102 47604
10202 57250
10302 39279
10402 53039
10502 64749
10602 22638
10702 6408
10802 50284
10902 1660
11002 37353
11102 44948
11202 26509
11302 48731
11402 16750
11502 26054
11602 24804
11702 8743
11802 55000
11902 62398
12002 38899
12102 59653
12202 27865
12302 17530
12402 3904
12502 18230
12602 55893
12702 15293
12802 5512
12902 26272
13002 24101
13102 8189
13202 5235
13302 5525
13402 14513
13502 51322
13602 16485
13702 17772
13802 19715
13902 55348
14002 23018
14102 18643
14202 58729
14302 18888
14402 1235
14502 12418
14602 56984
14702 36523
14802 9069
14902 10167
15002 32196
15102 10855
15202 18867
15302 59503
15402 46239
15502 47885
15602 7544
15702 14078
15802 24474
15902 58693
16002 54680
16102 19557
16202 51288
16302 47651
16402 5415
16502 63678
16602 9219
16702 7618
16802 53186
16902 59738
17002 56589
17102 25735
17202 3110
17302 41354
17402 30486
17502 23479
17602 57192
17702 38870
17802 43231
17902 64996
18002 64946
18102 60977
18202 65207
18302 58628
18402 62316
18502 57767
18602 32391
18702 2121
18802 15816
18902 60014
19002 55353
19102 57007
19202 24546
19302 65492
19402 16690
19502 50024
19602 46868
19702 54811
19802 50197
19902 64884
20002 28149
20102 61149
20202 32658
20302 10721
20402 6623
20502 53204
20602 55424
20702 23488
20802 39007
20902 60965
21002 28202
21102 39613
21202 15156
21302 2860
21402 19096
21502 36594
21602 8234
21702 22183
21802 2389
21902 49052
22002 60236
22102 10070
22202 31062
22302 55806
22402 40640
22502 39
22602 28276
22702 56676
22802 18097
22902 44544
23002 42959
23102 47913
23202 25395
23302 3521
23402 7786
23502 27510
23602 24778
23702 57082
23802 34668
23902 3665
24002 50003
24102 21184
24202 34086
24302 51229
24402 47200
24502 23032
24602 38953
24702 7795
24802 2584
24902 41973
25002 43337
25102 53691
25202 57866
25302 57484
25402 1470
25502 60014
25602 12682
25702 44801
25802 54635
25902 17972
26002 4264
26102 27262
26202 45278
26302 45329
26402 29599
26502 10348
26602 26568
26702 53182
26802 24072
26902 2790
27002 229
27102 54956
27202 52435
27302 4675
27402 14748
27502 21131
27602 38148
27702 55806
27802 37748
27902 47935
28002 54932
28102 16103
28202 48030
28302 20362
28402 43785
28502 35633
28602 24001
28702 18842
28802 37539
28902 11426
29002 11090
29102 34997
29202 31708
29302 37061
29402 37139
29502 41930
29602 19969
29702 10178
29802 17301
29902 50635
30002 54756
30102 24945
30202 16806
30302 47374
30402 4207
30502 65217
30602 1550
30702 33393
30802 30896
30902 7380
31002 62349
31102 38929
31202 19954
31302 51729
31402 44176
31502 53768
31602 22001
31702 51725
31802 7115
31902 31773
32002 46759
32102 48625
32202 20060
32302 3817
32402 34908
32502 37230
32602 57709
32702 58975
32802 3663
32902 15289
33002 18023
33102 10787
33202 50808
33302 47490
33402 55163
33502 25177
33602 39184
33702 35829
33802 15400
33902 8709
34002 34496
34102 31410
34202 49333
34302 9437
34402 32526
34502 7954
34602 31084
34702 7144
34802 57232
34902 25731
35002 23910
35102 5658
35202 28208
35302 43623
35402 44448
35502 41693
35602 17117
35702 64518
35802 14765
35902 45100
36002 48895
