102 47686
202 23573
302 12410
402 58129
502 6316
602 2178
702 45872
802 11868
902 48009
1002 51580
1102 23810
1202 27172
1302 30968
1402 52667
1502 971
1602 56105
1702 18601
1802 22665
1902 46568
2002 558
2102 33995
2202 9207
2302 3305
2402 59499
2502 62396
2602 58889
2702 56659
2802 3189
2902 45830
3002 23584
3102 59442
3202 23610
3302 22701
3402 49318
3502 30213
3602 9648
3702 44830
3802 1631
3902 65291
4002 8036
4102 44752
4202 37975
4302 52354
4402 3278
4502 23672
4602 64798
4702 6359
4802 12385
4902 20979
5002 53202
5102 10125
5202 16626
5302 4733
5402 61455
5502 21973
5602 10696
5702 64395
5802 10389
5902 15344
6002 52322
6102 2935
6202 10961
6302 44795
6402 65145
6502 23520
6602 35996
6702 45558
6802 56721
6902 23877
7002 37920
7102 32197
7202 61461
7302 32429
7402 14962
7502 15255
7602 65262
7702 27627
7802 62576
7902 54633
8002 59886
8102 4734
8202 605
8302 51409
8402 9965
8502 58267
8602 57093
8702 28013
8802 30452
8902 263
9002 15065
9102 34993
9202 4049
9302 26989
9402 1191
9502 38052
9602 15579
9702 17431
9802 37590
9902 52669
10002 19081
10102 28344
10202 12844
10302 45662
10402 17745
10502 54154
10602 8932
10702 48757
10802 28260
10902 38089
11002 34319
11102 18625
11202 10757
11302 40337
11402 63802
11502 41999
11602 20131
11702 31330
11802 20862
11902 18447
12002 23063
12102 30530
12202 4025
12302 40685
12402 52275
12502 52671
12602 14799
12702 47529
12802 29932
12902 29823
13002 7247
13102 33050
13202 60797
13302 61758
13402 28230
13502 39970
13602 50173
13702 40927
13802 27424
13902 19264
14002 37742
14102 63445
14202 29061
14302 31094
14402 40563
14502 23057
14602 43532
14702 8564
14802 62344
14902 13673
15002 33614
15102 11730
15202 44190
15302 59938
15402 12276
15502 15320
15602 13150
15702 54894
15802 12676
15902 2801
16002 2188
16102 28542
16202 37989
16302 34631
16402 54824
16502 48913
16602 53667
16702 34030
16802 16132
16902 37009
17002 51916
17102 47308
17202 62769
17302 47474
17402 60378
17502 64863
17602 2480
17702 58657
17802 3710
17902 9264
18002 54955
18102 21493
18202 24943
18302 33369
18402 60977
18502 19402
18602 17952
18702 16837
18802 51385
18902 43342
19002 46489
19102 48673
19202 14716
19302 33835
19402 8048
19502 25534
19602 2610
19702 42319
19802 53078
19902 40026
20002 979
20102 21315
20202 16329
20302 60458
20402 28798
20502 53894
20602 3907
20702 830
20802 2455
20902 51885
21002 40939
21102 29405
21202 39780
21302 10585
21402 53041
21502 9131
21602 54188
21702 33858
21802 19505
21902 3074
22002 7876
22102 59724
22202 13077
22302 15551
22402 32190
22502 1946
22602 38274
22702 8740
22802 8049
22902 56943
23002 16614
23102 2907
23202 18157
23302 12863
23402 6285
23502 62654
23602 64008
23702 43242
23802 7032
23902 14386
24002 20489
24102 60334
24202 28292
24302 37997
24402 55940
24502 40615
24602 14112
24702 58069
24802 22940
24902 9405
25002 55100
25102 52231
25202 5863
25302 65036
25402 33182
25502 39743
25602 43794
25702 56105
25802 37170
25902 62982
26002 50558
26102 2103
26202 41534
26302 19806
26402 31405
26502 41465
26602 27053
26702 52378
26802 50466
26902 41375
27002 45435
27102 6272
27202 55197
27302 18151
27402 16346
27502 49895
27602 54531
27702 304
27802 51851
27902 57309
28002 51649
28102 59327
28202 2123
28302 41222
28402 6952
28502 46582
28602 15795
28702 27852
28802 29428
28902 49239
29002 46816
29102 55050
29202 56895
29302 366
29402 49178
29502 42351
29602 28819
29702 49412
29802 1258
29902 45654
30002 9318
30102 63026
30202 27486
30302 41339
30402 54348
30502 45613
30602 44144
30702 58549
30802 29047
30902 45121
31002 25265
31102 18178
31202 17659
31302 63653
31402 8855
31502 33657
31602 58018
31702 60590
31802 13043
31902 34318
32002 9664
32102 33395
32202 60739
32302 44537
32402 26732
32502 23183
32602 55531
32702 28047
32802 51075
32902 52595
33002 42164
33102 56191
33202 22253
33302 54235
33402 43575
33502 31392
33602 8746
33702 16828
33802 2511
33902 18654
34002 65535
34102 39256
34202 56936
34302 32815
34402 4287
34502 13990
34602 44963
34702 18905
34802 61746
34902 63442
35002 36855
35102 43815
35202 62676
35302 48124
35402 22784
35502 64356
35602 56554
35702 20980
35802 43789
35902 5805
36002 3899
36102 52738
36202 51666
36302 40754
36402 23903
36502 40137
36602 17
36702 39869
36802 6290
36902 14263
37002 11474
37102 6985
37202 36974
37302 45774
37402 56626
37502 56616
37602 37274
37702 56033
37802 54312
37902 8077
38002 29531
38102 36242
38202 23725
38302 45481
38402 8454
38502 12044
38602 49712
38702 39557
38802 6005
38902 13973
39002 40391
39102 63905
39202 56960
39302 52846
39402 22593
39502 64167
39602 23332
39702 2910
39802 36351
39902 44930
40002 1442
40102 54399
40202 41741
40302 10031
40402 51235
40502 5491
40602 25294
40702 12833
40802 21773
40902 65319
41002 8478
41102 19171
41202 42871
41302 45200
41402 43146
41502 28705
41602 44479
41702 2216
41802 19791
41902 61645
42002 20286
42102 51576
42202 6244
42302 40431
42402 10551
42502 61614
42602 46668
42702 36298
42802 51455
42902 58405
43002 25843
43102 14881
43202 11004
43302 13675
43402 37510
43502 19474
43602 46631
43702 11286
43802 62034
43902 41634
44002 45055
44102 53870
44202 22464
44302 35219
44402 5683
44502 17830
44602 9147
44702 41209
44802 64287
44902 9098
45002 36591
45102 21494
45202 11828
45302 27013
45402 46165
45502 41768
45602 26344
45702 16998
45802 49328
45902 18187
46002 14884
46102 46498
46202 6987
46302 46836
46402 39520
46502 6151
46602 26629
46702 40956
46802 42291
46902 45122
47002 16604
47102 10145
47202 31382
47302 9900
47402 36581
47502 29235
47602 14994
47702 37896
47802 52538
47902 24133
48002 46791
48102 45491
48202 59623
48302 23128
48402 26333
48502 52007
48602 27382
48702 33589
48802 16675
48902 23510
49002 53225
49102 42382
49202 55437
49302 35523
49402 24560
49502 62052
49602 61625
49702 17933
49802 64507
49902 62144
50002 53215
50102 62347
50202 40841
50302 51693
50402 8765
50502 6006
50602 42250
50702 18246
50802 36484
50902 8071
51002 25804
51102 25086
51202 15491
51302 4752
51402 60535
51502 36169
51602 5125
51702 14155
51802 10700
51902 59715
52002 27112
52102 56804
52202 25432
52302 3952
52402 1127
52502 33310
52602 58294
52702 5327
52802 11419
52902 29983
53002 51955
53102 12818
53202 17953
53302 12678
53402 15370
53502 9409
53602 33944
53702 45696
53802 41022
53902 54158
54002 39364
54102 55367
54202 12426
54302 58797
54402 39791
54502 22658
54602 44799
54702 56724
54802 50791
54902 11413
55002 8726
55102 9340
55202 8475
55302 31141
55402 13370
55502 10095
55602 41751
55702 35677
55802 64072
55902 9563
56002 7245
56102 17527
56202 2184
56302 58924
56402 53630
56502 14162
56602 52429
56702 20391
56802 14010
56902 29937
57002 48359
57102 48077
57202 34856
57302 3345
57402 13641
57502 54043
57602 25333
57702 58262
57802 43187
57902 56609
58002 4984
58102 9639
58202 30589
58302 6456
58402 37530
58502 60241
58602 5342
58702 20120
58802 42596
58902 49005
59002 41015
59102 11338
59202 15713
59302 5317
59402 34052
59502 17406
59602 19270
59702 58637
59802 48500
59902 21123
60002 36317
60102 36554
60202 2675
60302 56040
60402 41911
60502 21159
60602 61874
60702 50437
60802 28346
60902 43968
61002 44362
61102 19142
61202 42792
61302 49992
61402 64468
61502 30795
61602 58799
61702 19172
61802 14862
61902 7750
62002 58463
62102 13312
62202 4448
62302 22073
62402 21061
62502 42494
62602 39543
62702 40870
62802 55753
62902 45214
63002 14022
63102 49167
63202 29893
63302 25515
63402 59103
63502 27682
63602 35707
63702 15882
63802 24378
63902 54783
64002 45496
64102 39945
64202 24962
64302 56025
64402 44781
64502 17719
64602 4735
64702 60381
64802 31972
64902 64787
65002 7476
65102 61479
65202 18844
65302 12074
65402 32902
65502 35034
65602 3911
65702 2820
65802 64375
65902 49901
66002 12591
66102 43084
66202 4765
66302 22793
66402 43029
66502 63972
66602 35144
66702 63395
66802 45099
66902 14073
67002 20889
67102 46656
67202 50694
67302 39028
67402 20491
67502 5668
67602 4171
67702 4503
67802 12307
67902 32601
68002 21398
68102 14529
68202 5875
68302 4928
68402 47728
68502 10133
68602 60514
68702 46769
68802 13574
68902 7003
69002 345
69102 2376
69202 16189
69302 9332
69402 42404
69502 64514
69602 39355
69702 1745
69802 28007
69902 39555
70002 14949
70102 37054
70202 13888
70302 64084
70402 44145
70502 26117
70602 28576
70702 44038
70802 61991
70902 63954
71002 25929
71102 9637
71202 59337
71302 16639
71402 4970
71502 24780
71602 24051
71702 25741
71802 12713
71902 18832
72002 31003
72102 52076
72202 59725
72302 51646
72402 7668
72502 15402
72602 30579
72702 31114
72802 36576
72902 60707
73002 14061
73102 50314
73202 15311
73302 32028
73402 40754
73502 14076
73602 27495
73702 36853
73802 4341
73902 31077
74002 57865
74102 63385
74202 4505
74302 55450
74402 34781
74502 10737
74602 377
74702 31457
74802 32095
74902 40497
75002 52410
75102 51425
75202 64043
75302 5803
75402 24849
75502 2745
75602 62195
75702 24930
75802 6160
75902 50134
76002 13160
76102 19271
76202 56912
76302 670
76402 10684
76502 14964
76602 26241
76702 30011
76802 17636
76902 11581
77002 51205
77102 32255
77202 30434
77302 22745
77402 52284
77502 36111
77602 7097
77702 27914
77802 8081
77902 38713
78002 34628
78102 15797
78202 33348
78302 30625
78402 35816
78502 25632
78602 64616
78702 30972
78802 18254
78902 34864
79002 40638
79102 32078
79202 18190
79302 8901
79402 13035
79502 26592
79602 23494
79702 30995
79802 60176
79902 48980
80002 7868
80102 16391
80202 34791
80302 9008
80402 5820
80502 4781
80602 34703
80702 63706
80802 34118
80902 20727
81002 43979
81102 18805
81202 34780
81302 64299
81402 13947
81502 12960
81602 27026
81702 45713
81802 62833
81902 40020
82002 34578
82102 52360
82202 30372
82302 8174
82402 24505
82502 35013
82602 60601
82702 57085
82802 59047
82902 57999
83002 38064
83102 49508
83202 53774
83302 39744
83402 35531
83502 58748
83602 5725
83702 6500
83802 4092
83902 43647
84002 31291
84102 55619
84202 42679
84302 27222
84402 63547
84502 55316
84602 23599
84702 16633
84802 62558
84902 56859
85002 60001
85102 58884
85202 43501
85302 2376
85402 57331
85502 60439
85602 47959
85702 20709
85802 21187
85902 17284
86002 47406
86102 34545
86202 41468
86302 9564
86402 3730
86502 35065
86602 34434
86702 59872
86802 33992
86902 38102
87002 34234
87102 17281
87202 29071
87302 39844
87402 4637
87502 27988
87602 47975
87702 12197
87802 4412
87902 49954
88002 19334
88102 47215
88202 54609
88302 54678
88402 65416
88502 6618
88602 26305
88702 41744
88802 12416
88902 23473
89002 20506
89102 32956
89202 3299
89302 60217
89402 43004
89502 35633
89602 11053
89702 44458
89802 57698
89902 5005
90002 16737
90102 43556
