102 21583
202 52718
302 670
402 61613
502 57231
602 17748
702 51282
802 40559
902 2191
1002 26419
1102 17940
1202 59962
1302 19788
1402 13304
1502 11678
1602 9556
1702 34419
1802 27453
1902 33559
2002 21922
2102 26547
2202 64538
2302 50530
2402 28548
2502 18093
2602 14451
2702 266
2802 40165
2902 35606
3002 8474
3102 21850
3202 15037
3302 59808
3402 22590
3502 11347
3602 44518
3702 45124
3802 46040
3902 7728
4002 51550
4102 21839
4202 49571
4302 12903
4402 65304
4502 25169
4602 36794
4702 33247
4802 5717
4902 33827
5002 11699
5102 3756
5202 47752
5302 12680
5402 58177
5502 35168
5602 38212
5702 20278
5802 3457
5902 16056
6002 2724
6102 31498
6202 21340
6302 19883
6402 6151
6502 5510
6602 26813
6702 10350
6802 50629
6902 39047
7002 21360
7102 63311
7202 24565
7302 48022
7402 6601
7502 61298
7602 59747
7702 31069
7802 18673
7902 28029
8002 10246
8102 4623
8202 4743
8302 22199
8402 6464
8502 23939
8602 15427
8702 27575
8802 23105
8902 29575
9002 26326
9102 33952
9202 18881
9302 16119
9402 46384
9502 14542
9602 14901
9702 22774
9802 32802
9902 25866
10002 33278
10102 30781
10202 33702
10302 22936
10402 6025
10502 56993
10602 32086
10702 24113
10802 26262
10902 11010
11002 59515
11102 51805
11202 63284
11302 29414
11402 54915
11502 621
11602 34003
11702 4667
11802 63980
11902 14614
12002 54808
12102 10667
12202 46007
12302 57087
12402 22441
12502 36203
12602 41307
12702 5556
12802 11871
12902 61445
13002 17616
13102 22470
13202 62261
13302 26506
13402 19688
13502 65200
13602 13466
13702 46669
13802 2869
13902 2956
14002 13585
14102 20282
14202 59333
14302 11444
14402 21560
14502 12626
14602 50827
14702 9187
14802 28905
14902 47308
15002 20133
15102 26306
15202 19872
15302 19115
15402 20378
15502 29289
15602 11163
15702 51171
15802 16403
15902 29982
16002 21270
16102 21069
16202 37782
16302 7785
16402 12674
16502 62490
16602 35363
16702 63353
16802 59932
16902 11305
17002 54730
17102 30349
17202 34389
17302 61524
17402 32722
17502 59678
17602 63311
17702 42288
17802 25381
17902 47058
18002 13586
18102 8821
18202 29640
18302 50338
18402 11191
18502 47721
18602 7959
18702 44990
18802 40095
18902 36592
19002 3674
19102 64038
19202 54132
19302 14486
19402 56504
19502 54012
19602 40218
19702 4423
19802 40140
19902 44705
20002 1800
20102 20610
20202 47062
20302 254
20402 7656
20502 8598
20602 17687
20702 17978
20802 22809
20902 30737
21002 61737
21102 47898
21202 61958
21302 13244
21402 62539
21502 64053
21602 53792
21702 26908
21802 21409
21902 18254
22002 29341
22102 34492
22202 24349
22302 29028
22402 50419
22502 6923
22602 38412
22702 52956
22802 42705
22902 47147
23002 12543
23102 1939
23202 30586
23302 8813
23402 3428
23502 1745
23602 26586
23702 29659
23802 31813
23902 63452
24002 63877
24102 11543
24202 21419
24302 24330
24402 26803
24502 65286
24602 7066
24702 53439
24802 32919
24902 8181
25002 43036
25102 31888
25202 8090
25302 64316
25402 13772
25502 21118
25602 30493
25702 44736
25802 32480
25902 26402
26002 15012
26102 58857
26202 2296
26302 35174
26402 7597
26502 42559
26602 33845
26702 54953
26802 52271
26902 21444
27002 15279
27102 6731
27202 64724
27302 12549
27402 65484
27502 4724
27602 51093
27702 22484
27802 23509
27902 9964
28002 21452
28102 26179
28202 12066
28302 65358
28402 29676
28502 22943
28602 38194
28702 63930
28802 24729
28902 14310
29002 15738
29102 46174
29202 65478
29302 62128
29402 10079
29502 27663
29602 751
29702 60311
29802 2081
29902 63995
30002 33895
30102 50880
30202 2313
30302 20777
30402 14548
30502 21111
30602 55867
30702 12808
30802 26878
30902 36326
31002 46880
31102 24786
31202 20383
31302 19131
31402 59176
31502 7830
31602 13413
31702 6111
31802 18899
31902 14430
32002 13760
32102 39566
32202 49978
32302 53630
32402 2955
32502 61423
32602 32493
32702 54840
32802 19095
32902 30848
33002 6215
33102 22632
33202 1418
33302 9922
33402 38252
33502 11175
33602 981
33702 56246
33802 26225
33902 53197
34002 2547
34102 27218
34202 60711
34302 49905
34402 22550
34502 34619
34602 16445
34702 16987
34802 47780
34902 19860
35002 40202
35102 2306
35202 35381
35302 53449
35402 60568
35502 48299
35602 28407
35702 21210
35802 23166
35902 39643
36002 7711
36102 58441
36202 49535
36302 44379
36402 18176
36502 10916
36602 58786
36702 54226
36802 54883
36902 58104
37002 36592
37102 31094
37202 9617
37302 10048
37402 54749
37502 5446
37602 37934
37702 38205
37802 22341
37902 62782
38002 27407
38102 12848
38202 53126
38302 3380
38402 17361
38502 36380
38602 48500
38702 31196
38802 54909
38902 41741
39002 45247
39102 20677
39202 3811
39302 29603
39402 41146
39502 10716
39602 13060
39702 23369
39802 50448
39902 46260
40002 28754
40102 19478
40202 36758
40302 29823
40402 29394
40502 2668
40602 63680
40702 18933
40802 11891
40902 10789
41002 22739
41102 11515
41202 8030
41302 48688
41402 37061
41502 63527
41602 16198
41702 58368
41802 29156
41902 47959
42002 47100
42102 51539
42202 20515
42302 16786
42402 38034
42502 12298
42602 3900
42702 4391
42802 21098
42902 61785
43002 57638
43102 47535
43202 60365
43302 45374
43402 59796
43502 50278
43602 10086
43702 53191
43802 22900
43902 34824
44002 19941
44102 54676
44202 26385
44302 23785
44402 49902
44502 62410
44602 27639
44702 25774
44802 38130
44902 4480
45002 12759
45102 17906
45202 7729
45302 39750
45402 36768
45502 59407
45602 35518
45702 45234
45802 40697
45902 2427
46002 26087
46102 21413
46202 36999
46302 56546
46402 38928
46502 65381
46602 31111
46702 39218
46802 18195
46902 63808
47002 2677
47102 14169
47202 33908
47302 8537
47402 49535
47502 62298
47602 54044
47702 17356
47802 25069
47902 21545
48002 59281
48102 12631
48202 16978
48302 28414
48402 48056
48502 21188
48602 13306
48702 50844
48802 17958
48902 58823
49002 2050
49102 12073
49202 53245
49302 47059
49402 12680
49502 3792
49602 47705
49702 32951
49802 16336
49902 24139
50002 56707
50102 606
50202 52738
50302 61720
50402 33935
50502 25233
50602 59361
50702 57505
50802 46793
50902 3688
51002 13134
51102 49192
51202 20350
51302 36567
51402 51575
51502 40928
51602 62940
51702 64469
51802 11240
51902 19889
52002 63215
52102 20488
52202 30759
52302 32878
52402 19606
52502 54162
52602 7521
52702 42918
52802 1647
52902 62952
53002 58847
53102 54631
53202 47012
53302 39886
53402 18168
53502 36447
53602 54163
53702 58673
53802 45829
53902 44007
54002 15434
54102 35902
54202 43742
54302 60257
54402 34983
54502 22160
54602 37316
54702 59569
54802 28226
54902 36043
55002 33174
55102 38454
55202 11318
55302 8123
55402 38107
55502 61572
55602 28363
55702 33232
55802 60938
55902 22503
56002 27929
56102 25865
56202 7309
56302 1428
56402 9718
56502 8602
56602 41529
56702 20484
56802 62770
56902 49410
57002 29157
57102 60234
57202 13787
57302 47317
57402 16720
57502 2202
57602 9760
57702 35773
57802 15318
57902 60675
58002 33954
58102 11534
58202 32920
58302 37675
58402 6312
58502 8878
58602 4384
58702 4860
58802 47784
58902 42442
59002 53223
59102 17004
59202 38546
59302 6317
59402 41666
59502 21964
59602 39012
59702 56146
59802 12489
59902 47878
60002 18009
60102 39504
60202 26474
60302 3913
60402 14909
60502 36081
60602 17623
60702 54705
60802 21947
60902 5141
61002 7873
61102 55236
61202 25875
61302 22209
61402 23182
61502 42075
61602 4148
61702 40098
61802 11717
61902 33787
62002 60200
62102 8731
62202 23494
62302 5892
62402 3463
62502 10224
62602 51014
62702 21176
62802 20370
62902 4001
63002 56740
63102 18790
63202 43206
63302 40466
63402 27063
63502 55075
63602 46149
63702 13964
63802 56325
63902 16948
64002 31749
64102 30787
64202 13411
64302 46635
64402 1385
64502 7843
64602 35082
64702 11877
64802 48718
64902 12828
65002 52996
65102 17114
65202 63549
65302 16004
65402 58780
65502 12369
65602 36630
65702 22963
65802 17993
65902 54675
66002 4110
66102 20326
66202 2299
66302 28168
66402 25240
66502 60827
66602 49618
66702 45093
66802 53304
66902 61790
67002 65237
67102 57029
67202 54654
67302 45634
67402 63275
67502 18018
67602 63924
67702 64593
67802 58135
67902 44745
68002 44844
68102 11093
68202 57193
68302 35174
68402 910
68502 9313
68602 24632
68702 25941
68802 36822
68902 30271
69002 59621
69102 33385
69202 8194
69302 2890
69402 61045
69502 56072
69602 20325
69702 32073
69802 43766
69902 3127
70002 64290
70102 10964
70202 62201
70302 41200
70402 33756
70502 24196
70602 62720
70702 64911
70802 45471
70902 47190
71002 51797
71102 9498
71202 40156
71302 59438
71402 31045
71502 6722
71602 33581
71702 14988
71802 64676
71902 20773
72002 35223
72102 18688
72202 7300
72302 49263
72402 52163
72502 9379
72602 33620
72702 6133
72802 19243
72902 36187
73002 59864
73102 8133
73202 9350
73302 62974
73402 3347
73502 54221
73602 4480
73702 6703
73802 42300
73902 28961
74002 23615
74102 29341
74202 4062
74302 56208
74402 37156
74502 34004
74602 47559
74702 40399
74802 48392
74902 59542
75002 27792
75102 51667
75202 15664
75302 42002
75402 11633
75502 57763
75602 45777
75702 9835
75802 5245
75902 24864
76002 48848
76102 22859
76202 51028
76302 63314
76402 43793
76502 34202
76602 39678
76702 44666
76802 53313
76902 60561
77002 1345
77102 34699
77202 3965
77302 47231
77402 51163
77502 62952
77602 20375
77702 14350
77802 43254
77902 28291
78002 18964
78102 19556
78202 9197
78302 13281
78402 58945
78502 24511
78602 5441
78702 43778
78802 46785
78902 4757
79002 4306
79102 19076
79202 10839
79302 57961
79402 45283
79502 17450
79602 7817
79702 62843
79802 1139
79902 39388
80002 38194
80102 13974
80202 50457
80302 58777
80402 63912
80502 45562
80602 22422
80702 1211
80802 45727
80902 63165
81002 56516
81102 8184
81202 13677
81302 52474
81402 30259
81502 14725
81602 2856
81702 54420
81802 59002
81902 24991
82002 38288
82102 44772
82202 31045
82302 1667
82402 41011
82502 28272
82602 24415
82702 57248
82802 39635
82902 17519
83002 39122
83102 58691
83202 51266
83302 63860
83402 18583
83502 58325
83602 44631
83702 13396
83802 62471
83902 41031
84002 47984
84102 40018
84202 37206
84302 1314
84402 19270
84502 28561
84602 40764
84702 58531
84802 2794
84902 223
85002 23517
85102 44313
85202 27276
85302 38974
85402 3585
85502 6093
85602 43414
85702 3190
85802 34675
85902 19164
86002 30371
86102 58008
86202 19009
86302 35623
86402 3650
86502 6425
86602 2830
86702 20786
86802 37366
86902 39689
87002 48452
87102 47751
87202 22613
87302 38409
87402 53065
87502 906
87602 10106
87702 64296
87802 34051
87902 21208
88002 61835
88102 17575
88202 29377
88302 2275
88402 56981
88502 33998
88602 44407
88702 16823
88802 18001
88902 60184
89002 39788
89102 57416
89202 56766
89302 19827
89402 17266
89502 9565
89602 33114
89702 27293
89802 32794
89902 4817
90002 27371
90102 39094
