102 38213
202 25930
302 32291
402 31781
502 49461
602 63340
702 60820
802 4586
902 46068
1002 12309
1102 63182
1202 12488
1302 63919
1402 54719
1502 55478
1602 4446
1702 55534
1802 41099
1902 11328
2002 10872
2102 48398
2202 46401
2302 59639
2402 39829
2502 58137
2602 23058
2702 32238
2802 49596
2902 11508
3002 15565
3102 58540
3202 45708
3302 54083
3402 55454
3502 10961
3602 23570
3702 20459
3802 11697
3902 64110
4002 7652
4102 58208
4202 23295
4302 5952
4402 48282
4502 28312
4602 40817
4702 57174
4802 55523
4902 33901
5002 10131
5102 31567
5202 13190
5302 40749
5402 9128
5502 63799
5602 45164
5702 36640
5802 12111
5902 17966
6002 44939
6102 32683
6202 22140
6302 64813
6402 38478
6502 44746
6602 41061
6702 55007
6802 27293
6902 9847
7002 27645
7102 63486
7202 36382
7302 13178
7402 6370
7502 29310
7602 65053
7702 12077
7802 42508
7902 61086
8002 7564
8102 2451
8202 39439
8302 3234
8402 54868
8502 47138
8602 15735
8702 54032
8802 44393
8902 3883
9002 8371
9102 50362
9202 34649
9302 32508
9402 63501
9502 39413
9602 9995
9702 4758
9802 19337
9902 57873
10002 41443
10102 17693
10202 44275
10302 7904
10402 12508
10502 45790
10602 8685
10702 21327
10802 42420
10902 4825
11002 61059
11102 37423
11202 5219
11302 7683
11402 62143
11502 42990
11602 2218
11702 56090
11802 20575
11902 64397
12002 30101
12102 18095
12202 37342
12302 34581
12402 12535
12502 57862
12602 55734
12702 41947
12802 58675
12902 34457
13002 34649
13102 51839
13202 63002
13302 12480
13402 35983
13502 51666
13602 40824
13702 50913
13802 63258
13902 33664
14002 50099
14102 696
14202 30572
14302 54898
14402 27054
14502 50542
14602 25418
14702 57551
14802 49815
14902 33072
15002 18484
15102 22161
15202 38468
15302 33300
15402 5937
15502 7304
15602 6066
15702 28587
15802 8476
15902 54535
16002 30376
16102 23963
16202 34194
16302 43568
16402 63623
16502 41944
16602 53090
16702 9398
16802 48534
16902 30154
17002 37281
17102 33327
17202 55276
17302 36087
17402 18259
17502 50658
17602 63410
17702 30436
17802 54712
17902 62215
18002 16256
18102 1420
18202 50
18302 35784
18402 8988
18502 53977
18602 25112
18702 20504
18802 31829
18902 58676
19002 10163
19102 7559
19202 553
19302 65490
19402 25158
19502 3465
19602 64933
19702 38118
19802 63147
19902 64526
20002 17212
20102 47442
20202 8556
20302 38900
20402 49853
20502 40664
20602 39763
20702 54435
20802 33084
20902 5546
21002 51775
21102 59198
21202 35982
21302 20223
21402 32907
21502 64045
21602 59926
21702 57209
21802 55677
21902 17337
22002 39377
22102 15919
22202 40662
22302 55606
22402 38803
22502 8254
22602 63371
22702 59829
22802 16895
22902 65412
23002 52221
23102 15
23202 20155
23302 45303
23402 47167
23502 63278
23602 44159
23702 47286
23802 58738
23902 28513
24002 33099
24102 36381
24202 10297
24302 40311
24402 29130
24502 40369
24602 50440
24702 28803
24802 4695
24902 25392
25002 45306
25102 398
25202 3645
25302 50876
25402 59887
25502 29111
25602 23862
25702 25247
25802 54410
25902 32984
26002 62333
26102 40909
26202 28715
26302 62230
26402 32803
26502 61646
26602 54490
26702 22339
26802 5998
26902 55755
27002 4167
27102 12273
27202 11093
27302 46860
27402 49504
27502 11980
27602 42552
27702 16563
27802 29946
27902 27667
28002 44257
28102 50947
28202 31676
28302 56269
28402 15291
28502 64177
28602 25666
28702 26170
28802 46176
28902 12697
29002 34399
29102 48082
29202 79
29302 56080
29402 35797
29502 22783
29602 36290
29702 64347
29802 48289
29902 38615
30002 8734
30102 59595
30202 4047
30302 42428
30402 45896
30502 60191
30602 8749
30702 44514
30802 27873
30902 55604
31002 64160
31102 17976
31202 49141
31302 35417
31402 60662
31502 46320
31602 56411
31702 17405
31802 33290
31902 58560
32002 50033
32102 23052
32202 7102
32302 14402
32402 24578
32502 42484
32602 19061
32702 28396
32802 22822
32902 44281
33002 22002
33102 61182
33202 20239
33302 54518
33402 47119
33502 47508
33602 35021
33702 49138
33802 40772
33902 2019
34002 25810
34102 7784
34202 39049
34302 16283
34402 54869
34502 24403
34602 4796
34702 35031
34802 6142
34902 53124
35002 17822
35102 63560
35202 4978
35302 51161
35402 49741
35502 22795
35602 14107
35702 61015
35802 26557
35902 438
36002 46708
36102 10238
36202 22041
36302 14356
36402 41154
36502 52130
36602 2179
36702 33162
36802 37174
36902 1491
37002 53362
37102 54804
37202 60244
37302 61732
37402 113
37502 43582
37602 392
37702 2395
37802 39668
37902 53534
38002 23076
38102 24738
38202 27684
38302 8861
38402 21687
38502 13186
38602 59951
38702 61570
38802 18815
38902 30826
39002 49528
39102 34726
39202 43515
39302 36241
39402 12183
39502 622
39602 44744
39702 7212
39802 18837
39902 41364
40002 23933
40102 39847
40202 58993
40302 51970
40402 10993
40502 10203
40602 28079
40702 20717
40802 39892
40902 33589
41002 35750
41102 54017
41202 62866
41302 34962
41402 56172
41502 41524
41602 11965
41702 44187
41802 40537
41902 44478
42002 17904
42102 50893
42202 5544
42302 45335
42402 11718
42502 42636
42602 26450
42702 32123
42802 3041
42902 7926
43002 40306
43102 39078
43202 10072
43302 56184
43402 53838
43502 29674
43602 45451
43702 61685
43802 25110
43902 65386
44002 35734
44102 16988
44202 1477
44302 41594
44402 6025
44502 54940
44602 41436
44702 618
44802 3512
44902 24943
45002 29302
45102 25306
45202 40894
45302 53144
45402 34509
45502 32248
45602 14406
45702 55300
45802 30635
45902 5853
46002 7779
46102 61562
46202 6446
46302 6127
46402 23917
46502 13140
46602 63341
46702 54350
46802 41846
46902 48290
47002 24638
47102 8463
47202 47118
47302 11888
47402 9427
47502 24839
47602 61658
47702 33722
47802 56875
47902 3250
48002 21854
48102 22528
48202 25951
48302 52015
48402 54223
48502 24483
48602 12498
48702 28604
48802 5673
48902 17025
49002 38973
49102 30070
49202 12011
49302 7737
49402 39014
49502 22492
49602 37491
49702 1721
49802 932
49902 31247
50002 4042
50102 6142
50202 18934
50302 42393
50402 55173
50502 26326
50602 62420
50702 63121
50802 14393
50902 62503
51002 29908
51102 4832
51202 20561
51302 4937
51402 15970
51502 62278
51602 23608
51702 12562
51802 32897
51902 17001
52002 53667
52102 14540
52202 4801
52302 62443
52402 9312
52502 63140
52602 29674
52702 24161
52802 3483
52902 10932
53002 4978
53102 52371
53202 18286
53302 26539
53402 55156
53502 47171
53602 39650
53702 30347
53802 41580
53902 3627
54002 9721
54102 42598
54202 55745
54302 23689
54402 24919
54502 63363
54602 2311
54702 33130
54802 6181
54902 16740
55002 45317
55102 46463
55202 34000
55302 57587
55402 19392
55502 42912
55602 18994
55702 5853
55802 33613
55902 53606
56002 59391
56102 9608
56202 14619
56302 37538
56402 23105
56502 39610
56602 44982
56702 7584
56802 42948
56902 42997
57002 30681
57102 31089
57202 283
57302 48190
57402 7247
57502 792
57602 18255
57702 39916
57802 54782
57902 27741
58002 37451
58102 38753
58202 7883
58302 13369
58402 31604
58502 64581
58602 26562
58702 42272
58802 6348
58902 20838
59002 41286
59102 17361
59202 38537
59302 65176
59402 50147
59502 24941
59602 57260
59702 48474
59802 61885
59902 61280
60002 22890
60102 24355
60202 42513
60302 31363
60402 2873
60502 56474
60602 6021
60702 56320
60802 34441
60902 47741
61002 23876
61102 36098
61202 19208
61302 59686
61402 30400
61502 15231
61602 50946
61702 46392
61802 62037
61902 15407
62002 50822
62102 40436
62202 30616
62302 43772
62402 32617
62502 56602
62602 45472
62702 60525
62802 37000
62902 13273
63002 62084
63102 48482
63202 37788
63302 54193
63402 53361
63502 54586
63602 45869
63702 46419
63802 32128
63902 7155
64002 12824
64102 36840
64202 49472
64302 33989
64402 40940
64502 44999
64602 30547
64702 61453
64802 58020
64902 43092
65002 44200
65102 11633
65202 6669
65302 41140
65402 57965
65502 7534
65602 65405
65702 29911
65802 15128
65902 35936
66002 40918
66102 35205
66202 33782
66302 20186
66402 2295
66502 8339
66602 45818
66702 53158
66802 58011
66902 57622
67002 64930
67102 37869
67202 12842
67302 14561
67402 44862
67502 37695
67602 27802
67702 56491
67802 17129
67902 38722
68002 34209
68102 50442
68202 44302
68302 28604
68402 3889
68502 7200
68602 26281
68702 53506
68802 39623
68902 58136
69002 47106
69102 49957
69202 850
69302 57543
69402 30560
69502 17222
69602 29611
69702 49476
69802 8076
69902 62861
70002 22285
70102 8707
70202 52299
70302 28948
70402 5223
70502 60402
70602 31533
70702 26582
70802 17730
70902 49522
71002 42240
71102 36485
71202 23848
71302 16368
71402 44880
71502 38742
71602 29441
71702 60027
71802 40631
71902 9958
72002 16591
72102 53789
72202 62209
72302 8710
72402 44641
72502 57960
72602 42186
72702 53338
72802 46234
72902 62076
73002 59817
73102 57122
73202 27343
73302 17608
73402 13209
73502 28261
73602 32354
73702 30177
73802 18539
73902 43537
74002 41181
74102 50269
74202 55807
74302 16422
74402 41444
74502 63494
74602 51901
74702 7883
74802 25332
74902 11968
75002 28619
75102 12126
75202 34909
75302 50606
75402 57482
75502 3211
75602 38655
75702 22867
75802 47129
75902 7405
76002 2434
76102 58237
76202 9720
76302 19607
76402 51919
76502 35863
76602 3097
76702 35001
76802 17172
76902 58309
77002 59076
77102 33455
77202 35394
77302 48255
77402 43883
77502 11514
77602 58691
77702 39860
77802 61260
77902 10934
78002 51832
78102 29543
78202 41188
78302 47409
78402 9913
78502 31778
78602 48159
78702 48390
78802 55512
78902 6671
79002 43127
79102 37168
79202 59488
79302 7067
79402 9097
79502 35379
79602 8760
79702 5825
79802 58667
79902 55649
80002 39527
80102 29473
80202 49989
80302 26501
80402 19457
80502 38338
80602 49390
80702 60044
80802 34262
80902 21100
81002 19755
81102 15920
81202 24513
81302 3658
81402 36228
81502 3681
81602 58050
81702 21546
81802 29908
81902 51948
82002 57198
82102 37745
82202 32818
82302 12448
82402 17144
82502 44488
82602 43594
82702 21254
82802 10948
82902 42290
83002 46593
83102 7675
83202 41691
83302 23247
83402 43546
83502 14978
83602 39343
83702 34673
83802 28406
83902 47854
84002 17801
84102 36069
84202 55775
84302 19388
84402 8869
84502 16845
84602 63549
84702 40254
84802 38637
84902 49712
85002 55535
85102 53640
85202 21998
85302 53047
85402 8613
85502 17014
85602 39609
85702 24779
85802 65502
85902 20167
86002 39145
86102 51693
86202 65105
86302 8443
86402 64784
86502 20014
86602 13127
86702 20896
86802 28090
86902 48796
87002 38488
87102 12897
87202 20715
87302 56942
87402 27558
87502 28068
87602 54848
87702 14929
87802 34185
87902 17551
88002 34533
88102 36369
88202 26581
88302 18202
88402 65188
88502 14710
88602 16541
88702 48340
88802 60491
88902 44640
89002 43396
89102 43604
89202 48809
89302 37579
89402 10575
89502 57008
89602 14979
89702 37373
89802 62915
89902 36501
90002 50000
90102 30094
