102 3259
202 48058
302 268
402 19824
502 27306
602 23727
702 64321
802 64962
902 54876
1002 6132
1102 32666
1202 54888
1302 50163
1402 64499
1502 19247
1602 16503
1702 1046
1802 46108
1902 40421
2002 39692
2102 38776
2202 48799
2302 24351
2402 54066
2502 6493
2602 17194
2702 24031
2802 33415
2902 31059
3002 19449
3102 55344
3202 13988
3302 11178
3402 31138
3502 52922
3602 56003
3702 49005
3802 47962
3902 12628
4002 63098
4102 4751
4202 32149
4302 54444
4402 19986
4502 54756
4602 37827
4702 38668
4802 233
4902 1187
5002 55101
5102 43684
5202 3442
5302 6317
5402 15673
5502 10223
5602 17878
5702 10743
5802 38796
5902 11832
6002 44178
6102 59240
6202 7833
6302 47010
6402 55043
6502 19992
6602 55234
6702 64741
6802 33584
6902 47442
7002 51679
7102 24559
7202 18120
7302 50844
7402 26406
7502 63702
7602 35996
7702 42680
7802 4773
7902 31298
8002 60750
8102 6332
8202 54486
8302 54882
8402 26143
8502 63065
8602 9458
8702 6646
8802 50932
8902 46406
9002 61446
9102 14322
9202 45939
9302 54090
9402 12451
9502 6009
9602 59942
9702 14085
9802 46656
9902 48256
10002 3175
10102 22904
10202 19875
10302 59427
10402 10609
10502 63112
10602 7844
10702 35285
10802 33374
10902 6840
11002 24783
11102 34176
11202 44673
11302 5329
11402 25437
11502 27297
11602 60201
11702 44135
11802 36565
11902 46518
12002 13428
12102 38037
12202 10312
12302 21040
12402 9406
12502 31712
12602 6171
12702 11245
12802 32132
12902 9398
13002 55395
13102 46883
13202 23197
13302 29251
13402 42360
13502 52238
13602 35298
13702 61668
13802 33270
13902 9655
14002 19741
14102 16096
14202 41598
14302 64174
14402 13875
14502 58567
14602 27128
14702 445
14802 35932
14902 10191
15002 30593
15102 11469
15202 8242
15302 23964
15402 2101
15502 36762
15602 51845
15702 63819
15802 35594
15902 39181
16002 21392
16102 12794
16202 13024
16302 4209
16402 60643
16502 8627
16602 57237
16702 33546
16802 38176
16902 16065
17002 37857
17102 21895
17202 43786
17302 47836
17402 2820
17502 59927
17602 39074
17702 37031
17802 55592
17902 48519
18002 24076
18102 33983
18202 49130
18302 8389
18402 43730
18502 10728
18602 30675
18702 7201
18802 31212
18902 60406
19002 41983
19102 60299
19202 29215
19302 12387
19402 46154
19502 25015
19602 51979
19702 46396
19802 64304
19902 54172
20002 694
20102 62080
20202 30379
20302 32470
20402 64547
20502 20385
20602 25574
20702 3329
20802 44428
20902 10446
21002 24731
21102 10933
21202 18420
21302 52310
21402 57928
21502 9820
21602 28437
21702 3695
21802 24396
21902 56032
22002 21338
22102 46844
22202 14917
22302 27951
22402 60924
22502 33495
22602 32958
22702 20897
22802 40013
22902 65008
23002 1178
23102 32029
23202 1006
23302 39264
23402 38655
23502 64607
23602 45778
23702 25742
23802 59430
23902 34365
24002 53354
24102 37748
24202 12523
24302 37914
24402 16891
24502 44664
24602 14899
24702 30634
24802 21888
24902 24450
25002 18008
25102 3405
25202 31483
25302 3224
25402 13217
25502 58084
25602 52402
25702 20565
25802 41708
25902 62724
26002 64007
26102 11906
26202 21221
26302 8415
26402 23088
26502 12758
26602 60092
26702 58443
26802 56416
26902 10308
27002 27204
27102 40852
27202 9360
27302 30003
27402 52227
27502 13366
27602 829
27702 57407
27802 18804
27902 15995
28002 1074
28102 46462
28202 63061
28302 37389
28402 58573
28502 6559
28602 44236
28702 8525
28802 31800
28902 31848
29002 62408
29102 58013
29202 9349
29302 7669
29402 1055
29502 47905
29602 21793
29702 5087
29802 41380
29902 22414
30002 20693
30102 61554
30202 30645
30302 58234
30402 11503
30502 32835
30602 10324
30702 12247
30802 28808
30902 60141
31002 51789
31102 11268
31202 65181
31302 1456
31402 23067
31502 4664
31602 22005
31702 13553
31802 8642
31902 32132
32002 60541
32102 51873
32202 54461
32302 23065
32402 5667
32502 27864
32602 17388
32702 12534
32802 15711
32902 64083
33002 15094
33102 26069
33202 58290
33302 64071
33402 54631
33502 19747
33602 2318
33702 63491
33802 51545
33902 61025
34002 39977
34102 53917
34202 64318
34302 59537
34402 44017
34502 64057
34602 4242
34702 27940
34802 45924
34902 26293
35002 52962
35102 23632
35202 58948
35302 40462
35402 4229
35502 14310
35602 19635
35702 25966
35802 14981
35902 25858
36002 3747
36102 35120
36202 43755
36302 60492
36402 34462
36502 48187
36602 48980
36702 32689
36802 57970
36902 9388
37002 26621
37102 31466
37202 20365
37302 15125
37402 37698
37502 42356
37602 16772
37702 40576
37802 44125
37902 6730
38002 31940
38102 35219
38202 41526
38302 9510
38402 57356
38502 15067
38602 9440
38702 19023
38802 20607
38902 16658
39002 16745
39102 45580
39202 1576
39302 28408
39402 34577
39502 58094
39602 28508
39702 49493
39802 24723
39902 7065
40002 7408
40102 33171
40202 35581
40302 14019
40402 52098
40502 41502
40602 13693
40702 25820
40802 16689
40902 50757
41002 64760
41102 16348
41202 20026
41302 1268
41402 59629
41502 8186
41602 35184
41702 22448
41802 53959
41902 8500
42002 59828
42102 28234
42202 22100
42302 28414
42402 20993
42502 34344
42602 15860
42702 16648
42802 52010
42902 6664
43002 9716
43102 20260
43202 39106
43302 19338
43402 30874
43502 38280
43602 43294
43702 5931
43802 24298
43902 47986
44002 52898
44102 36627
44202 4423
44302 56109
44402 38068
44502 48970
44602 44599
44702 63649
44802 14795
44902 57020
45002 23249
45102 48576
45202 58026
45302 11251
45402 48563
45502 51719
45602 44648
45702 10644
45802 55555
45902 58159
46002 14027
46102 54701
46202 12291
46302 42613
46402 38067
46502 48168
46602 42152
46702 57037
46802 40137
46902 49009
47002 12037
47102 43450
47202 16779
47302 10238
47402 57727
47502 27846
47602 51624
47702 1883
47802 27956
47902 34060
48002 49159
48102 5377
48202 49647
48302 56319
48402 62461
48502 63243
48602 29716
48702 61369
48802 11289
48902 52830
49002 40222
49102 21602
49202 42043
49302 53986
49402 8088
49502 51590
49602 41195
49702 2958
49802 45723
49902 21036
50002 39182
50102 25952
50202 37558
50302 46861
50402 28125
50502 8066
50602 35252
50702 17777
50802 46135
50902 48638
51002 11101
51102 44025
51202 5193
51302 57205
51402 40530
51502 63621
51602 2889
51702 48112
51802 1374
51902 35019
52002 46083
52102 47315
52202 59370
52302 29604
52402 36030
52502 33635
52602 21531
52702 5537
52802 39125
52902 28784
53002 54952
53102 51581
53202 42488
53302 7448
53402 9758
53502 22293
53602 22492
53702 32869
53802 34397
53902 47811
54002 48516
54102 24844
54202 53780
54302 9714
54402 50162
54502 56637
54602 4240
54702 62078
54802 42270
54902 35392
55002 23755
55102 54425
55202 64171
55302 29472
55402 48149
55502 40729
55602 37701
55702 55114
55802 44781
55902 23412
56002 7357
56102 28216
56202 61429
56302 19404
56402 36448
56502 30111
56602 15623
56702 7633
56802 39660
56902 61394
57002 24770
57102 15299
57202 54109
57302 11800
57402 25058
57502 31299
57602 51308
57702 9748
57802 39078
57902 49346
58002 5573
58102 45411
58202 16994
58302 248
58402 62863
58502 21359
58602 28749
58702 49490
58802 63610
58902 51640
59002 63447
59102 64262
59202 7373
59302 44719
59402 30591
59502 47841
59602 23654
59702 19731
59802 46512
59902 16484
60002 20461
60102 57434
60202 39202
60302 30663
60402 39535
60502 25975
60602 23242
60702 59025
60802 25844
60902 62626
61002 41591
61102 42141
61202 16595
61302 43280
61402 32506
61502 54308
61602 45357
61702 58854
61802 55893
61902 64796
62002 23961
62102 11204
62202 59290
62302 47712
62402 48538
62502 3636
62602 34312
62702 707
62802 1978
62902 1698
63002 39078
63102 57455
63202 38446
63302 48688
63402 36912
63502 9806
63602 24657
63702 43251
63802 20835
63902 26726
64002 37611
64102 16195
64202 29840
64302 12258
64402 53724
64502 12628
64602 19255
64702 33175
64802 9668
64902 1880
65002 4313
65102 43680
65202 54491
65302 25015
65402 49539
65502 39266
65602 36723
65702 62239
65802 27871
65902 58515
66002 35194
66102 36595
66202 44213
66302 53369
66402 24070
66502 13839
66602 41382
66702 14969
66802 45039
66902 10416
67002 2332
67102 28619
67202 20666
67302 58065
67402 30994
67502 43329
67602 56538
67702 29254
67802 29223
67902 37805
68002 63567
68102 50660
68202 59399
68302 9719
68402 29408
68502 28314
68602 49258
68702 32752
68802 41007
68902 3128
69002 653
69102 16940
69202 35143
69302 14009
69402 37219
69502 65507
69602 5970
69702 13086
69802 42263
69902 47334
70002 49111
70102 30321
70202 52068
70302 5430
70402 27639
70502 9657
70602 51367
70702 56060
70802 59121
70902 57239
71002 54166
71102 55395
71202 6440
71302 3862
71402 23761
71502 18700
71602 46203
71702 13779
71802 40153
71902 51070
72002 47478
72102 17829
72202 41902
72302 34346
72402 22245
72502 29541
72602 54601
72702 43202
72802 21654
72902 11387
73002 38054
73102 1834
73202 42448
73302 31107
73402 6711
73502 8210
73602 29219
73702 9639
73802 57376
73902 21849
74002 54670
74102 10461
74202 13429
74302 44183
74402 41928
74502 50174
74602 42873
74702 34136
74802 29762
74902 3586
75002 49074
75102 61874
75202 21799
75302 63641
75402 5711
75502 25902
75602 14884
75702 9658
75802 60003
75902 64164
76002 65442
76102 35378
76202 18045
76302 23037
76402 40197
76502 21986
76602 27374
76702 50807
76802 21273
76902 50376
77002 10701
77102 10633
77202 60821
77302 50139
77402 40979
77502 49820
77602 13342
77702 24844
77802 43903
77902 26082
78002 61953
78102 14740
78202 6560
78302 45643
78402 50019
78502 21553
78602 22221
78702 28249
78802 60077
78902 3185
79002 53581
79102 62511
79202 10723
79302 58188
79402 19033
79502 60485
79602 15493
79702 39937
79802 18997
79902 32817
80002 56393
80102 45382
80202 17562
80302 50739
80402 28575
80502 25664
80602 2672
80702 19701
80802 16975
80902 45300
81002 45307
81102 50292
81202 61104
81302 28387
81402 13447
81502 58232
81602 55660
81702 7586
81802 25588
81902 62816
82002 49913
82102 12617
82202 8143
82302 6879
82402 36939
82502 54582
82602 23987
82702 38253
82802 59521
82902 39135
83002 27946
83102 7544
83202 50342
83302 12279
83402 33531
83502 63644
83602 54835
83702 18883
83802 51916
83902 23736
84002 19499
84102 64999
84202 27739
84302 20773
84402 28705
84502 43472
84602 28549
84702 22800
84802 16506
84902 25161
85002 15665
85102 29633
85202 6739
85302 23730
85402 9235
85502 18813
85602 49255
85702 48155
85802 4981
85902 27292
86002 58446
86102 20375
86202 40422
86302 13259
86402 56200
86502 64321
86602 49284
86702 64371
86802 17973
86902 25745
87002 61912
87102 58997
87202 65402
87302 28652
87402 5275
87502 15500
87602 31351
87702 6988
87802 16510
87902 49499
88002 16487
88102 50357
88202 26777
88302 14438
88402 61062
88502 20755
88602 49944
88702 42067
88802 35480
88902 38556
89002 13121
89102 37071
89202 56810
89302 39080
89402 55461
89502 22664
89602 44714
89702 3419
89802 41333
89902 17522
90002 56781
90102 64351
90202 34345
90302 15161
90402 56608
90502 63770
