102 32169
202 8200
302 56744
402 43074
502 47912
602 31941
702 8450
802 49867
902 5240
1002 53152
1102 7205
1202 33757
1302 34155
1402 51419
1502 14159
1602 41862
1702 18318
1802 41549
1902 36827
2002 16768
2102 6718
2202 12779
2302 60150
2402 47108
2502 16499
2602 52275
2702 34261
2802 49992
2902 32314
3002 48229
3102 616
3202 14564
3302 55356
3402 43880
3502 35133
3602 58629
3702 45134
3802 27953
3902 53373
4002 17891
4102 4072
4202 15679
4302 33176
4402 6996
4502 57843
4602 51527
4702 24137
4802 42142
4902 13073
5002 25332
5102 13528
5202 26733
5302 47963
5402 58553
5502 46269
5602 9316
5702 1244
5802 49679
5902 34261
6002 31428
6102 6143
6202 15225
6302 23303
6402 35069
6502 51882
6602 1667
6702 37713
6802 1782
6902 5168
7002 41825
7102 25940
7202 36718
7302 50916
7402 63657
7502 12787
7602 31805
7702 58814
7802 2757
7902 61909
8002 53947
8102 22485
8202 47528
8302 3399
8402 29838
8502 30111
8602 40885
8702 6293
8802 40829
8902 26016
9002 14665
9102 9353
9202 12652
9302 20387
9402 14925
9502 53707
9602 17452
9702 40987
9802 11938
9902 60529
10002 24422
10102 50924
10202 9401
10302 39526
10402 56863
10502 25086
10602 41536
10702 44728
10802 48620
10902 35794
11002 27541
11102 1393
11202 45388
11302 43871
11402 10408
11502 14916
11602 14985
11702 16117
11802 17338
11902 42560
12002 24747
12102 41714
12202 53970
12302 49760
12402 2741
12502 9444
12602 62828
12702 58182
12802 29964
12902 54050
13002 32275
13102 1634
13202 24982
13302 64972
13402 18634
13502 11233
13602 4893
13702 965
13802 58022
13902 61961
14002 44336
14102 7772
14202 44274
14302 45939
14402 18798
14502 63576
14602 19252
14702 13873
14802 17616
14902 54317
15002 31889
15102 22024
15202 52123
15302 60571
15402 63606
15502 6592
15602 13897
15702 53053
15802 13914
15902 14336
16002 26935
16102 5303
16202 29137
16302 17686
16402 30341
16502 14154
16602 19202
16702 60453
16802 3459
16902 62548
17002 21555
17102 7840
17202 55217
17302 31488
17402 35995
17502 8253
17602 35188
17702 1811
17802 15349
17902 1380
18002 62998
18102 49669
18202 63750
18302 8520
18402 27053
18502 3193
18602 30493
18702 32867
18802 65264
18902 2625
19002 44703
19102 7195
19202 53317
19302 40757
19402 40149
19502 18
19602 50284
19702 9102
19802 62164
19902 35352
20002 32008
20102 10774
20202 6168
20302 39138
20402 2495
20502 9460
20602 25967
20702 5126
20802 47049
20902 16934
21002 22718
21102 17292
21202 26324
21302 34107
21402 56178
21502 31712
21602 13976
21702 55398
21802 46215
21902 14192
22002 10203
22102 30260
22202 53476
22302 6677
22402 20265
22502 22156
22602 19163
22702 9165
22802 19414
22902 34755
23002 45094
23102 55034
23202 19917
23302 61170
23402 57196
23502 65100
23602 6610
23702 19187
23802 48974
23902 38749
24002 58536
24102 57794
24202 4170
24302 51357
24402 13889
24502 41066
24602 15025
24702 15744
24802 12303
24902 50545
25002 6632
25102 7151
25202 16026
25302 48707
25402 7930
25502 51459
25602 23045
25702 13845
25802 42727
25902 5053
26002 26700
26102 62018
26202 53274
26302 15362
26402 41517
26502 19667
26602 26679
26702 25252
26802 25197
26902 14697
27002 21877
27102 57537
27202 45573
27302 127
27402 46359
27502 17230
27602 64131
27702 6740
27802 9369
27902 27443
28002 35378
28102 39461
28202 29551
28302 47324
28402 48716
28502 28484
28602 44879
28702 29945
28802 10125
28902 12259
29002 34236
29102 900
29202 38489
29302 17610
29402 61976
29502 13989
29602 6220
29702 43142
29802 16907
29902 38630
30002 63793
30102 45839
30202 12794
30302 49585
30402 410
30502 43786
30602 20667
30702 20399
30802 53920
30902 10784
31002 10637
31102 11054
31202 41869
31302 22078
31402 45315
31502 55229
31602 24520
31702 16767
31802 64137
31902 60858
32002 16191
32102 63109
32202 25308
32302 63753
32402 26381
32502 64001
