102 13359
202 19068
302 47994
402 48337
502 63875
602 60936
702 18503
802 24064
902 30334
1002 5982
1102 38659
1202 27913
1302 21995
1402 33094
1502 19431
1602 2674
1702 30844
1802 60591
1902 25479
2002 13489
2102 63249
2202 55296
2302 1693
2402 53259
2502 49275
2602 52000
2702 62444
2802 1871
2902 62968
3002 56989
3102 54337
3202 39028
3302 59199
3402 37757
3502 8333
3602 12232
3702 19431
3802 28272
3902 15778
4002 35648
4102 23380
4202 5150
4302 12614
4402 48554
4502 45332
4602 55266
4702 34354
4802 9508
4902 210
5002 42374
5102 8552
5202 39500
5302 33296
5402 60817
5502 55431
5602 37697
5702 26338
5802 38428
5902 28524
6002 39197
6102 7121
6202 25270
6302 27680
6402 20121
6502 21431
6602 22952
6702 11071
6802 35062
6902 7849
7002 32021
7102 56278
7202 49156
7302 20465
7402 63645
7502 53474
7602 38954
7702 5540
7802 10061
7902 49354
8002 20247
8102 65235
8202 14055
8302 22004
8402 53972
8502 64397
8602 55273
8702 63508
8802 33446
8902 57972
9002 13379
9102 64499
9202 61180
9302 43130
9402 17320
9502 62337
9602 2488
9702 38178
9802 1145
9902 58627
10002 5899
10102 59748
10202 39071
10302 51986
10402 27267
10502 57858
10602 17439
10702 15565
10802 54264
10902 13761
11002 63962
11102 19755
11202 2989
11302 16585
11402 2652
11502 52141
11602 61790
11702 62014
11802 35342
11902 6113
12002 49920
12102 6294
12202 29527
12302 49391
12402 35541
12502 15707
12602 10027
12702 54278
12802 33924
12902 30067
13002 11970
13102 55349
13202 36927
13302 43846
13402 13443
13502 33431
13602 6029
13702 61307
13802 4715
13902 4148
14002 5240
14102 35059
14202 59153
14302 32037
14402 53434
14502 47371
14602 40699
14702 58341
14802 64084
14902 10879
15002 43507
15102 6112
15202 17100
15302 52581
15402 14737
15502 4107
15602 38500
15702 62869
15802 49134
15902 15288
16002 30438
16102 44042
16202 63607
16302 6507
16402 20900
16502 34925
16602 24125
16702 9894
16802 27992
16902 35601
17002 24289
17102 32790
17202 14635
17302 45513
17402 30215
17502 6971
17602 46484
17702 48843
17802 57987
17902 34372
18002 59869
18102 9661
18202 1348
18302 36121
18402 2505
18502 56734
18602 29093
18702 39666
18802 58156
18902 113
19002 28501
19102 30819
19202 23210
19302 40671
19402 8890
19502 6028
19602 16772
19702 55521
19802 23948
19902 37926
20002 5415
20102 34129
20202 45618
20302 19051
20402 15390
20502 58232
20602 32712
20702 8300
20802 2683
20902 20615
21002 44036
21102 50968
21202 10390
21302 11123
21402 16008
21502 40138
21602 41790
21702 31458
21802 20182
21902 46118
22002 1987
22102 29094
22202 24691
22302 51741
22402 59671
22502 35303
22602 55449
22702 7512
22802 56326
22902 33544
23002 46269
23102 6423
23202 11703
23302 21310
23402 9288
23502 56028
23602 42880
23702 36594
23802 13423
23902 42197
24002 63056
24102 26174
24202 14952
24302 61064
24402 55757
24502 62764
24602 9122
24702 45754
24802 14858
24902 18839
25002 47402
25102 54748
25202 40022
25302 32334
25402 8914
25502 47645
25602 58435
25702 35437
25802 4223
25902 45866
26002 57883
26102 43183
26202 55637
26302 34174
26402 27851
26502 11414
26602 42570
26702 8670
26802 14101
26902 55996
27002 34156
27102 29794
27202 50195
27302 46601
27402 39496
27502 50789
27602 36911
27702 16829
27802 2771
27902 56151
28002 16156
28102 32350
28202 47518
28302 42549
28402 26671
28502 16210
28602 65221
28702 63705
28802 60762
28902 40278
29002 38184
29102 52360
29202 16363
29302 44875
29402 32938
29502 6529
29602 8976
29702 47214
29802 20663
29902 17549
30002 21146
30102 31144
30202 43646
30302 4408
30402 39573
30502 13236
30602 37954
30702 33937
30802 56544
30902 17284
31002 35810
31102 40838
31202 21376
31302 57547
31402 25352
31502 16930
31602 59410
31702 8564
31802 36747
31902 34414
32002 22186
32102 22609
32202 52155
32302 22735
32402 26073
32502 10704
32602 14495
32702 39312
32802 20607
32902 53644
33002 1299
33102 12831
33202 65383
33302 62214
33402 11054
33502 32506
33602 42651
33702 26120
33802 5179
33902 20084
34002 63199
34102 23972
34202 47854
34302 41047
34402 16026
34502 7676
34602 45009
34702 50433
34802 60969
34902 10667
35002 21136
35102 29678
35202 36171
35302 35044
35402 41508
35502 2428
35602 20834
35702 48127
35802 46676
35902 23795
36002 43321
36102 4782
36202 30336
36302 24762
36402 49325
36502 59894
36602 48489
36702 58490
36802 29647
36902 41884
37002 36420
37102 40424
37202 40959
37302 44293
37402 65245
37502 54384
37602 10544
37702 20194
37802 47315
37902 4872
38002 47307
38102 26360
38202 28490
38302 60172
38402 16115
38502 43734
38602 8183
38702 45112
38802 10421
38902 43839
39002 43639
39102 12889
39202 9921
39302 23219
39402 52277
39502 54477
39602 43323
39702 38303
39802 50249
39902 44861
40002 52987
40102 11825
40202 31657
40302 18371
40402 22723
40502 10885
40602 23129
40702 58841
40802 7649
40902 61556
41002 31144
41102 38764
41202 62197
41302 12554
41402 25695
41502 30571
41602 48520
41702 51191
41802 62982
41902 9528
42002 3155
42102 27712
42202 721
42302 61066
42402 29744
42502 27209
42602 12258
42702 61768
42802 31270
42902 38674
43002 45896
43102 61733
43202 60742
43302 4173
43402 62362
43502 32178
43602 4629
43702 47234
43802 27036
43902 53207
44002 33133
44102 29041
44202 56064
44302 48561
44402 26593
44502 48883
44602 4526
44702 63366
44802 45319
44902 50583
45002 31482
45102 17533
45202 55888
45302 592
45402 18009
45502 14986
45602 60340
45702 17465
45802 21732
45902 19061
46002 48691
46102 49154
46202 36333
46302 44274
46402 40544
46502 59034
46602 14096
46702 2682
46802 17285
46902 15483
47002 43894
47102 1787
47202 43668
47302 35780
47402 58188
47502 49718
47602 4657
47702 18962
47802 31001
47902 17702
48002 5089
48102 44935
48202 52026
48302 8559
48402 30880
48502 53243
48602 58347
48702 30952
48802 61186
48902 13500
49002 61293
49102 18345
49202 5647
49302 39848
49402 48093
49502 11569
49602 37865
49702 36786
49802 48129
49902 392
50002 2424
50102 51372
50202 9666
50302 26239
50402 54695
50502 4469
50602 64090
50702 40491
50802 55312
50902 47636
51002 18812
51102 57641
51202 48963
51302 38170
51402 56493
51502 43287
51602 63711
51702 20819
51802 13100
51902 33262
52002 40913
52102 64144
52202 15095
52302 42726
52402 12662
52502 10506
52602 59022
52702 40441
52802 10545
52902 55166
53002 27444
53102 56239
53202 50465
53302 36203
53402 31086
53502 49136
53602 63356
53702 12284
53802 34662
53902 43488
54002 33035
54102 47910
54202 20988
54302 5498
54402 51520
54502 6051
54602 51542
54702 8663
54802 35618
54902 9284
55002 5598
55102 47151
55202 39246
55302 52009
55402 41882
55502 9693
55602 60260
55702 58634
55802 10663
55902 37671
56002 58898
56102 15524
56202 6844
56302 48867
56402 58710
56502 37858
56602 12924
56702 19507
56802 8864
56902 60193
57002 16429
57102 20811
57202 36097
57302 3122
57402 44307
57502 36153
57602 42034
57702 3806
57802 3440
57902 14996
58002 36754
58102 10153
58202 4802
58302 26691
58402 21791
58502 5063
58602 43762
58702 55060
58802 35637
58902 22204
59002 19906
59102 32489
59202 29364
59302 36596
59402 60703
59502 13062
59602 36634
59702 11363
59802 36482
59902 27389
60002 19598
60102 42554
60202 46825
60302 18465
60402 9659
60502 3098
60602 5554
60702 61932
60802 16952
60902 36821
61002 60820
61102 59330
61202 49976
61302 29821
61402 30166
61502 26056
61602 22537
61702 20342
61802 44878
61902 30565
62002 24237
62102 18780
62202 61697
62302 53758
62402 44481
62502 24145
62602 60106
62702 11683
62802 49943
62902 3663
63002 20274
63102 16097
63202 38535
63302 4684
63402 2106
63502 52540
63602 64630
63702 12105
63802 14021
63902 49685
64002 48091
64102 9498
64202 45874
64302 30198
64402 37536
64502 4388
64602 38353
64702 40932
64802 38076
64902 29892
65002 6143
65102 40056
65202 46033
65302 47144
65402 18849
65502 37008
65602 2878
65702 64624
65802 21847
65902 15020
66002 59495
66102 35806
66202 62316
66302 18696
66402 12821
66502 2638
66602 1126
66702 39610
66802 26410
66902 40001
67002 26132
67102 45403
67202 35649
67302 11805
67402 2070
67502 49237
67602 27615
67702 33218
67802 136
67902 6949
68002 9029
68102 12093
68202 1801
68302 48214
68402 5363
68502 29713
68602 58339
68702 44516
68802 55783
68902 58217
69002 36525
69102 17112
69202 49705
69302 28949
69402 53551
69502 49994
69602 20758
69702 26057
69802 7872
69902 54018
70002 1600
70102 12310
70202 64293
70302 58930
70402 38675
70502 14756
70602 45841
70702 6889
70802 27045
70902 9691
71002 58526
71102 64917
71202 42716
71302 53440
71402 55035
71502 3779
71602 40916
71702 48647
71802 53409
71902 59543
72002 47552
72102 7068
72202 16743
72302 45286
72402 61103
72502 48835
72602 24294
72702 23496
72802 52764
72902 44440
73002 46701
73102 35853
73202 63134
73302 11235
73402 25652
73502 57526
73602 8624
73702 3920
73802 1239
73902 41313
74002 44573
74102 45187
74202 64582
74302 18823
74402 2407
74502 16542
74602 52915
74702 34398
74802 6767
74902 64462
75002 60049
75102 58028
75202 47575
75302 45423
75402 58928
75502 56030
75602 61288
75702 21494
75802 24847
75902 55168
76002 49259
76102 36433
76202 7255
76302 19104
76402 60820
76502 27674
76602 57208
76702 35480
76802 30792
76902 40132
77002 42957
77102 43266
77202 46747
77302 61696
77402 23518
77502 35355
77602 57041
77702 6366
77802 4908
77902 8643
78002 56204
78102 61520
78202 22577
78302 8784
78402 19636
78502 4628
78602 15575
78702 32100
78802 26122
78902 21887
79002 19864
79102 62986
79202 14810
79302 48891
79402 649
79502 59886
79602 58363
79702 46421
79802 55187
79902 56780
80002 28529
80102 14699
80202 53790
80302 51666
80402 54270
80502 47258
80602 9089
80702 1645
80802 63698
80902 47038
81002 21339
81102 48806
81202 63867
81302 45005
81402 19480
81502 54797
81602 49262
81702 58854
81802 42741
81902 18914
82002 24232
82102 49532
82202 12267
82302 11794
82402 55279
82502 32008
82602 39778
82702 32704
82802 43806
82902 25610
83002 50136
83102 21534
83202 56831
83302 35593
83402 59004
83502 46687
83602 56424
83702 61306
83802 34338
83902 44367
84002 42512
84102 49146
84202 19511
84302 46613
84402 7325
84502 13681
84602 43319
84702 47656
84802 55980
84902 45502
85002 61200
85102 328
85202 59910
85302 30130
85402 48033
85502 45057
85602 21474
85702 48507
85802 63753
85902 38070
86002 24020
86102 58823
86202 9304
86302 24359
86402 59267
86502 6125
86602 9162
86702 44330
86802 31480
86902 8124
87002 11205
87102 63141
87202 45621
87302 20338
87402 17239
87502 31186
87602 15530
87702 62186
87802 33929
87902 28803
88002 9243
88102 28388
88202 23
88302 25270
88402 45045
88502 65472
88602 9776
88702 62900
88802 8532
88902 6582
89002 47804
89102 3879
89202 63056
89302 45171
89402 1295
89502 3953
89602 59499
89702 2875
89802 13056
89902 13751
90002 47170
90102 29368
