102 21125
202 32818
302 8227
402 62137
502 32067
602 60982
702 31009
802 27022
902 47947
1002 44081
1102 31748
1202 37565
1302 45422
1402 30160
1502 40861
1602 33785
1702 10196
1802 7090
1902 55917
2002 19794
2102 63605
2202 13515
2302 33061
2402 24470
2502 20970
2602 44647
2702 691
2802 1796
2902 30786
3002 44438
3102 2672
3202 49997
3302 31762
3402 63189
3502 13989
3602 28468
3702 51188
3802 39904
3902 40362
4002 58212
4102 8767
4202 30561
4302 57484
4402 29449
4502 1245
4602 9437
4702 40483
4802 19726
4902 40455
5002 63878
5102 23954
5202 61409
5302 41616
5402 60570
5502 55548
5602 21565
5702 58669
5802 53596
5902 31281
6002 3313
6102 64111
6202 42041
6302 56614
6402 24365
6502 51272
6602 6544
6702 55308
6802 52114
6902 39153
7002 27098
7102 20760
7202 32563
7302 34657
7402 1775
7502 59101
7602 28911
7702 20497
7802 65002
7902 31121
8002 47002
8102 52396
8202 55194
8302 59625
8402 55853
8502 51182
8602 30714
8702 53840
8802 51004
8902 28526
9002 21695
9102 56192
9202 33432
9302 60215
9402 4599
9502 37880
9602 25184
9702 28881
9802 9311
9902 831
10002 57498
10102 18798
10202 794
10302 17903
10402 47568
10502 20665
10602 45158
10702 58040
10802 9897
10902 6334
11002 34118
11102 41134
11202 19815
11302 56613
11402 31032
11502 3955
11602 31280
11702 7663
11802 28061
11902 56099
12002 19085
12102 5209
12202 47879
12302 11087
12402 48248
12502 13471
12602 43900
12702 13750
12802 31262
12902 54039
13002 266
13102 4029
13202 61373
13302 2963
13402 6108
13502 555
13602 37156
13702 38390
13802 42420
13902 64732
14002 41695
14102 53753
14202 17981
14302 41224
14402 21994
14502 45122
14602 15017
14702 29170
14802 26416
14902 35562
15002 40601
15102 21949
15202 55967
15302 44448
15402 34894
15502 15171
15602 46882
15702 546
15802 51921
15902 38107
16002 33208
16102 25053
16202 31234
16302 1048
16402 41972
16502 7560
16602 17654
16702 50835
16802 4961
16902 53672
17002 9202
17102 9553
17202 61701
17302 60021
17402 49699
17502 5698
17602 41510
17702 53239
17802 43540
17902 29619
18002 23921
18102 8377
18202 39118
18302 18191
18402 45840
18502 40149
18602 46548
18702 8395
18802 21254
18902 60194
19002 36231
19102 27492
19202 25266
19302 20199
19402 22422
19502 61771
19602 21957
19702 305
19802 41232
19902 3244
20002 43296
20102 62706
20202 6839
20302 24332
20402 46275
20502 39959
20602 29070
20702 61022
20802 10759
20902 22178
21002 56867
21102 37725
21202 11870
21302 40713
21402 21269
21502 31686
21602 32725
21702 24833
21802 56975
21902 25683
22002 13069
22102 54836
22202 45438
22302 65515
22402 42234
22502 53151
22602 38073
22702 405
22802 63716
22902 24395
23002 38068
23102 38188
23202 61476
23302 2638
23402 29012
23502 8524
23602 35375
