102 47128
202 62315
302 26859
402 54286
502 3169
602 16358
702 55523
802 24048
902 51997
1002 51128
1102 36095
1202 60946
1302 40194
1402 45070
1502 21954
1602 13596
1702 2372
1802 13506
1902 19009
2002 24085
2102 53928
2202 45339
2302 11088
2402 54942
2502 54257
2602 1063
2702 6958
2802 1217
2902 14761
3002 2485
3102 35110
3202 54722
3302 58418
3402 9138
3502 23213
3602 4282
3702 62277
3802 15842
3902 33479
4002 41387
4102 24900
4202 21798
4302 1092
4402 19862
4502 34244
4602 44781
4702 59661
4802 41501
4902 44249
5002 36258
5102 21618
5202 14156
5302 50274
5402 10245
5502 27743
5602 36929
5702 17450
5802 33672
5902 48266
6002 27923
6102 35300
6202 13534
6302 4357
6402 26029
6502 13014
6602 5914
6702 37504
6802 7864
6902 36151
7002 6089
7102 61732
7202 1186
7302 22218
7402 48011
7502 12934
7602 36770
7702 25811
7802 31361
7902 39786
8002 33744
8102 5657
8202 36803
8302 5038
8402 34053
8502 63287
8602 11879
8702 9167
8802 36033
8902 34897
9002 16989
9102 21495
9202 60546
9302 54710
9402 62858
9502 7845
9602 13917
9702 10810
9802 11978
9902 55678
10002 40288
10102 14264
10202 3519
10302 11211
10402 54400
10502 59315
10602 43418
10702 62881
10802 31202
10902 8537
11002 49681
11102 41849
11202 4242
11302 49436
11402 51149
11502 30857
11602 57873
11702 23566
11802 2967
11902 26493
12002 30171
12102 4028
12202 37545
12302 16089
12402 56420
12502 58022
12602 45042
12702 37533
12802 54863
12902 6756
13002 26323
13102 7713
13202 17306
13302 9592
13402 42591
13502 36716
13602 27761
13702 42908
13802 3411
13902 10330
14002 54752
14102 17184
14202 57378
14302 51464
14402 21161
14502 23941
14602 61102
14702 22410
14802 13205
14902 17295
15002 21529
15102 6953
15202 21095
15302 28544
15402 19602
15502 53219
15602 18321
15702 58015
15802 56626
15902 21012
16002 22640
16102 42887
16202 59396
16302 49884
16402 46032
16502 62734
16602 4020
16702 28248
16802 15333
16902 16772
17002 40039
17102 47525
17202 62462
17302 13708
17402 55531
17502 1311
17602 22058
17702 46181
17802 38706
17902 35779
18002 26637
18102 29794
18202 45177
18302 10589
18402 20796
18502 34308
18602 14192
18702 52326
18802 20628
18902 25183
19002 45314
19102 16140
19202 6658
19302 45788
19402 35400
19502 29097
19602 7287
19702 8008
19802 27249
19902 19115
20002 8614
20102 1434
20202 61410
20302 60125
20402 2396
20502 60703
20602 248
20702 35831
20802 56584
20902 6350
21002 40191
21102 8521
21202 3689
21302 31144
21402 41865
21502 14944
21602 41758
21702 53631
21802 43446
21902 23242
22002 64682
22102 51517
22202 61560
22302 21325
22402 48658
22502 59976
22602 7192
22702 61913
22802 39708
22902 48084
23002 23094
23102 57298
23202 7631
23302 58063
23402 33083
23502 48014
23602 43511
23702 60435
23802 54312
23902 20336
24002 35279
24102 3072
24202 45833
24302 45551
24402 59764
24502 20341
24602 21086
24702 2316
24802 59147
24902 41678
25002 7291
25102 7904
25202 29616
25302 29478
25402 26648
25502 53513
25602 48877
25702 20747
25802 37927
25902 45654
26002 13084
26102 60487
26202 45263
26302 62478
26402 53098
26502 48654
26602 7914
26702 46761
26802 2669
26902 61752
27002 47438
27102 54310
27202 55627
27302 43569
27402 6758
27502 36339
27602 15031
27702 25379
27802 40215
27902 33147
28002 35060
28102 5335
28202 7463
28302 51312
28402 20577
28502 1214
28602 60369
28702 31651
28802 39148
28902 39385
29002 4111
29102 62006
29202 33805
29302 2964
29402 24043
29502 51247
29602 29466
29702 50731
29802 39290
29902 10415
30002 60104
30102 45235
30202 43047
30302 44956
30402 27027
30502 30792
30602 22221
30702 54627
30802 33619
30902 53189
31002 53367
31102 5902
31202 13846
31302 16887
31402 15963
31502 49610
31602 50785
31702 47087
31802 64581
31902 23002
32002 25797
32102 56103
32202 2708
32302 57028
32402 24003
32502 26553
32602 49220
32702 59844
32802 11093
32902 40036
33002 30407
33102 38174
33202 46803
33302 41538
33402 36534
33502 39416
33602 511
33702 47985
33802 46778
33902 52554
34002 49193
34102 55445
34202 33910
34302 20557
34402 64373
34502 3517
34602 65250
34702 56928
34802 64723
34902 41035
35002 42913
35102 34622
35202 11902
35302 14028
35402 1664
35502 12041
35602 15038
35702 41373
35802 55914
35902 35647
36002 50050
36102 14605
36202 29089
36302 20738
36402 2843
36502 47734
36602 25327
36702 3099
36802 39157
36902 37067
37002 35179
37102 39284
37202 33576
37302 27594
37402 37542
37502 7979
37602 60972
37702 8267
37802 32967
37902 36753
38002 23434
38102 55115
38202 13453
38302 53020
38402 33114
38502 7282
38602 43570
38702 22741
38802 26862
38902 10337
39002 33636
39102 5852
39202 45706
39302 45047
39402 24662
39502 13661
39602 36859
39702 43616
39802 25080
39902 37092
40002 3943
40102 42291
40202 9669
40302 42005
40402 10093
40502 4247
40602 49548
40702 37917
40802 35158
40902 29439
41002 33445
41102 62571
41202 24817
41302 50310
41402 60128
41502 17760
41602 49064
41702 26668
41802 20569
41902 10130
42002 36811
42102 65268
42202 29522
42302 39217
42402 21361
42502 53720
42602 13980
42702 29350
42802 27026
42902 8759
43002 44236
43102 57895
43202 17846
43302 63230
43402 39398
43502 17093
43602 21566
43702 35255
43802 19624
43902 54048
44002 22654
44102 9437
44202 64338
44302 26427
44402 22797
44502 2968
44602 2864
44702 47560
44802 58547
44902 16798
45002 1219
45102 39344
45202 18771
45302 49585
45402 7855
45502 57515
45602 12883
45702 19151
45802 42847
45902 36536
46002 32735
46102 59089
46202 58175
46302 3166
46402 49817
46502 30032
46602 4919
46702 51845
46802 32167
46902 44617
47002 51668
47102 31650
47202 21876
47302 1438
47402 11985
47502 5807
47602 41312
47702 42596
47802 29825
47902 16840
48002 45919
48102 2623
48202 53186
48302 62746
48402 15772
48502 3085
48602 6585
48702 43713
48802 2927
48902 25618
49002 43431
49102 27307
49202 64337
49302 24258
49402 35772
49502 50292
49602 63828
49702 28326
49802 10817
49902 33087
50002 45269
50102 17772
50202 28181
50302 54650
50402 18845
50502 28144
50602 64751
50702 25587
50802 13636
50902 4129
51002 39474
51102 54008
51202 8036
51302 52782
51402 52407
51502 38338
51602 48244
51702 59627
51802 10307
51902 57387
52002 50162
52102 64650
52202 63002
52302 57175
52402 22483
52502 30098
52602 15603
52702 60269
52802 54653
52902 37449
53002 6445
53102 17120
53202 24251
53302 11107
53402 17281
53502 63122
53602 13533
53702 40419
53802 55870
53902 16911
54002 12433
54102 44465
54202 11096
54302 28394
54402 51588
54502 57121
54602 32447
54702 10752
54802 27376
54902 44226
55002 60341
55102 54513
55202 37172
55302 62884
55402 13085
55502 27304
55602 53976
55702 11643
55802 14571
55902 55266
56002 30625
56102 50830
56202 7964
56302 14649
56402 34760
56502 24827
56602 31794
56702 47957
56802 53421
56902 18609
57002 47603
57102 62972
57202 38629
57302 31400
57402 58172
57502 27448
57602 53370
57702 21023
57802 29638
57902 21003
58002 18875
58102 48290
58202 3557
58302 23035
58402 56570
58502 33755
58602 56391
58702 45567
58802 35665
58902 60159
59002 55713
59102 56088
59202 37644
59302 42574
59402 57800
59502 25577
59602 35261
59702 10825
59802 60534
59902 1927
60002 23249
60102 43049
60202 20055
60302 54351
60402 51104
60502 13503
60602 33296
60702 54686
60802 39324
60902 46826
61002 18887
61102 52288
61202 17932
61302 25059
61402 49080
61502 35559
61602 50175
61702 15170
61802 65062
61902 706
62002 14402
62102 18398
62202 56593
62302 43918
62402 23784
62502 5731
62602 3212
62702 13945
62802 34995
62902 48561
63002 300
63102 64380
63202 28428
63302 38928
63402 58212
63502 47086
63602 13549
63702 6713
63802 55750
63902 25508
64002 51780
64102 14885
64202 54592
64302 5692
64402 26996
64502 12344
64602 48112
64702 5286
64802 9094
64902 34994
65002 62805
65102 58210
65202 18235
65302 63326
65402 31669
65502 19755
65602 49436
65702 23807
65802 2040
65902 28471
66002 64612
66102 10025
66202 12085
66302 58740
66402 27702
66502 14158
66602 8696
66702 12438
66802 20689
66902 14403
67002 56780
67102 14011
67202 65253
67302 4187
67402 14887
67502 26911
67602 4301
67702 35452
67802 24103
67902 22910
68002 60541
68102 7307
68202 47112
68302 28141
68402 2669
68502 53786
68602 11069
68702 14742
68802 44900
68902 24648
69002 40710
69102 64252
69202 7928
69302 5089
69402 5696
69502 21139
69602 44046
69702 4166
69802 64618
69902 3138
70002 43151
70102 36806
70202 1445
70302 10722
70402 23210
70502 8787
70602 25317
70702 40190
70802 16029
70902 27062
71002 46762
71102 51485
71202 61227
71302 18569
71402 11103
71502 32627
71602 28572
71702 53122
71802 39204
71902 35392
72002 48531
72102 62736
72202 33521
72302 52280
72402 54694
72502 19579
72602 51792
72702 60979
72802 22095
72902 53738
73002 45424
73102 65454
73202 62438
73302 24982
73402 35042
73502 30370
73602 59837
73702 55346
73802 55960
73902 23052
74002 38582
74102 15839
74202 36967
74302 55105
74402 31025
74502 47073
74602 34559
74702 17128
74802 37765
74902 48675
75002 14149
75102 38696
75202 29283
75302 55858
75402 24658
75502 32060
75602 14551
75702 59540
75802 33658
75902 22578
76002 45195
76102 20771
76202 2553
76302 33184
76402 50259
76502 50791
76602 5744
76702 41146
76802 16557
76902 42944
77002 65341
77102 52694
77202 3960
77302 50162
77402 19562
77502 21271
77602 54738
77702 56288
77802 8010
77902 31485
78002 16374
78102 6163
78202 9359
78302 9570
78402 16839
78502 30393
78602 947
78702 24196
78802 42039
78902 63830
79002 3759
79102 62854
79202 46838
79302 23799
79402 27219
79502 40212
79602 48284
79702 51002
79802 21969
79902 55206
80002 58
80102 27647
80202 56449
80302 35630
80402 37554
80502 6446
80602 14903
80702 65476
80802 63989
80902 28667
81002 15622
81102 44954
81202 2031
81302 49642
81402 25383
81502 42518
81602 35290
81702 25454
81802 37238
81902 55445
82002 34512
82102 34073
82202 31492
82302 31261
82402 13048
82502 23215
82602 23231
82702 22792
82802 1391
82902 55471
83002 56757
83102 39200
83202 45592
83302 16010
83402 35634
83502 62177
83602 46239
83702 12289
83802 48552
83902 37519
84002 12403
84102 3678
84202 8195
84302 26977
84402 59464
84502 1005
84602 58017
84702 47588
84802 10008
84902 25105
85002 62213
85102 13994
85202 29176
85302 17839
85402 10804
85502 50112
85602 10696
85702 34412
85802 11702
85902 61722
86002 55222
86102 39652
86202 58169
86302 42935
86402 54590
86502 37494
86602 38291
86702 2058
86802 1212
86902 41485
87002 30241
87102 63558
87202 24454
87302 17083
87402 52937
87502 37825
87602 35131
87702 60365
87802 4563
87902 49283
88002 48400
88102 24158
88202 38726
88302 5250
88402 44261
88502 11818
88602 49058
88702 42271
88802 8893
88902 31124
89002 16482
89102 2316
89202 12123
89302 32094
89402 45261
89502 17477
89602 40212
89702 23324
89802 42124
89902 61695
90002 61366
90102 24507
90202 6963
