102 55510
202 20074
302 30342
402 48131
502 26917
602 40052
702 30700
802 37183
902 36113
1002 8806
1102 43429
1202 53985
1302 19507
1402 24598
1502 50041
1602 5451
1702 43904
1802 1436
1902 13305
2002 28804
2102 21552
2202 5727
2302 38057
2402 18946
2502 53723
2602 3138
2702 19745
2802 59872
2902 16207
3002 39744
3102 8202
3202 31255
3302 21963
3402 34006
3502 54367
3602 59600
3702 55932
3802 62240
3902 6265
4002 19585
4102 59823
4202 22739
4302 24093
4402 37753
4502 21916
4602 16559
4702 27513
4802 62409
4902 3126
5002 41264
5102 13952
5202 2591
5302 316
5402 43316
5502 11159
5602 59489
5702 59996
5802 44110
5902 42033
6002 62798
6102 3754
6202 61994
6302 2716
6402 48228
6502 64637
6602 37481
6702 10004
6802 7960
6902 11257
7002 55901
7102 55902
7202 14925
7302 27242
7402 11497
7502 36395
7602 16862
7702 61127
7802 55261
7902 44537
8002 46917
8102 54383
8202 62750
8302 6015
8402 8548
8502 61247
8602 31391
8702 37285
8802 32832
8902 21376
9002 16078
9102 21800
9202 22694
9302 19505
9402 21524
9502 42946
9602 1084
9702 34657
9802 32622
9902 51399
10002 64906
10102 18741
10202 23447
10302 13968
10402 4276
10502 11917
10602 29487
10702 36716
10802 29206
10902 47012
11002 41541
11102 52297
11202 46840
11302 8828
11402 26498
11502 55478
11602 36919
11702 47151
11802 32718
11902 38715
12002 62843
12102 59898
12202 61967
12302 9262
12402 52629
12502 65115
12602 54509
12702 2871
12802 8180
12902 4080
13002 39042
13102 6378
13202 45765
13302 26933
13402 10164
13502 64286
13602 24288
13702 29689
13802 36294
13902 8586
14002 117
14102 37844
14202 48819
14302 49296
14402 7425
14502 1041
14602 33488
14702 38872
14802 18015
14902 32115
15002 39298
15102 46064
15202 43090
15302 60642
15402 47683
15502 6860
15602 26399
15702 21402
15802 40083
15902 16054
16002 45565
16102 60834
16202 53263
16302 29032
16402 29382
16502 24384
16602 41417
16702 54257
16802 34021
16902 15270
17002 10310
17102 29715
17202 5174
17302 30990
17402 42694
17502 14471
17602 21952
17702 23862
17802 12133
17902 39898
18002 23062
18102 41522
18202 65345
18302 42508
18402 61886
18502 45316
18602 29588
18702 61812
18802 43890
18902 1132
19002 3161
19102 44983
19202 50130
19302 61745
19402 54720
19502 61190
19602 37902
19702 61864
19802 52029
19902 9804
20002 37183
20102 10553
20202 14238
20302 53854
20402 1775
20502 29651
20602 7288
20702 53329
20802 43203
20902 39956
21002 38072
21102 29966
21202 35045
21302 60315
21402 58488
21502 39379
21602 42080
21702 19506
21802 64910
21902 6857
22002 37166
22102 17163
22202 45892
22302 12262
22402 55728
22502 4854
22602 24012
22702 62976
22802 45247
22902 38834
23002 33416
23102 29951
23202 50514
23302 57379
23402 63599
23502 26453
23602 13725
23702 16458
23802 4612
23902 7517
24002 17804
24102 30812
24202 15851
24302 2709
24402 15951
24502 19781
24602 12587
24702 63269
24802 1301
24902 15345
25002 62475
25102 56724
25202 5340
25302 30333
25402 52544
25502 39423
25602 39122
25702 49602
25802 48205
25902 32884
26002 21729
26102 26503
26202 49445
26302 15080
26402 2448
26502 13599
26602 39842
26702 59453
26802 35506
26902 27551
27002 64184
27102 6545
27202 60552
27302 34085
27402 46673
27502 59002
27602 49221
27702 44826
27802 62763
27902 12392
28002 9263
28102 41340
28202 20015
28302 48934
28402 25678
28502 26167
28602 28663
28702 6683
28802 41603
28902 46537
29002 49502
29102 43193
29202 55445
29302 17784
29402 12337
29502 45689
29602 31478
29702 62201
29802 59080
29902 41703
30002 20729
30102 56496
30202 38408
30302 15786
30402 11425
30502 15704
30602 1398
30702 21265
30802 28356
30902 22426
31002 48662
31102 54259
31202 6992
31302 64958
31402 36313
31502 16940
31602 53430
31702 17933
31802 13638
31902 53799
32002 31545
32102 25020
32202 38778
32302 43077
32402 65157
32502 41730
32602 37592
32702 36117
32802 33818
32902 48172
33002 2644
33102 18787
33202 797
33302 57239
33402 48013
33502 62882
33602 19896
33702 42343
33802 53010
33902 28322
34002 58687
34102 21720
34202 61084
34302 24108
34402 60319
34502 48686
34602 55723
34702 25632
34802 6424
34902 2539
35002 14061
35102 33961
35202 54098
35302 33944
35402 47573
35502 25762
35602 18959
35702 56591
35802 7987
35902 59837
36002 60835
36102 12517
36202 50089
36302 40630
36402 38791
36502 40369
36602 33999
36702 64714
36802 42339
36902 62809
37002 19528
37102 34551
37202 5362
37302 57121
37402 29639
37502 50734
37602 57881
37702 42681
37802 5008
37902 19872
38002 50354
38102 59112
38202 28229
38302 22911
38402 42865
38502 64059
38602 1388
38702 40343
38802 29932
38902 22316
39002 17767
39102 61522
39202 64942
39302 31923
39402 19044
39502 27834
39602 44921
39702 61631
39802 23829
39902 46080
40002 40113
40102 54402
40202 5679
40302 13088
40402 8670
40502 13364
40602 38795
40702 58131
40802 52737
40902 22976
41002 15459
41102 34055
41202 64028
41302 15638
41402 65464
41502 41673
41602 54850
41702 25064
41802 50893
41902 16187
42002 47206
42102 39077
42202 53133
42302 18670
42402 43028
42502 63637
42602 32388
42702 56235
42802 25273
42902 19714
43002 11635
43102 28529
43202 25878
43302 65488
43402 65283
43502 3912
43602 35677
43702 10548
43802 45444
43902 115
44002 50063
44102 6049
44202 13096
44302 23221
44402 63306
44502 45755
44602 42817
44702 19539
44802 19655
44902 56958
45002 31087
45102 10845
45202 63486
45302 6258
45402 61066
45502 58560
45602 62044
45702 63953
45802 3264
45902 8506
46002 35069
46102 6572
46202 37616
46302 49539
46402 32164
46502 26452
46602 3052
46702 19029
46802 63661
46902 19273
47002 27932
47102 29023
47202 43021
47302 64191
47402 25815
47502 23781
47602 58798
47702 38179
47802 28786
47902 10099
48002 24725
48102 6480
48202 36997
48302 56995
48402 29192
48502 7400
48602 22263
48702 32956
48802 46590
48902 24478
49002 22509
49102 43668
49202 47312
49302 317
49402 24191
49502 15356
49602 404
49702 15552
49802 60001
49902 43312
50002 39251
50102 59766
50202 40532
50302 20456
50402 7642
50502 26011
50602 63869
50702 28221
50802 20392
50902 18253
51002 21264
51102 33805
51202 29504
51302 19455
51402 62721
51502 56627
51602 37692
51702 21892
51802 40555
51902 22928
52002 61130
52102 36285
52202 33613
52302 32495
52402 18782
52502 7416
52602 40499
52702 3860
52802 50140
52902 58756
53002 57934
53102 37375
53202 49182
53302 49668
53402 18739
53502 14614
53602 33065
53702 45719
53802 43472
53902 33440
54002 40939
54102 14785
54202 34048
54302 38280
54402 309
54502 40061
54602 8864
54702 63557
54802 35304
54902 41751
55002 45435
55102 42289
55202 55544
55302 62526
55402 53208
55502 45301
55602 59416
55702 57542
55802 29327
55902 15882
56002 35512
56102 39897
56202 13526
56302 7835
56402 45491
56502 25375
56602 53386
56702 37727
56802 32898
56902 53989
57002 32286
57102 57273
57202 63380
57302 53028
57402 3456
57502 8068
57602 53181
57702 23704
57802 31722
57902 45146
58002 42125
58102 20443
58202 27971
58302 378
58402 35011
58502 46793
58602 34291
58702 20325
58802 17040
58902 168
59002 63178
59102 21777
59202 27115
59302 26265
59402 48227
59502 47864
59602 14636
59702 6751
59802 43779
59902 36562
60002 36178
60102 43411
60202 38603
60302 30263
60402 5655
60502 65101
60602 36433
60702 58125
60802 11477
60902 24090
61002 30474
61102 61287
61202 23010
61302 48880
61402 45595
61502 3131
61602 52411
61702 34847
61802 59257
61902 39792
62002 52189
62102 4383
62202 59691
62302 3920
62402 27272
62502 58643
62602 38079
62702 4805
62802 25575
62902 33512
63002 1523
63102 20841
63202 64270
63302 7625
63402 45708
63502 24453
63602 2411
63702 5223
63802 11387
63902 28153
64002 17092
64102 44641
64202 8847
64302 8527
64402 46177
64502 318
64602 63557
64702 28223
64802 26140
64902 33680
65002 29664
65102 51457
65202 47048
65302 24125
65402 45934
65502 7602
65602 45524
65702 11655
65802 53660
65902 21861
66002 2860
66102 263
66202 14969
66302 39707
66402 31967
66502 58166
66602 24965
66702 27159
66802 24437
66902 52918
67002 38359
67102 21942
67202 12859
67302 25163
67402 49815
67502 2644
67602 30112
67702 4517
67802 44434
67902 39464
68002 2552
68102 33785
68202 56169
68302 55769
68402 11394
68502 40820
68602 49053
68702 51700
68802 15890
68902 2318
69002 59004
69102 26255
69202 17652
69302 48867
69402 15422
69502 51905
69602 57133
69702 36837
69802 21128
69902 65427
70002 1562
70102 47821
70202 5185
70302 41293
70402 19870
70502 5476
70602 14381
70702 57790
70802 31999
70902 19501
71002 38479
71102 25830
71202 39186
71302 38113
71402 14935
71502 53894
71602 6977
71702 32660
71802 52017
71902 46068
72002 59558
72102 55444
72202 18506
72302 14816
72402 51533
72502 33401
72602 23388
72702 35678
72802 32424
72902 34517
73002 50810
73102 20065
73202 43136
73302 32642
73402 5359
73502 50997
73602 65470
73702 36129
73802 34937
73902 55647
74002 25229
74102 28922
74202 2468
74302 39639
74402 11165
74502 29625
74602 59366
74702 63069
74802 43017
74902 14746
75002 33148
75102 34456
75202 44900
75302 13299
75402 6341
75502 32078
75602 59868
75702 3314
75802 11347
75902 60332
76002 23153
76102 372
76202 36006
76302 2661
76402 35521
76502 15709
76602 28118
76702 47492
76802 58369
76902 43446
77002 22034
77102 3639
77202 2363
77302 64848
77402 13118
77502 62276
77602 53461
77702 34971
77802 21082
77902 15330
78002 8572
78102 42336
78202 16827
78302 43650
78402 246
78502 12324
78602 62153
78702 39249
78802 18501
78902 2051
79002 32054
79102 16115
79202 4516
79302 2503
79402 40546
79502 21485
79602 17465
79702 59990
79802 62089
79902 13525
80002 48559
80102 20266
80202 31378
80302 55759
80402 58342
80502 59772
80602 119
80702 43239
80802 7546
80902 48845
81002 17641
81102 34230
81202 38178
81302 57308
81402 17106
81502 40165
81602 8437
81702 14451
81802 19012
81902 41578
82002 32824
82102 20475
82202 50640
82302 12181
82402 2406
82502 38295
82602 65163
82702 42784
82802 32132
82902 31179
83002 10548
83102 1177
83202 16310
83302 17057
83402 44134
83502 56339
83602 36129
83702 61776
83802 43806
83902 42007
84002 64452
84102 49124
84202 9335
84302 42945
84402 21453
84502 50563
84602 26658
84702 62047
84802 14184
84902 43838
85002 63146
85102 62097
85202 45665
85302 11469
85402 41407
85502 42359
85602 12527
85702 56998
85802 14976
85902 9966
86002 18215
86102 39762
86202 44879
86302 26667
86402 8798
86502 30296
86602 59880
86702 31255
86802 59487
86902 49748
87002 40513
87102 26214
87202 47880
87302 11460
87402 59949
87502 9424
87602 62349
87702 40258
87802 49818
87902 10385
88002 22172
88102 16086
88202 14261
88302 27766
88402 27363
88502 41786
88602 24149
88702 3236
88802 32850
88902 19527
89002 8812
89102 56581
89202 13022
89302 9648
89402 15066
89502 5614
89602 62146
89702 15846
89802 29427
89902 18435
90002 43021
90102 28126
90202 14164
90302 28520
90402 29935
90502 31444
90602 33916
90702 62687
