102 43966
202 29005
302 5673
402 38746
502 10259
602 12457
702 25639
802 29389
902 51233
1002 45875
1102 64875
1202 44765
1302 13492
1402 62067
1502 61179
1602 62266
1702 44813
1802 29642
1902 43818
2002 44080
2102 6592
2202 27009
2302 27403
2402 22949
2502 18620
2602 52801
2702 12723
2802 42234
2902 43146
3002 9271
3102 13295
3202 2838
3302 16670
3402 45447
3502 25114
3602 28050
3702 31695
3802 30154
3902 48465
4002 55663
4102 920
4202 65457
4302 55837
4402 21354
4502 39866
4602 54372
4702 7093
4802 33159
4902 43937
5002 34025
5102 49362
5202 6935
5302 21824
5402 40453
5502 44662
5602 22725
5702 12570
5802 40699
5902 49813
6002 59467
6102 58796
6202 6995
6302 31394
6402 27351
6502 61384
6602 2566
6702 40708
6802 55399
6902 31537
7002 22852
7102 28227
7202 3474
7302 37279
7402 4628
7502 53404
7602 31258
7702 21734
7802 52824
7902 1049
8002 45862
8102 9643
8202 44342
8302 50925
8402 62180
8502 26174
8602 30405
8702 18827
8802 31941
8902 17824
9002 3829
9102 42991
9202 62534
9302 40720
9402 19393
9502 52266
9602 38737
9702 31482
9802 60650
9902 5105
10002 26971
10102 20732
10202 57290
10302 34519
10402 38576
10502 5990
10602 55438
10702 40657
10802 3372
10902 12479
11002 7482
11102 2681
11202 10171
11302 30842
11402 31496
11502 6505
11602 44061
11702 36139
11802 23282
11902 7579
12002 42234
12102 20427
12202 49372
12302 8530
12402 51799
12502 29037
12602 1273
12702 56120
12802 39124
12902 51890
13002 14496
13102 62428
13202 31363
13302 26226
13402 38094
13502 33634
13602 49132
13702 52001
13802 25340
13902 4780
14002 40724
14102 52957
14202 8889
14302 3532
14402 47130
14502 42147
14602 58643
14702 1138
14802 29337
14902 42809
15002 1683
15102 2425
15202 51783
15302 41011
15402 32775
15502 8425
15602 48267
15702 43960
15802 42340
15902 19581
16002 40666
16102 34098
16202 59430
16302 64996
16402 43379
16502 21662
16602 41349
16702 31509
16802 4952
16902 508
17002 64618
17102 59639
17202 53576
17302 28488
17402 15373
17502 56069
17602 37842
17702 62680
17802 60401
17902 47147
18002 22878
18102 64484
18202 4560
18302 41241
18402 25585
18502 61187
18602 55678
18702 37767
18802 52356
18902 63285
19002 14079
19102 5374
19202 37418
19302 46066
19402 37579
19502 32549
19602 14813
19702 26900
19802 8675
19902 23130
20002 53342
20102 59685
20202 22992
20302 24511
20402 39988
20502 1285
20602 46303
20702 25040
20802 64827
20902 51794
21002 58509
21102 19882
21202 32155
21302 57788
21402 44931
21502 7287
21602 25534
21702 52528
21802 51630
21902 45553
22002 37953
22102 1938
22202 31426
22302 51366
22402 14790
22502 59205
22602 30952
22702 38770
22802 30220
22902 45776
23002 49855
23102 46512
23202 41032
23302 45147
23402 60999
23502 10515
23602 13398
23702 31451
23802 46944
23902 33769
24002 64220
24102 55035
24202 15387
24302 24994
24402 16186
24502 6410
24602 45269
24702 21495
24802 58917
24902 3333
25002 7433
25102 11247
25202 50411
25302 1345
25402 15667
25502 46573
25602 56881
25702 57539
25802 2228
25902 12066
26002 17273
26102 57285
26202 54738
26302 55667
26402 3738
26502 38372
26602 8720
26702 17367
26802 44684
26902 38915
27002 48777
27102 12951
27202 14492
27302 13648
27402 26697
27502 61222
27602 35580
27702 35359
27802 11805
27902 64728
28002 20588
28102 43927
28202 57374
28302 21434
28402 53386
28502 49107
28602 9985
28702 26296
28802 29535
28902 2063
29002 42557
29102 60813
29202 19413
29302 10589
29402 47382
29502 46474
29602 58127
29702 25495
29802 57409
29902 16646
30002 52112
30102 49775
30202 61309
30302 44811
30402 35513
30502 4975
30602 22596
30702 53991
30802 64555
30902 39680
31002 17592
31102 18850
31202 4894
31302 62784
31402 15222
31502 54752
31602 24514
31702 13852
31802 49412
31902 48602
32002 17681
32102 45781
32202 40464
32302 29301
32402 63280
32502 55012
32602 35195
32702 51674
32802 50504
32902 6429
33002 18250
33102 3488
33202 38497
33302 32379
33402 59553
33502 32407
33602 53217
33702 61243
33802 670
33902 64298
34002 52248
34102 44588
34202 53538
34302 29240
34402 25814
34502 64675
34602 58843
34702 59113
34802 65204
34902 61733
35002 44545
35102 5213
35202 10956
35302 167
35402 33357
35502 39301
35602 6708
35702 63857
35802 32462
35902 32269
36002 48111
36102 34420
36202 34219
36302 14833
36402 32422
36502 46250
36602 3507
36702 4442
36802 32178
36902 23497
37002 6875
37102 17379
37202 48703
37302 22741
37402 25649
37502 31486
37602 32823
37702 18866
37802 55151
37902 15506
38002 39814
38102 9753
38202 38834
38302 61432
38402 16679
38502 14808
38602 42381
38702 6751
38802 3194
38902 28582
39002 50338
39102 664
39202 47777
39302 45941
39402 38482
39502 64246
39602 55731
39702 43577
39802 52599
39902 51212
40002 46402
40102 26420
40202 37081
40302 57582
40402 12506
40502 40190
40602 26253
40702 39513
40802 23154
40902 35082
41002 48963
41102 41900
41202 24750
41302 56440
41402 24295
41502 32091
41602 57513
41702 62641
41802 61060
41902 15820
42002 22748
42102 25844
42202 25522
42302 53654
42402 61834
42502 27242
42602 26062
42702 54549
42802 53615
42902 13025
43002 30485
43102 11945
43202 16304
43302 28174
43402 30902
43502 43355
43602 53102
43702 49949
43802 14360
43902 30796
44002 20375
44102 44280
44202 51367
44302 43062
44402 58350
44502 36651
44602 63539
44702 57868
44802 18281
44902 43103
45002 47882
45102 21448
45202 20677
45302 41616
45402 16624
45502 56944
45602 31140
45702 64643
45802 45811
45902 49183
46002 47467
46102 51890
46202 45676
46302 26537
46402 22187
46502 56943
46602 33577
46702 48652
46802 49083
46902 41608
47002 39016
47102 11973
47202 32804
47302 46545
47402 15427
47502 16166
47602 47782
47702 14935
47802 5357
47902 14816
48002 63633
48102 46870
48202 44642
48302 46504
48402 3446
48502 62710
48602 42910
48702 18138
48802 19321
48902 18619
49002 53123
49102 14301
49202 28041
49302 52992
49402 49375
49502 52358
49602 29805
49702 32746
49802 690
49902 46377
50002 4892
50102 23543
50202 50716
50302 61867
50402 56529
50502 59584
50602 40723
50702 100
50802 21124
50902 40768
51002 37996
51102 39781
51202 35854
51302 35434
51402 39486
51502 399
51602 63271
51702 52908
51802 56267
51902 24311
52002 14364
52102 46628
52202 55539
52302 57256
52402 38771
52502 27238
52602 6298
52702 23955
52802 37630
52902 22556
53002 17140
53102 49015
53202 60487
53302 23356
53402 16252
53502 40146
53602 51843
53702 52520
53802 20553
53902 44835
54002 3695
54102 17842
54202 26774
54302 35107
54402 56188
54502 23274
54602 65323
54702 45878
54802 22170
54902 31774
55002 591
55102 8133
55202 10251
55302 43504
55402 5760
55502 53098
55602 60311
55702 39592
55802 29072
55902 24812
56002 59361
56102 9141
56202 13120
56302 64966
56402 36643
56502 51172
56602 14618
56702 33120
56802 20378
56902 62610
57002 26606
57102 35725
57202 44004
57302 53011
57402 56993
57502 15732
57602 28607
57702 63954
57802 12237
57902 56491
58002 20409
58102 34831
58202 47348
58302 33163
58402 22214
58502 8621
58602 11355
58702 31029
58802 15890
58902 34551
59002 20862
59102 61539
59202 51176
59302 52229
59402 60166
59502 5110
59602 53557
59702 48792
59802 7458
59902 56954
60002 32015
60102 46328
60202 57075
60302 41684
60402 32154
60502 37406
60602 30884
60702 10123
60802 57384
60902 33910
61002 60067
61102 37465
61202 43791
61302 18941
61402 59927
61502 48766
61602 40862
61702 1881
61802 20926
61902 50802
62002 59044
62102 31982
62202 9237
62302 9054
62402 19740
62502 11468
62602 30464
62702 49791
62802 48535
62902 16171
63002 25762
63102 33017
63202 59929
63302 51275
63402 44707
63502 62404
63602 9947
63702 7512
63802 51818
63902 7577
64002 23475
64102 7994
64202 35036
64302 36032
64402 32164
64502 60055
64602 46784
64702 46426
64802 16051
64902 463
65002 40035
65102 64525
65202 35796
65302 63166
65402 16145
65502 54534
65602 41230
65702 518
65802 13636
65902 18597
66002 15851
66102 10762
66202 20754
66302 20993
66402 7455
66502 8511
66602 57265
66702 32057
66802 38747
66902 37136
67002 194
67102 38262
67202 8602
67302 51040
67402 7747
67502 15253
67602 61357
67702 28558
67802 48001
67902 29718
68002 63236
68102 55392
68202 42362
68302 6539
68402 1010
68502 13783
68602 24574
68702 57007
68802 60893
68902 60514
69002 46787
69102 29244
69202 41399
69302 30549
69402 16222
69502 49611
69602 6949
69702 17026
69802 7097
69902 46646
70002 34933
70102 29952
70202 55928
70302 58140
70402 31758
70502 60741
70602 12814
70702 48068
70802 63971
70902 1458
71002 14530
71102 19491
71202 59004
71302 43864
71402 57116
71502 11711
71602 48405
71702 51384
71802 46903
71902 13643
72002 41277
72102 60365
72202 37735
72302 50427
72402 47437
72502 36279
72602 65293
72702 13999
72802 32750
72902 48070
73002 985
73102 50190
73202 7612
73302 6326
73402 16967
73502 45679
73602 38945
73702 30264
73802 17817
73902 2031
74002 55689
74102 53267
74202 33730
74302 22386
74402 13889
74502 7441
74602 48499
74702 35825
74802 52220
74902 5640
75002 62407
75102 55830
75202 19691
75302 514
75402 33490
75502 45648
75602 27064
75702 52469
75802 24540
75902 9228
76002 45351
76102 39541
76202 3680
76302 58719
76402 48219
76502 5462
76602 1459
76702 55065
76802 8579
76902 41428
77002 30780
77102 49195
77202 7153
77302 51178
77402 12110
77502 45283
77602 1459
77702 55650
77802 58792
77902 28479
78002 43063
78102 7434
78202 26207
78302 5670
78402 64234
78502 45798
78602 3446
78702 9884
78802 58601
78902 54574
79002 49827
79102 13600
79202 21031
79302 37439
79402 53481
79502 20261
79602 35212
79702 41887
79802 5605
79902 7847
80002 64887
80102 31071
80202 64669
80302 34047
80402 29957
80502 9004
80602 64793
80702 48643
80802 58013
80902 64076
81002 36714
81102 30979
81202 54516
81302 20468
81402 30295
81502 34370
81602 18399
81702 45503
81802 62941
81902 60522
82002 58285
82102 58330
82202 28769
82302 11662
82402 57391
82502 19959
82602 55355
82702 60024
82802 21509
82902 29978
83002 15723
83102 5956
83202 42871
83302 31050
83402 11675
83502 14831
83602 1464
83702 35916
83802 7646
83902 11450
84002 65525
84102 31968
84202 21342
84302 41924
84402 44033
84502 26827
84602 56867
84702 12135
84802 42473
84902 64831
85002 6454
85102 51522
85202 15130
85302 65058
85402 61652
85502 39914
85602 38781
85702 3080
85802 4736
85902 4041
86002 50202
86102 16574
86202 8851
86302 26682
86402 9975
86502 8740
86602 44881
86702 47540
86802 34456
86902 59699
87002 27806
87102 53542
87202 41733
87302 16047
87402 35942
87502 5469
87602 3273
87702 59292
87802 19455
87902 55055
88002 20517
88102 55823
88202 41866
88302 45097
88402 6897
88502 2339
88602 6706
88702 37728
88802 50227
88902 43017
89002 62269
89102 14223
89202 61559
89302 30169
89402 39404
89502 22989
89602 64018
89702 22142
89802 44207
89902 29360
90002 61381
90102 49734
