102 32169
202 20469
302 37568
402 59178
502 37540
602 42681
702 27502
802 63944
902 35188
1002 5240
1102 30525
1202 59273
1302 62028
1402 23541
1502 32748
1602 32257
1702 60209
1802 34550
1902 35616
2002 23281
2102 25709
2202 46519
2302 25358
2402 6998
2502 64169
2602 1869
2702 35064
2802 58799
2902 32305
3002 5795
3102 49836
3202 18680
3302 18063
3402 3874
3502 46000
3602 9355
3702 8662
3802 63260
3902 46845
4002 54371
4102 37325
4202 5894
4302 62896
4402 46559
4502 35923
4602 52667
4702 56682
4802 35838
4902 6695
5002 14353
5102 19600
5202 60733
5302 39269
5402 53020
5502 61405
5602 53905
5702 30370
5802 61427
5902 54391
6002 32216
6102 61025
6202 5009
6302 61429
6402 44122
6502 60939
6602 4852
6702 26545
6802 2834
6902 21609
7002 2265
7102 64485
7202 39321
7302 56801
7402 46190
7502 39353
7602 16936
7702 31953
7802 39761
7902 33580
8002 48317
8102 12048
8202 10030
8302 56740
8402 42408
8502 61096
8602 28587
8702 23780
8802 47642
8902 325
9002 43598
9102 47984
9202 57574
9302 23212
9402 52727
9502 21825
9602 6864
9702 37833
9802 61638
9902 37672
10002 23894
10102 2869
10202 65346
10302 62024
10402 44327
10502 54637
10602 10351
10702 56569
10802 13581
10902 41298
11002 39083
11102 61973
11202 5234
11302 45606
11402 24184
11502 59871
11602 63805
11702 24786
11802 49312
11902 821
12002 32240
12102 58310
12202 60630
12302 8890
12402 36817
12502 57028
12602 2978
12702 6116
12802 63338
12902 63985
13002 26443
13102 41859
13202 6683
13302 5878
13402 47081
13502 18472
13602 27629
13702 44530
13802 47994
13902 60192
14002 12303
14102 51223
14202 44060
14302 55907
14402 51101
14502 56724
14602 64521
14702 34395
14802 47892
14902 20661
15002 28630
15102 41613
15202 12457
15302 50923
15402 4401
15502 45592
15602 58064
15702 4200
15802 62266
15902 22456
16002 20852
16102 2394
16202 46441
16302 20721
16402 61443
16502 8170
16602 61617
16702 50214
16802 13211
16902 1116
17002 5049
17102 48822
17202 56668
17302 5207
17402 2794
17502 64039
17602 41650
17702 64642
17802 27703
17902 53868
18002 18188
18102 4705
18202 53872
18302 31222
18402 59925
18502 2571
18602 57945
18702 25607
18802 59368
18902 41094
19002 6366
19102 56766
19202 51942
19302 5109
19402 8041
19502 18066
19602 30444
19702 52341
19802 43704
19902 44606
20002 63491
20102 7289
20202 33110
20302 44189
20402 53383
20502 54481
20602 42466
20702 16165
20802 63957
20902 26252
21002 43630
21102 30815
21202 37153
21302 4841
21402 29151
21502 21308
21602 37967
21702 8887
21802 3519
21902 60422
22002 26777
22102 4653
22202 86
22302 13957
22402 20775
22502 9307
22602 47492
22702 62794
22802 47913
22902 47344
23002 25397
23102 64378
23202 60136
23302 17982
23402 62487
23502 51497
23602 51830
23702 15866
23802 55277
23902 43963
24002 19677
24102 49060
24202 50241
24302 14477
24402 48710
24502 36532
24602 64397
24702 56043
24802 51854
24902 57349
25002 11008
25102 61435
25202 13626
25302 61637
25402 26584
25502 21527
25602 17079
25702 9675
25802 690
25902 33960
26002 54046
26102 62365
26202 59480
26302 52996
26402 59818
26502 38551
26602 24846
26702 36667
26802 22604
26902 45727
27002 3959
27102 7947
27202 41980
27302 58139
27402 48969
27502 5873
27602 47128
27702 19928
27802 36320
27902 54213
28002 42594
28102 59097
28202 21532
28302 51518
28402 35326
28502 20088
28602 13476
28702 47117
28802 59579
28902 36712
29002 10160
29102 55414
29202 22292
29302 3890
29402 20348
29502 65349
29602 61442
29702 63284
29802 19079
29902 9885
30002 31007
30102 45966
30202 3729
30302 59428
30402 19503
30502 28114
30602 30777
30702 54275
30802 55101
30902 9500
31002 44394
31102 26094
31202 43179
31302 62133
31402 15520
31502 44307
31602 3382
31702 2894
31802 35147
31902 4924
32002 19947
32102 45320
32202 59589
32302 721
32402 23643
32502 38392
32602 46535
32702 58265
32802 30696
32902 64346
33002 2909
33102 60422
33202 6186
33302 16085
33402 57339
33502 14738
33602 14394
33702 63008
33802 15527
33902 60629
34002 4250
34102 25889
34202 16641
34302 35127
34402 22873
34502 30147
34602 1403
34702 58137
34802 55736
34902 44548
35002 58680
35102 37403
35202 12826
35302 33904
35402 19800
35502 26662
35602 36303
35702 51785
35802 38490
35902 36422
36002 20515
36102 33577
36202 4837
36302 53823
36402 12550
36502 27668
36602 52078
36702 22919
36802 41401
36902 45317
37002 12793
37102 61313
37202 64222
37302 139
37402 24734
37502 61874
37602 52999
37702 31668
37802 12833
37902 40351
38002 57529
38102 64698
38202 51374
38302 63564
38402 43477
38502 58476
38602 53808
38702 41602
38802 23631
38902 61816
39002 27461
39102 55244
39202 27039
39302 35375
39402 21686
39502 31003
39602 17344
39702 52505
39802 19842
39902 15265
40002 40520
40102 59632
40202 281
40302 13060
40402 31657
40502 20037
40602 35048
40702 55287
40802 61940
40902 53367
41002 52617
41102 17281
41202 35091
41302 28741
41402 32456
41502 45356
41602 40146
41702 52395
41802 12900
41902 20062
42002 31762
42102 1320
42202 25616
42302 55768
42402 6801
42502 49591
42602 33380
42702 59095
42802 51130
42902 10488
43002 37294
43102 9442
43202 29914
43302 42965
43402 51951
43502 8036
43602 22937
43702 25048
43802 42994
43902 63990
44002 34498
44102 8563
44202 8497
44302 27110
44402 61671
44502 47261
44602 36065
44702 16574
44802 43518
44902 20536
45002 54338
45102 37561
45202 50816
45302 36146
45402 36704
45502 39203
45602 33111
45702 64550
45802 18888
45902 16098
46002 17705
46102 39167
46202 22595
46302 26721
46402 50451
46502 27586
46602 57870
46702 8162
46802 14018
46902 40948
47002 32678
47102 64585
47202 52924
47302 29577
47402 39820
47502 11743
47602 48236
47702 65390
47802 17427
47902 61924
48002 30951
48102 42761
48202 65456
48302 51372
48402 28802
48502 27769
48602 59529
48702 15832
48802 50714
48902 35182
49002 3741
49102 3877
49202 65443
49302 46951
49402 51624
49502 46282
49602 23818
49702 6199
49802 61819
49902 17744
50002 45871
50102 44385
50202 19464
50302 8395
50402 28501
50502 54005
50602 49081
50702 48796
50802 32560
50902 6426
51002 60008
51102 22714
51202 36423
51302 39591
51402 1546
51502 44879
51602 5823
51702 43004
51802 51300
51902 33322
52002 23387
52102 49229
52202 64415
52302 37276
52402 3521
52502 39778
52602 39300
52702 35808
52802 15822
52902 6064
53002 64898
53102 19002
53202 5693
53302 43376
53402 31360
53502 28643
53602 51176
53702 55062
53802 54520
53902 52328
54002 50333
54102 15750
54202 35936
54302 34259
54402 17583
54502 59779
54602 64260
54702 54949
54802 8229
54902 56865
55002 28954
55102 19625
55202 52605
55302 48114
55402 59595
55502 36995
55602 21254
55702 55181
55802 8783
55902 47299
56002 6887
56102 57771
56202 45715
56302 1799
56402 14707
56502 42276
56602 48023
56702 64353
56802 60547
56902 30510
57002 54250
57102 42850
57202 5347
57302 43151
57402 17471
57502 32682
57602 26427
57702 25684
57802 62541
57902 17146
58002 32245
58102 19036
58202 9829
58302 13579
58402 23162
58502 4876
58602 54357
58702 53039
58802 39488
58902 13132
59002 56585
59102 12421
59202 9441
59302 54069
59402 137
59502 44644
59602 4021
59702 110
59802 43925
59902 38148
60002 43885
60102 39626
60202 36129
60302 22848
60402 33195
60502 58411
60602 46007
60702 42949
60802 25053
60902 20309
61002 6895
61102 48863
61202 36702
61302 32582
61402 20394
61502 5451
61602 22564
61702 36964
61802 871
61902 13374
62002 48831
62102 13289
62202 22962
62302 14803
62402 11270
62502 26684
62602 41603
62702 40911
62802 377
62902 35009
63002 46377
63102 61353
63202 35037
63302 6642
63402 32407
63502 17483
63602 42886
63702 32194
63802 60147
63902 25979
64002 62429
64102 45784
64202 5919
64302 2277
64402 40147
64502 24265
64602 59701
64702 21845
64802 50075
64902 62469
65002 34437
65102 52259
65202 20397
65302 7278
65402 55815
65502 16471
65602 58602
65702 55840
65802 21413
65902 43765
66002 56806
66102 39786
66202 58029
66302 48701
66402 35723
66502 40628
66602 20597
66702 58434
66802 57554
66902 45231
67002 49512
67102 926
67202 38465
67302 59717
67402 3945
67502 53671
67602 12578
67702 27881
67802 40824
67902 38862
68002 25409
68102 27227
68202 14861
68302 40713
68402 38369
68502 192
68602 16191
68702 63359
68802 29536
68902 30950
69002 21968
69102 3041
69202 61785
69302 12663
69402 19227
69502 40564
69602 60364
69702 37979
69802 59215
69902 47083
70002 59
70102 13000
70202 59147
70302 42530
70402 44184
70502 21842
70602 675
70702 13076
70802 22767
70902 29891
71002 41416
71102 59773
71202 28007
71302 482
71402 36302
71502 25851
71602 60363
71702 40511
71802 2862
71902 30563
72002 18021
72102 5794
72202 21896
72302 49143
72402 52618
72502 37746
72602 42893
72702 7503
72802 27702
72902 17055
73002 29943
73102 63290
73202 34616
73302 21771
73402 32265
73502 27482
73602 10623
73702 39772
73802 27092
73902 14742
74002 29266
74102 42281
74202 64939
74302 18588
74402 19816
74502 41285
74602 59127
74702 26900
74802 220
74902 48367
75002 27058
75102 36122
75202 21889
75302 55429
75402 31383
75502 7594
75602 29214
75702 522
75802 10563
75902 39049
76002 10237
76102 49757
76202 26111
76302 53119
76402 64062
76502 9983
76602 54417
76702 64555
76802 8281
76902 2831
77002 42450
77102 17266
77202 33336
77302 14271
77402 57090
77502 61858
77602 31244
77702 33579
77802 37347
77902 28614
78002 46475
78102 49784
78202 57744
78302 15879
78402 64056
78502 13718
78602 16437
78702 58613
78802 3984
78902 52491
79002 36550
79102 53204
79202 47423
79302 26049
79402 4773
79502 26392
79602 29505
79702 12323
79802 17568
79902 13569
80002 28943
80102 31471
80202 43520
80302 12520
80402 37710
80502 18196
80602 64217
80702 18436
80802 851
80902 35447
81002 55948
81102 7783
81202 64371
81302 26356
81402 58968
81502 23484
81602 54247
81702 46089
81802 38493
81902 29462
82002 40742
82102 62831
82202 28979
82302 34113
82402 58504
82502 55683
82602 1834
82702 11715
82802 33416
82902 11447
83002 18902
83102 58815
83202 50341
83302 53694
83402 27614
83502 18478
83602 5543
83702 41224
83802 50448
83902 32876
84002 23765
84102 39671
84202 65515
84302 34079
84402 3602
84502 14142
84602 43001
84702 6725
84802 10778
84902 21295
85002 39214
85102 23029
85202 28081
85302 19564
85402 28075
85502 23726
85602 11071
85702 7520
85802 3539
85902 46668
86002 26183
86102 7451
86202 27464
86302 2423
86402 50191
86502 10543
86602 7455
86702 8871
86802 60606
86902 39527
87002 37808
87102 42515
87202 3559
87302 28940
87402 22673
87502 56543
87602 60376
87702 58070
87802 20035
87902 57951
88002 35490
88102 12355
88202 36171
88302 53671
88402 43592
88502 30925
88602 11201
88702 62437
88802 20121
88902 31914
89002 13075
89102 30504
89202 9686
89302 11510
89402 26305
89502 19269
89602 59389
89702 4631
89802 38401
89902 58007
90002 45518
90102 44117
90202 64239
