102 36946
202 16739
302 3446
402 41922
502 61925
602 3236
702 22334
802 6682
902 46400
1002 19231
1102 30804
1202 36556
1302 58350
1402 64316
1502 46409
1602 46842
1702 1576
1802 17964
1902 10568
2002 18125
2102 13000
2202 43641
2302 39076
2402 60783
2502 59223
2602 28961
2702 33916
2802 6141
2902 12448
3002 18901
3102 3100
3202 4544
3302 15036
3402 21200
3502 41839
3602 30015
3702 45723
3802 459
3902 4646
4002 37675
4102 32923
4202 30381
4302 40302
4402 16831
4502 45946
4602 62726
4702 4829
4802 44249
4902 41504
5002 47763
5102 61862
5202 39696
5302 30334
5402 12967
5502 34170
5602 10783
5702 49318
5802 44856
5902 53076
6002 30790
6102 32187
6202 63002
6302 15305
6402 20188
6502 50734
6602 63829
6702 19455
6802 38886
6902 19704
7002 39621
7102 57469
7202 18930
7302 47161
7402 6513
7502 11234
7602 44109
7702 58022
7802 10327
7902 33409
8002 36151
8102 16394
8202 2226
8302 56757
8402 57873
8502 14785
8602 49522
8702 17647
8802 59929
8902 36563
9002 46664
9102 26538
9202 64602
9302 17794
9402 8168
9502 3559
9602 8718
9702 24665
9802 22706
9902 37986
10002 44620
10102 45706
10202 37648
10302 65524
10402 42677
10502 42911
10602 48119
10702 26462
10802 58737
10902 10138
11002 27255
11102 9836
11202 20599
11302 53554
11402 43546
11502 64613
11602 48569
11702 51493
11802 18331
11902 60202
12002 62434
12102 20355
12202 51493
12302 15986
12402 59406
12502 34902
12602 23482
12702 58066
12802 37287
12902 39782
13002 61679
13102 62296
13202 53782
13302 43106
13402 61935
13502 16362
13602 15029
13702 33611
13802 29421
13902 35
14002 31284
14102 47285
14202 58130
14302 11551
14402 61902
14502 61727
14602 1908
14702 5799
14802 1526
14902 22538
15002 52394
15102 25403
15202 46804
15302 25665
15402 60679
15502 26410
15602 26600
15702 31018
15802 49007
15902 30621
16002 40749
16102 60444
16202 17384
16302 18578
16402 61153
16502 42621
16602 32066
16702 16681
16802 40417
16902 1636
17002 35598
17102 49418
17202 43686
17302 7337
17402 33655
17502 43296
17602 9156
17702 56151
17802 15475
17902 23887
18002 61743
18102 52683
18202 55818
18302 48049
18402 61487
18502 27976
18602 64805
18702 16990
18802 21623
18902 54762
19002 61722
19102 43814
19202 13548
19302 22463
19402 48204
19502 59590
19602 4562
19702 39692
19802 51477
19902 4837
20002 35140
20102 25299
20202 55888
20302 16746
20402 52123
20502 47104
20602 54118
20702 23106
20802 35276
20902 47805
21002 26961
21102 38058
21202 5253
21302 52015
21402 13012
21502 22702
21602 31223
21702 59005
21802 41306
21902 50076
22002 4987
22102 2219
22202 37086
22302 49527
22402 38484
22502 37717
22602 39856
22702 47551
22802 40360
22902 7876
23002 37501
23102 27361
23202 25357
23302 10852
23402 41090
23502 10023
23602 6251
23702 40355
23802 4672
23902 43029
24002 42539
24102 3608
24202 24666
24302 5219
24402 56363
24502 40135
24602 56464
24702 10913
24802 56674
24902 57638
25002 6984
25102 47861
25202 47923
25302 64839
25402 742
25502 41858
25602 51015
25702 36728
25802 15721
25902 10741
26002 34887
26102 13695
26202 32060
26302 54558
26402 63484
26502 58716
26602 5970
26702 33342
26802 35234
26902 25600
27002 7046
27102 4658
27202 19430
27302 34728
27402 33221
27502 61111
27602 48886
27702 36951
27802 37398
27902 258
28002 53346
28102 1097
28202 45664
28302 5316
28402 60607
28502 53808
28602 28526
28702 31838
28802 52398
28902 30130
29002 24468
29102 19511
29202 20232
29302 53100
29402 13110
29502 24963
29602 33862
29702 17725
29802 51597
29902 28045
30002 35461
30102 38704
30202 46914
30302 56920
30402 19746
30502 3464
30602 32686
30702 26361
30802 56347
30902 29874
31002 19502
31102 37812
31202 19275
31302 59217
31402 40660
