102 55869
202 52620
302 42420
402 49426
502 63708
602 63893
702 16185
802 45842
902 65369
1002 32194
1102 64727
1202 20425
1302 152
1402 61676
1502 56454
1602 38065
1702 7743
1802 53603
1902 6512
2002 6686
2102 13108
2202 44326
2302 10577
2402 7401
2502 45357
2602 12250
2702 25803
2802 49349
2902 33593
3002 6702
3102 13699
3202 40299
3302 32317
3402 17004
3502 53486
3602 34778
3702 45786
3802 44384
3902 14564
4002 9648
4102 41644
4202 45724
4302 19393
4402 11585
4502 39026
4602 55348
4702 54941
4802 58070
4902 42502
5002 53275
5102 37697
5202 39046
5302 30574
5402 47934
5502 13509
5602 23536
5702 35513
5802 44101
5902 23989
6002 44344
6102 59620
6202 12413
6302 19294
6402 55996
6502 50716
6602 12173
6702 32104
6802 15877
6902 2286
7002 41186
7102 51889
7202 45952
7302 45745
7402 22841
7502 7895
7602 25637
7702 3189
7802 34352
7902 11303
8002 34580
8102 41401
8202 21233
8302 60334
8402 41985
8502 24222
8602 44173
8702 27561
8802 27052
8902 15182
9002 28617
9102 57706
9202 41469
9302 26438
9402 35100
9502 65459
9602 63670
9702 12230
9802 65460
9902 11396
10002 29885
10102 50708
10202 56374
10302 51188
10402 59876
10502 57492
10602 53511
10702 54798
10802 8118
10902 20389
11002 30137
11102 11546
11202 39069
11302 25308
11402 16816
11502 13137
11602 21273
11702 38944
11802 45404
11902 58011
12002 36317
12102 33752
12202 40817
12302 40072
12402 54675
12502 47580
12602 29120
12702 54048
12802 61156
12902 6219
13002 24404
13102 13978
13202 32162
13302 6002
13402 22119
13502 34354
13602 163
13702 34246
13802 39810
13902 65474
14002 18567
14102 17732
14202 19519
14302 49584
14402 9102
14502 57974
14602 33150
14702 58559
14802 54083
14902 43404
15002 22395
15102 63040
15202 52633
15302 28520
15402 41208
15502 21755
15602 53200
15702 17388
15802 34677
15902 60298
16002 43380
16102 52435
16202 41789
16302 65213
16402 50171
16502 65457
16602 38789
16702 22269
16802 34971
16902 18383
17002 60179
17102 47342
17202 38337
17302 1506
17402 54202
17502 48525
17602 23224
17702 29049
17802 26525
17902 57093
18002 29014
18102 32567
18202 33886
18302 8668
18402 32120
18502 52548
18602 41483
18702 45431
18802 47482
18902 37543
19002 52982
19102 23100
19202 23020
19302 33452
19402 24821
19502 7055
19602 24907
19702 2132
19802 51648
19902 54448
20002 45844
20102 55530
20202 43615
20302 57589
20402 12059
20502 61247
20602 15922
20702 8492
20802 5493
20902 22083
21002 34256
21102 2684
21202 15251
21302 4450
21402 59552
21502 20718
21602 52085
21702 19630
21802 54365
21902 37748
22002 32946
22102 42242
22202 49222
22302 21209
22402 23780
22502 39454
22602 55551
22702 6819
22802 28927
22902 36386
23002 17553
23102 30163
23202 7714
23302 63946
23402 60835
23502 59529
23602 63657
23702 6319
23802 38425
23902 29779
24002 53572
24102 25266
24202 30437
24302 33414
24402 11706
24502 28480
24602 7195
24702 35284
24802 25955
24902 38504
25002 18616
25102 39402
25202 7488
25302 53539
25402 7869
25502 44892
25602 717
25702 6091
25802 2364
25902 21563
26002 28869
26102 33446
26202 16222
26302 21067
26402 3415
26502 45967
26602 54639
26702 8428
26802 14887
26902 44706
27002 45634
27102 21297
27202 58161
27302 11847
27402 38646
27502 40545
27602 5408
27702 34088
27802 52989
27902 50448
28002 38980
28102 52522
28202 41383
28302 48814
28402 1272
28502 49714
28602 32202
28702 44353
28802 32576
28902 6920
29002 16466
29102 39341
29202 52882
29302 174
29402 22550
29502 273
29602 24051
29702 2854
29802 10226
29902 7061
30002 65108
30102 25797
30202 26253
30302 45733
30402 16425
30502 48703
30602 57892
30702 8262
30802 46314
30902 58628
31002 60543
31102 13327
31202 34629
31302 25288
31402 24393
31502 27234
31602 59995
31702 22632
31802 42135
31902 64791
32002 48555
32102 39865
32202 39387
32302 19804
32402 8
32502 22999
32602 8706
32702 22830
32802 16790
32902 1367
33002 7823
33102 7519
33202 38200
33302 27631
33402 48326
33502 40914
33602 21966
33702 53943
33802 42546
33902 55718
34002 49668
34102 30676
34202 47335
34302 4646
34402 37439
34502 23819
34602 38403
34702 25596
34802 25959
34902 42219
35002 64469
35102 24885
35202 35471
35302 35955
35402 9439
35502 18089
35602 50015
35702 3066
35802 28149
35902 11449
36002 21938
36102 17442
36202 21713
36302 13663
36402 60553
36502 60750
36602 43669
36702 34873
36802 47270
36902 11452
37002 15902
37102 22461
37202 29790
37302 5731
37402 10059
37502 65206
37602 65042
37702 62530
37802 48730
37902 2577
38002 30349
38102 31778
38202 4661
38302 8031
38402 40469
38502 42502
38602 9733
38702 39948
38802 30239
38902 44767
39002 5688
39102 18645
39202 53770
39302 60842
39402 42236
39502 29294
39602 8741
39702 37752
39802 40369
39902 33230
40002 58419
40102 35656
40202 44180
40302 47251
40402 37847
40502 33155
40602 51419
40702 42923
40802 6769
40902 24473
41002 42291
41102 63146
41202 752
41302 40441
41402 24322
41502 27870
41602 35595
41702 43276
41802 56930
41902 33588
42002 41973
42102 63862
42202 43445
42302 26426
42402 39719
42502 14039
42602 47524
42702 23381
42802 57956
42902 31626
43002 9090
43102 16686
43202 5667
43302 43745
43402 40459
43502 34863
43602 60798
43702 43142
43802 33713
43902 31129
44002 3258
44102 29339
44202 63987
44302 39978
44402 2728
44502 36038
44602 29356
44702 40245
44802 24350
44902 38448
45002 52640
45102 24382
45202 39652
45302 2215
45402 19118
45502 22507
45602 50075
45702 14260
45802 59060
45902 40892
46002 33313
46102 7228
46202 4645
46302 16276
46402 15211
46502 18100
46602 9115
46702 8159
46802 47422
46902 54194
47002 60365
47102 21533
47202 37890
47302 57529
47402 56827
47502 51799
47602 20357
47702 61611
47802 29164
47902 56905
48002 22981
48102 64518
48202 59591
48302 59362
48402 63901
48502 21489
48602 18884
48702 58965
48802 45747
48902 53317
49002 28936
49102 49628
49202 27926
49302 54316
49402 51116
49502 7120
49602 3172
49702 15943
49802 27920
49902 7796
50002 42463
50102 63079
50202 158
50302 57179
50402 16653
50502 57105
50602 60271
50702 42797
50802 7722
50902 31334
51002 7618
51102 46837
51202 61308
51302 25654
51402 48676
51502 41670
51602 21389
51702 64296
51802 6991
51902 746
52002 56349
52102 7536
52202 25498
52302 50321
52402 53220
52502 31737
52602 51621
52702 20853
52802 36766
52902 16240
53002 55906
53102 45569
53202 11258
53302 27359
53402 9789
53502 30767
53602 37385
53702 20999
53802 40636
53902 40127
54002 54339
54102 5511
54202 58289
54302 45894
54402 31917
54502 23852
54602 17627
54702 60734
54802 34322
54902 56434
55002 46468
55102 63706
55202 57730
55302 56889
55402 15943
55502 36920
55602 64264
55702 43354
55802 11134
55902 20602
56002 63646
56102 39653
56202 3535
56302 27065
56402 20960
56502 9425
56602 54705
56702 47199
56802 47658
56902 47358
57002 6189
57102 13136
57202 22244
57302 60184
57402 10616
57502 53820
57602 50922
57702 53125
57802 49373
57902 56835
58002 14697
58102 36262
58202 23503
58302 63302
58402 26421
58502 8988
58602 50521
58702 65115
58802 12323
58902 59038
59002 25206
59102 58476
59202 64062
59302 22619
59402 974
59502 27187
59602 32524
59702 23214
59802 12059
59902 22786
60002 8493
60102 64424
60202 44207
60302 8786
60402 50430
60502 64214
60602 33175
60702 12472
60802 41178
60902 46792
61002 24282
61102 55830
61202 33763
61302 64750
61402 3444
61502 62066
61602 18955
61702 9540
61802 20332
61902 28491
62002 40531
62102 5474
62202 55626
62302 19893
62402 30180
62502 50017
62602 12364
62702 1193
62802 48869
62902 42453
63002 40567
63102 38015
63202 26390
63302 35946
63402 38622
63502 2511
63602 42001
63702 42706
63802 5124
63902 25950
64002 35254
64102 51460
64202 12119
64302 31246
64402 16685
64502 22048
64602 10637
64702 50343
64802 43956
64902 64837
65002 18211
65102 18762
65202 53515
65302 51215
65402 37482
65502 58909
65602 31525
65702 20695
65802 1475
65902 49811
66002 58486
66102 20402
66202 20034
66302 57092
66402 6079
66502 28966
66602 37088
66702 56469
66802 20110
66902 16026
67002 50026
67102 64178
67202 21764
67302 59986
67402 1818
67502 45872
67602 17348
67702 11711
67802 62756
67902 18188
68002 10167
68102 16842
68202 10627
68302 55514
68402 39819
68502 33745
68602 35052
68702 23262
68802 58365
68902 40423
69002 11997
69102 52649
69202 59993
69302 2329
69402 205
69502 34777
69602 42915
69702 62802
69802 574
69902 62138
70002 36238
70102 60721
70202 13852
70302 44682
70402 18861
70502 14688
70602 43765
70702 62368
70802 48671
70902 13903
71002 31046
71102 48144
71202 61139
71302 48245
71402 6839
71502 24924
71602 19461
71702 34623
71802 40700
71902 14918
72002 2827
72102 64186
72202 60564
72302 46309
72402 30972
72502 58702
72602 24942
72702 61815
72802 41845
72902 3289
73002 1968
73102 28387
73202 24270
73302 31134
73402 64321
73502 9051
73602 62059
73702 54061
73802 63566
73902 54443
74002 10296
74102 13414
74202 39029
74302 23905
74402 21594
74502 7003
74602 32929
74702 31945
74802 21740
74902 46476
75002 10004
75102 24743
75202 11559
75302 6583
75402 58469
75502 11650
75602 38166
75702 5663
75802 37696
75902 626
76002 59919
76102 39723
76202 10319
76302 49471
76402 1003
76502 33451
76602 59091
76702 19356
76802 24486
76902 64240
77002 61441
77102 5257
77202 41078
77302 55079
77402 5858
77502 29095
77602 23995
77702 54110
77802 27811
77902 36973
78002 58176
78102 39884
78202 37324
78302 42573
78402 27448
78502 45813
78602 43737
78702 19965
78802 48466
78902 2808
79002 12575
79102 25149
79202 53284
79302 1966
79402 38503
79502 13817
79602 28907
79702 31592
79802 7947
79902 61322
80002 62613
80102 45109
80202 23641
80302 4644
80402 13004
80502 60533
80602 33421
80702 62294
80802 59256
80902 15296
81002 45531
81102 26611
81202 26552
81302 17573
81402 15603
81502 13117
81602 15130
81702 44686
81802 13557
81902 46884
82002 21791
82102 1237
82202 7081
82302 45766
82402 24912
82502 19402
82602 58269
82702 12415
82802 52503
82902 64461
83002 51009
83102 38745
83202 14267
83302 9276
83402 32677
83502 62913
83602 33798
83702 26480
83802 50287
83902 45827
84002 12632
84102 62192
84202 11489
84302 34061
84402 39541
84502 32536
84602 20848
84702 57991
84802 39343
84902 14273
85002 20218
85102 20012
85202 48689
85302 19080
85402 35175
85502 16776
85602 19697
85702 22254
85802 17848
85902 59533
86002 7180
86102 46173
86202 48911
86302 7344
86402 53569
86502 64482
86602 45025
86702 45031
86802 17937
86902 54703
87002 42740
87102 18644
87202 53585
87302 42235
87402 24612
87502 21056
87602 61089
87702 31744
87802 63000
87902 20995
88002 24901
88102 23795
88202 35491
88302 15724
88402 60208
88502 15402
88602 46173
88702 54177
88802 49133
88902 1605
89002 12130
89102 56385
89202 27591
89302 58225
89402 20967
89502 11360
89602 36100
89702 14875
89802 5441
89902 36190
90002 38464
90102 26797
90202 60124
