102 11053
202 57100
302 40809
402 42793
502 11173
602 21881
702 43206
802 466
902 58219
1002 59022
1102 45400
1202 142
1302 21760
1402 46
1502 65466
1602 16960
1702 49311
1802 45775
1902 54546
2002 41139
2102 52927
2202 17209
2302 42881
2402 60686
2502 54970
2602 31345
2702 63344
2802 46593
2902 17447
3002 49875
3102 21081
3202 13827
3302 58649
3402 256
3502 58700
3602 10034
3702 35037
3802 47822
3902 9595
4002 60606
4102 2849
4202 60459
4302 58934
4402 3642
4502 45765
4602 24487
4702 50330
4802 2495
4902 38885
5002 55270
5102 16203
5202 39052
5302 2565
5402 57935
5502 61499
5602 30059
5702 56690
5802 25274
5902 47718
6002 19655
6102 35762
6202 7839
6302 16278
6402 63709
6502 38521
6602 17748
6702 26629
6802 46912
6902 10360
7002 16865
7102 23910
7202 31609
7302 15169
7402 46684
7502 59138
7602 14323
7702 15812
7802 32342
7902 45544
8002 18138
8102 22685
8202 6758
8302 33328
8402 20851
8502 15135
8602 22427
8702 6556
8802 25450
8902 39809
9002 61702
9102 44664
9202 40096
9302 57679
9402 6600
9502 32782
9602 63872
9702 48198
9802 29591
9902 27869
10002 65153
10102 51490
10202 11951
10302 29783
10402 30250
10502 63747
10602 36474
10702 59610
10802 37360
10902 53516
11002 1592
11102 37293
11202 60
11302 9676
11402 3471
11502 15045
11602 14399
11702 42767
11802 38712
11902 33363
12002 65032
12102 27336
12202 47895
12302 56946
12402 18885
12502 37928
12602 63708
12702 64147
12802 14595
12902 1391
13002 14963
13102 16814
13202 51363
13302 14567
13402 34332
13502 29656
13602 36595
13702 40521
13802 22631
13902 62194
14002 4338
14102 28995
14202 30144
14302 38727
14402 28687
14502 23474
14602 41302
14702 31720
14802 63120
14902 59689
15002 38223
15102 14995
15202 44203
15302 23894
15402 11421
15502 29300
15602 40882
15702 29201
15802 10386
15902 9525
16002 50269
16102 34694
16202 2102
16302 59847
16402 19969
16502 60535
16602 5819
16702 3381
16802 51866
16902 11900
17002 17520
17102 57259
17202 29022
17302 41721
17402 55427
17502 34867
17602 7834
17702 9582
17802 19575
17902 52822
18002 19212
18102 6571
18202 26587
18302 20048
18402 42250
18502 30831
18602 41758
18702 21928
18802 45164
18902 3498
19002 28728
19102 63092
19202 11746
19302 5041
19402 24451
19502 8979
19602 18982
19702 26501
19802 30820
19902 6328
20002 30476
20102 48590
20202 5343
20302 2406
20402 33289
20502 38509
20602 19791
20702 33585
20802 32769
20902 41350
21002 13788
21102 61167
21202 48924
21302 48594
21402 35990
21502 61375
21602 5086
21702 39838
21802 61376
21902 23182
22002 20450
22102 3587
22202 52204
22302 57019
22402 60921
22502 51575
22602 39902
22702 35608
22802 48059
22902 35840
23002 37556
23102 45816
23202 51367
23302 49432
23402 33138
23502 43748
23602 47874
23702 28065
23802 30676
23902 37280
24002 34284
24102 696
24202 2036
24302 15740
24402 62915
24502 5896
24602 40806
24702 41844
24802 57308
24902 927
25002 32373
25102 12782
25202 29796
25302 46194
25402 32801
25502 28435
25602 57522
25702 5364
25802 57918
25902 37916
26002 41167
26102 28338
26202 2329
26302 11042
26402 46747
26502 60792
26602 22012
26702 1676
26802 2395
26902 61952
27002 4522
27102 58256
27202 31110
27302 20503
27402 31314
27502 25041
27602 24113
27702 46833
27802 48521
27902 65252
28002 63604
28102 7291
28202 15604
28302 35017
28402 56294
28502 35488
28602 47194
28702 7916
28802 37421
28902 34135
29002 27298
29102 13328
29202 20059
29302 32755
29402 55464
29502 10415
29602 17604
29702 18069
29802 20970
29902 46458
30002 21595
30102 32758
30202 39695
30302 60776
30402 2350
30502 19453
30602 17345
30702 14388
30802 8574
30902 57293
31002 26279
31102 114
31202 32837
31302 13448
31402 61235
31502 6914
31602 3884
31702 22663
31802 49629
31902 18585
32002 28299
32102 7104
32202 52996
32302 33909
32402 36044
32502 62792
32602 1959
32702 28832
32802 39181
32902 56409
33002 62057
