102 28423
202 10168
302 35098
402 60198
502 62781
602 50324
702 46382
802 42216
902 41146
1002 46611
1102 29051
1202 19687
1302 12561
1402 36446
1502 15542
1602 42280
1702 22393
1802 14188
1902 62422
2002 12840
2102 6762
2202 24798
2302 29370
2402 16856
2502 33481
2602 57069
2702 18924
2802 11706
2902 36332
3002 51059
3102 20948
3202 64039
3302 15119
3402 37652
3502 59721
3602 14374
3702 28350
3802 2050
3902 55435
4002 49865
4102 30215
4202 5469
4302 59786
4402 63178
4502 12463
4602 10259
4702 6935
4802 44312
4902 44094
5002 57153
5102 62824
5202 35301
5302 14500
5402 12600
5502 48097
5602 21972
5702 53740
5802 42591
5902 39723
6002 59269
6102 35514
6202 18582
6302 4116
6402 57740
6502 45561
6602 31110
6702 20024
6802 6161
6902 42942
7002 6152
7102 14047
7202 5258
7302 40026
7402 28854
7502 11423
7602 26698
7702 29963
7802 62065
7902 42042
8002 29270
8102 29196
8202 3551
8302 24990
8402 3820
8502 42629
8602 46389
8702 50995
8802 64197
8902 26559
9002 8919
9102 51565
9202 48767
9302 39240
9402 50273
9502 37818
9602 57350
9702 19488
9802 1552
9902 63063
10002 44330
10102 14756
10202 51209
10302 47768
10402 58727
10502 58964
10602 32047
10702 28894
10802 34122
10902 65443
11002 11054
11102 48741
11202 33695
11302 35486
11402 24010
11502 51254
11602 52233
11702 5857
11802 59386
11902 53864
12002 30959
12102 48067
12202 31643
12302 49458
12402 7916
12502 7124
12602 58479
12702 50971
12802 11786
12902 45538
13002 21703
13102 22647
13202 61283
13302 54042
13402 5736
13502 62078
13602 54959
13702 51736
13802 26741
13902 23792
14002 56274
14102 52046
14202 55035
14302 51965
14402 14166
14502 40247
14602 46863
14702 41774
14802 59236
14902 24505
15002 23648
15102 30408
15202 13903
15302 44151
15402 29301
15502 62653
15602 28596
15702 25338
15802 20701
15902 4554
16002 25199
16102 6184
16202 50336
16302 45477
16402 25664
16502 47046
16602 61198
16702 4948
16802 26761
16902 40301
17002 58522
17102 8023
17202 40765
17302 63513
17402 47436
17502 25748
17602 44226
17702 5785
17802 55672
17902 60183
18002 61172
18102 39759
18202 47949
18302 44996
18402 20468
18502 2978
18602 47668
18702 61829
18802 27019
18902 52316
19002 49959
19102 27369
19202 24523
19302 27315
19402 53953
19502 45493
19602 44806
19702 57858
19802 27944
19902 32592
20002 33369
20102 42672
20202 32235
20302 61964
20402 10735
20502 52912
20602 11033
20702 35327
20802 54996
20902 10604
21002 23554
21102 20225
21202 23830
21302 34060
21402 12401
21502 9416
21602 493
21702 33323
21802 10960
21902 13560
22002 48510
22102 46024
22202 22487
22302 13888
22402 40385
22502 51613
22602 4713
22702 3190
22802 20639
22902 24457
23002 13002
23102 42898
23202 33120
23302 64742
23402 63463
23502 24573
23602 27813
23702 43473
23802 27202
23902 55718
24002 3269
24102 49407
24202 22811
24302 985
24402 38881
24502 6577
24602 19736
24702 10942
24802 2767
24902 3550
25002 12536
25102 29814
25202 7228
25302 56031
25402 28494
25502 27154
25602 14584
25702 16350
25802 51724
25902 24101
26002 31126
26102 46838
26202 59067
26302 64838
26402 63908
26502 1584
26602 50889
26702 3154
26802 28572
26902 12873
27002 65300
27102 57745
27202 33377
27302 29489
27402 19469
27502 49176
27602 59021
27702 30640
27802 55294
27902 14090
28002 65234
28102 46680
28202 10029
28302 20313
28402 37400
28502 30005
28602 24685
28702 203
28802 65125
28902 50345
29002 42887
29102 43787
29202 30514
29302 1398
29402 30587
29502 27354
29602 43071
29702 53885
29802 43102
29902 58313
30002 39296
30102 36758
30202 2089
30302 16702
30402 26575
30502 49838
30602 55180
30702 9455
30802 59411
30902 48123
31002 45059
31102 62439
31202 47979
31302 37623
31402 65490
31502 53721
31602 54464
31702 12664
31802 45643
31902 56517
32002 43868
32102 3805
32202 16569
32302 48218
32402 55439
32502 19019
32602 60887
32702 35117
32802 50205
32902 43967
33002 105
33102 36007
33202 59283
33302 45841
33402 53255
33502 1611
33602 43055
33702 45224
33802 64044
33902 20486
34002 56908
34102 19618
34202 64745
34302 48077
34402 20718
34502 36003
34602 23156
34702 13109
34802 1292
34902 11451
35002 32162
35102 52884
35202 1525
35302 43810
35402 43716
35502 12929
35602 48086
35702 65292
35802 15171
35902 32909
36002 39317
36102 53211
36202 4460
36302 419
36402 24396
36502 18980
36602 54621
36702 17890
36802 47195
36902 16141
37002 26817
37102 18113
37202 63041
37302 37509
37402 1501
37502 59167
37602 9398
37702 50379
37802 26704
37902 6927
38002 5663
38102 9845
38202 12454
38302 45357
38402 60102
38502 23378
38602 21570
38702 4989
38802 4263
38902 7006
39002 50023
39102 32093
39202 58320
39302 16361
39402 18747
39502 59743
39602 16070
39702 54992
39802 28126
39902 1573
40002 60685
40102 62595
40202 41186
40302 27356
40402 14164
40502 54628
40602 13086
40702 26608
40802 55172
40902 54827
41002 17497
41102 46467
41202 38243
41302 3995
41402 14862
41502 2556
41602 52643
41702 20310
41802 61359
41902 61537
42002 58730
42102 4965
42202 13176
42302 49072
42402 54203
42502 45275
42602 60595
42702 45437
42802 38138
42902 10879
43002 36921
43102 27620
43202 37927
43302 27927
43402 19883
43502 54517
43602 248
43702 5392
43802 49908
43902 59810
44002 45690
44102 31473
44202 38466
44302 13383
44402 61529
44502 741
44602 11374
44702 64008
44802 52201
44902 10767
45002 48881
45102 57231
45202 43489
45302 58552
45402 56561
45502 12079
45602 14183
45702 14091
45802 37197
45902 3983
46002 47655
46102 60927
46202 50916
46302 3286
46402 53740
46502 29495
46602 3244
46702 23593
46802 55767
46902 62477
47002 55888
47102 25247
47202 18416
47302 63561
47402 491
47502 47893
47602 2125
47702 40145
47802 12335
47902 33583
48002 32379
48102 33056
48202 49420
48302 26029
48402 29399
48502 23450
48602 34043
48702 49507
48802 21098
48902 9636
49002 55981
49102 17742
49202 62663
49302 15564
49402 49014
49502 35735
49602 9778
49702 59777
49802 39506
49902 61226
50002 13262
50102 11728
50202 6244
50302 64756
50402 31731
50502 37231
50602 38950
50702 49360
50802 9714
50902 45299
51002 64484
51102 835
51202 35083
51302 7237
51402 50389
51502 18760
51602 32227
51702 9274
51802 55377
51902 14366
52002 21010
52102 11252
52202 19185
52302 39291
52402 39521
52502 44554
52602 50246
52702 60912
52802 11966
52902 45250
53002 19839
53102 33912
53202 33536
53302 61141
53402 44578
53502 15054
53602 26450
53702 36359
53802 56297
53902 50981
54002 14202
54102 41751
54202 12819
54302 4652
54402 1670
54502 21345
54602 58145
54702 50124
54802 15561
54902 30294
55002 591
55102 29100
55202 28472
55302 10046
55402 18594
55502 19300
55602 61711
55702 7729
55802 63071
55902 31853
56002 23875
56102 38589
56202 4402
56302 53798
56402 3058
56502 64991
56602 63900
56702 7575
56802 32540
56902 1431
57002 18109
57102 8782
57202 40165
57302 50899
57402 62693
57502 22024
57602 9002
57702 13298
57802 27954
57902 26101
58002 35077
58102 704
58202 30099
58302 29529
58402 54734
58502 6604
58602 1505
58702 22538
58802 64624
58902 44793
59002 42157
59102 63065
59202 32263
59302 41890
59402 20265
59502 29366
59602 46123
59702 60166
59802 37698
59902 25254
60002 55439
60102 63190
60202 13132
60302 63128
60402 22869
60502 4869
60602 41959
60702 564
60802 22730
60902 2103
61002 18458
61102 52428
61202 37253
61302 45424
61402 37799
61502 52397
61602 26211
61702 49136
61802 2611
61902 30135
62002 40169
62102 3259
62202 61785
62302 45837
62402 31003
62502 38734
62602 47634
62702 57558
62802 30746
62902 60673
63002 19937
63102 55926
63202 23473
63302 10560
63402 37790
63502 27937
63602 9504
63702 52586
63802 28610
63902 45172
64002 53755
64102 32008
64202 7869
64302 55784
64402 64475
64502 43608
64602 18003
64702 48665
64802 12634
64902 32887
65002 20285
65102 40857
65202 1194
65302 48441
65402 9874
65502 62932
65602 48304
65702 47481
65802 44381
65902 9686
66002 1483
66102 29226
66202 1089
66302 18264
66402 15931
66502 7122
66602 43050
66702 12056
66802 27879
66902 29639
67002 46691
67102 33034
67202 40363
67302 9243
67402 55923
67502 55168
67602 37866
67702 50302
67802 52448
67902 46724
68002 53711
68102 26172
68202 39457
68302 5391
68402 63426
68502 33774
68602 29179
68702 58213
68802 1986
68902 54062
69002 23954
69102 31527
69202 56801
69302 34754
69402 63774
69502 101
69602 40294
69702 6169
69802 5523
69902 37924
70002 59061
70102 2022
70202 21177
70302 59927
70402 27658
70502 9366
70602 24175
70702 34953
70802 33344
70902 60621
71002 40121
71102 5686
71202 33527
71302 38541
71402 35247
71502 675
71602 3179
71702 32246
71802 9419
71902 46818
72002 10895
72102 26007
72202 52393
72302 39974
72402 28523
72502 2488
72602 15597
72702 21434
72802 20526
72902 10306
73002 25971
73102 4004
73202 24337
73302 64954
73402 12674
73502 23696
73602 58282
73702 27851
73802 24303
73902 56499
74002 65350
74102 65341
74202 26993
74302 46112
74402 61300
74502 49083
74602 35619
74702 37707
74802 21367
74902 36868
75002 15933
75102 63709
75202 14731
75302 6887
75402 8001
75502 29151
75602 6714
75702 39458
75802 22032
75902 50487
76002 54574
76102 50301
76202 36139
76302 54381
76402 19953
76502 43499
76602 19780
76702 54460
76802 41357
76902 2100
77002 18212
77102 4786
77202 8059
77302 35319
77402 60439
77502 29606
77602 1975
77702 35394
77802 42698
77902 117
78002 35299
78102 28472
78202 47114
78302 27560
78402 20088
78502 37192
78602 32589
78702 18441
78802 27011
78902 49909
79002 34247
79102 29390
79202 58742
79302 1546
79402 15290
79502 33330
79602 27882
79702 3919
79802 5567
79902 16360
80002 51824
80102 20078
80202 974
80302 6296
80402 26010
80502 62954
80602 54022
80702 45147
80802 31559
80902 4780
81002 44254
81102 37357
81202 60147
81302 46172
81402 984
81502 42826
81602 25914
81702 43441
81802 6973
81902 36194
82002 31706
82102 58831
82202 25561
82302 64700
82402 7227
82502 59735
82602 21230
82702 44396
82802 62237
82902 15488
83002 48359
83102 20082
83202 46663
83302 62228
83402 37790
83502 21721
83602 59166
83702 42520
83802 27659
83902 14926
84002 41578
84102 5708
84202 58010
84302 55829
84402 40389
84502 7393
84602 18186
84702 20952
84802 40117
84902 62999
85002 9544
85102 41617
85202 2053
85302 46849
85402 4928
85502 64670
85602 28298
85702 47197
85802 22183
85902 59406
86002 21333
86102 13946
86202 10445
86302 13702
86402 12758
86502 59210
86602 6328
86702 49923
86802 30772
86902 45296
87002 17179
87102 33003
87202 13568
87302 52470
87402 63744
87502 32640
87602 59888
87702 34494
87802 27739
87902 31034
88002 7037
88102 24591
88202 21841
88302 14448
88402 35680
88502 46041
88602 30646
88702 42113
88802 56543
88902 23616
89002 47924
89102 36267
89202 31482
89302 19936
89402 42661
89502 23966
89602 59363
89702 55364
89802 9776
89902 18670
90002 45491
90102 54342
90202 12302
90302 63421
