102 6843
202 46490
302 790
402 54052
502 6481
602 14008
702 25302
802 44410
902 985
1002 2567
1102 19447
1202 9955
1302 28222
1402 36386
1502 45850
1602 36243
1702 26810
1802 38647
1902 21507
2002 45002
2102 16413
2202 3568
2302 55965
2402 4554
2502 43557
2602 41381
2702 51250
2802 56178
2902 17584
3002 24622
3102 65139
3202 35286
3302 21698
3402 47493
3502 2265
3602 26509
3702 61314
3802 17168
3902 36819
4002 35678
4102 12100
4202 62915
4302 62928
4402 10057
4502 21386
4602 13695
4702 51468
4802 32379
4902 39396
5002 14528
5102 55332
5202 9155
5302 5525
5402 10699
5502 32735
5602 2151
5702 12897
5802 12787
5902 28177
6002 30593
6102 63532
6202 57869
6302 50825
6402 21417
6502 20723
6602 12866
6702 60361
6802 54911
6902 14537
7002 37598
7102 39076
7202 37050
7302 21808
7402 33070
7502 39839
7602 24743
7702 1222
7802 42205
7902 3651
8002 43514
8102 50174
8202 12233
8302 65038
8402 11926
8502 14876
8602 37493
8702 22490
8802 28054
8902 30350
9002 28862
9102 7434
9202 30298
9302 5218
9402 39629
9502 38233
9602 64742
9702 3536
9802 33407
9902 26937
10002 50805
10102 50919
10202 37884
10302 46389
10402 26873
10502 1078
10602 19508
10702 14519
10802 31952
10902 29827
11002 20009
11102 10178
11202 12873
11302 20141
11402 24987
11502 45953
11602 2114
11702 41393
11802 56219
11902 6896
12002 43670
12102 29672
12202 25674
12302 16241
12402 21582
12502 20248
12602 27450
12702 33311
12802 47186
12902 62011
13002 55165
13102 54287
13202 43886
13302 59656
13402 49484
13502 47957
13602 60980
13702 61339
13802 40450
13902 40619
14002 58195
14102 50118
14202 62484
14302 5422
14402 5196
14502 57514
14602 14918
14702 54533
14802 19535
14902 11945
15002 10168
15102 60373
15202 61501
15302 24875
15402 29230
15502 36949
15602 56433
15702 8240
15802 11493
15902 29806
16002 46428
16102 14116
16202 43396
16302 46786
16402 45830
16502 48900
16602 4284
16702 18584
16802 57561
16902 38835
17002 56475
17102 58725
17202 20868
17302 39051
17402 36063
17502 14582
17602 13910
17702 64561
17802 34604
17902 24419
18002 12378
18102 19525
18202 41987
18302 3294
18402 61951
18502 4008
18602 1987
18702 1985
18802 493
18902 10672
19002 5117
19102 24249
19202 26647
19302 10324
19402 8082
19502 5883
19602 17638
19702 21528
19802 35872
19902 33201
20002 38001
20102 40967
20202 50740
20302 33705
20402 34977
20502 29389
20602 24132
20702 59001
20802 38551
20902 45995
21002 42126
21102 39669
21202 58289
21302 38875
21402 49772
21502 31464
21602 8752
21702 46812
21802 37971
21902 47628
22002 29081
22102 50535
22202 2829
22302 42636
22402 18021
22502 9959
22602 10617
22702 8116
22802 16592
22902 52124
23002 23136
23102 26539
23202 1709
23302 42475
23402 44393
23502 31427
23602 57240
23702 58865
23802 30579
23902 60828
24002 52870
24102 30391
24202 63878
24302 6545
24402 40848
24502 24857
24602 33668
24702 3328
24802 59026
24902 40917
25002 55897
25102 40381
25202 62371
25302 14360
25402 15122
25502 21207
25602 445
25702 25799
25802 62414
25902 48734
26002 16800
26102 19670
26202 34415
26302 51573
26402 30482
26502 9021
26602 42074
26702 20346
26802 37808
26902 10745
27002 16576
27102 33264
27202 15760
27302 62161
27402 10975
27502 58301
27602 7005
27702 57103
27802 28905
27902 63506
28002 41107
28102 6193
28202 29271
28302 26256
28402 46431
28502 64288
28602 9034
28702 1993
28802 13882
28902 8598
29002 60871
29102 27375
29202 32077
29302 43772
29402 32598
29502 48715
29602 37245
29702 31328
29802 19535
29902 1462
30002 1454
30102 24943
30202 52032
30302 28871
30402 29008
30502 11039
30602 31693
30702 37605
30802 9207
30902 10212
31002 14033
31102 63016
31202 50554
31302 13928
31402 34393
31502 20907
31602 27235
31702 39579
31802 19052
31902 18138
32002 59443
32102 27495
32202 24277
32302 21320
32402 37238
32502 303
32602 13986
32702 33638
32802 45861
32902 44435
33002 36805
33102 10468
33202 41318
33302 45160
33402 63475
33502 43756
33602 345
33702 49059
33802 63513
33902 22693
34002 1173
34102 25837
34202 7060
34302 17906
34402 33420
34502 57310
34602 40644
34702 56715
34802 45110
34902 8034
35002 17263
35102 25006
35202 63961
35302 46640
35402 54987
35502 57917
35602 45753
35702 19525
35802 48552
35902 31717
36002 18592
36102 27384
36202 15453
36302 63153
36402 53692
36502 53346
36602 64491
36702 39193
36802 28172
36902 43279
37002 51359
37102 6071
37202 9074
37302 57061
37402 52785
37502 840
37602 51796
37702 40400
37802 13007
37902 31010
38002 35504
38102 65106
38202 53944
38302 52920
38402 6636
38502 26114
38602 62547
38702 64687
38802 57583
38902 62932
39002 42842
39102 16950
39202 41739
39302 45800
39402 1291
39502 1591
39602 44585
39702 24579
39802 2527
39902 52988
40002 4753
40102 11321
40202 41616
40302 23754
40402 47136
40502 30868
40602 60622
40702 59511
40802 64010
40902 100
41002 38430
41102 25725
41202 30914
41302 35517
41402 31298
41502 9836
41602 34490
41702 40636
41802 60495
41902 43967
42002 31846
42102 32230
42202 49223
42302 45056
42402 51705
42502 36200
42602 30984
42702 156
42802 27191
42902 42486
43002 22147
43102 17860
43202 2060
43302 12143
43402 6659
43502 10434
43602 48604
43702 62881
43802 60737
43902 45219
44002 43622
44102 37522
44202 19938
44302 1395
44402 12722
44502 44615
44602 65417
44702 15735
44802 2927
44902 25585
45002 3118
45102 34873
45202 34085
45302 61131
45402 2808
45502 59266
45602 936
45702 46515
45802 47904
45902 41979
46002 41329
46102 22111
46202 19616
46302 40430
46402 14245
46502 39249
46602 60565
46702 33846
46802 21209
46902 15661
47002 49212
47102 42773
47202 36067
47302 43478
47402 15614
47502 64088
47602 36183
47702 17263
47802 9038
47902 59830
48002 22185
48102 41971
48202 15375
48302 28062
48402 47169
48502 63442
48602 19530
48702 38957
48802 30923
48902 21457
49002 4660
49102 23335
49202 43690
49302 53912
49402 26323
49502 40518
49602 65088
49702 29700
49802 61802
49902 37565
50002 40346
50102 61953
50202 5034
50302 46180
50402 36522
50502 39924
50602 4603
50702 43129
50802 5646
50902 15432
51002 12955
51102 31365
51202 9455
51302 8397
51402 20965
51502 63973
51602 53674
51702 3025
51802 16786
51902 19784
52002 17265
52102 15154
52202 1938
52302 25169
52402 29074
52502 13898
52602 15693
52702 14784
52802 54844
52902 56580
53002 36532
53102 39131
53202 37147
53302 53408
53402 26891
53502 63592
53602 26847
53702 29897
53802 48948
53902 8241
54002 14204
54102 38939
54202 26157
54302 18816
54402 41686
54502 64676
54602 10291
54702 21321
54802 44915
54902 38962
55002 60149
55102 24051
55202 47130
55302 25290
55402 2376
55502 45032
55602 61593
55702 51147
55802 39805
55902 41607
56002 37328
56102 51549
56202 31698
56302 50891
56402 31085
56502 62015
56602 64342
56702 14614
56802 1335
56902 30980
57002 31063
57102 8364
57202 39590
57302 5368
57402 65178
57502 27438
57602 61443
57702 24850
57802 31049
57902 28830
58002 24013
58102 54975
58202 65279
58302 45782
58402 47079
58502 39552
58602 49085
58702 15318
58802 43190
58902 2201
59002 44441
59102 41931
59202 19267
59302 56384
59402 57895
59502 44555
59602 25839
59702 10730
59802 23196
59902 54885
60002 10126
60102 60835
60202 39363
60302 24197
60402 45011
60502 52989
60602 18633
60702 12778
60802 58200
60902 23282
61002 37410
61102 25931
61202 44750
61302 1559
61402 38644
61502 19126
61602 62413
61702 31897
61802 17799
61902 36094
62002 11070
62102 22093
62202 5368
62302 24886
62402 13826
62502 4221
62602 4849
62702 19957
62802 10360
62902 10004
63002 39888
63102 45410
63202 53179
63302 20253
63402 40431
63502 63065
63602 61199
63702 61158
63802 24616
63902 51423
64002 42957
64102 6158
64202 25431
64302 5521
64402 38762
64502 38580
64602 47655
64702 42077
64802 44999
64902 33568
65002 52266
65102 14364
65202 4869
65302 291
65402 35975
65502 47528
65602 16817
65702 20339
65802 4299
65902 9703
66002 19587
66102 2342
66202 4711
66302 49107
66402 8285
66502 32398
66602 6020
66702 31017
66802 37109
66902 35271
67002 12197
67102 22565
67202 49348
67302 19727
67402 38976
67502 55463
67602 54001
67702 40472
67802 12966
67902 15798
68002 14213
68102 25783
68202 43620
68302 60804
68402 7596
68502 1482
68602 36603
68702 4114
68802 39368
68902 55819
69002 40426
69102 36498
69202 49744
69302 24867
69402 63859
69502 57563
69602 3142
69702 55916
69802 48441
69902 27757
70002 26535
70102 38273
70202 46176
70302 1537
70402 55656
70502 10685
70602 35133
70702 19465
70802 58413
70902 25284
71002 21355
71102 13605
71202 65333
71302 9406
71402 59531
71502 60874
71602 52383
71702 10608
71802 25237
71902 28549
72002 6609
72102 176
72202 42694
72302 17795
72402 10573
72502 8595
72602 13024
72702 3696
72802 9805
72902 43882
73002 36735
73102 33343
73202 23530
73302 17546
73402 60494
73502 4060
73602 55869
73702 33952
73802 64241
73902 19398
74002 17869
74102 31300
74202 9008
74302 36342
74402 60432
74502 23490
74602 16037
74702 8826
74802 26490
74902 21508
75002 6175
75102 19837
75202 4502
75302 27595
75402 54612
75502 37258
75602 37701
75702 46197
75802 39824
75902 7439
76002 59831
76102 23787
76202 18082
76302 2650
76402 7610
76502 50607
76602 29435
76702 62894
76802 38523
76902 52963
77002 5908
77102 21556
77202 27126
77302 2629
77402 27380
77502 13766
77602 20958
77702 2622
77802 11325
77902 16589
78002 2635
78102 41433
78202 3699
78302 12798
78402 54391
78502 4074
78602 34959
78702 468
78802 49663
78902 6701
79002 53599
79102 24484
79202 39449
79302 34455
79402 54580
79502 34240
79602 1325
79702 33810
79802 48238
79902 33382
80002 7488
80102 54491
80202 44152
80302 62905
80402 56562
80502 61858
80602 49248
80702 47812
80802 30086
80902 19440
81002 13963
81102 32295
81202 21196
81302 18833
81402 9425
81502 10543
81602 29717
81702 50698
81802 21308
81902 6215
82002 42635
82102 44964
82202 15856
82302 5120
82402 7417
82502 44486
82602 40921
82702 41144
82802 16098
82902 7769
83002 3480
83102 32095
83202 9589
83302 4021
83402 33101
83502 45906
83602 62078
83702 46724
83802 60252
83902 48088
84002 9296
84102 60938
84202 48262
84302 17143
84402 53528
84502 13514
84602 62863
84702 35600
84802 8280
84902 46781
85002 41991
85102 33057
85202 12056
85302 39858
85402 16021
85502 62219
85602 37749
85702 35129
85802 58688
85902 47594
86002 54491
86102 16701
86202 61173
86302 19206
86402 52770
86502 59729
86602 3938
86702 50963
86802 49390
86902 53952
87002 43297
87102 42562
87202 39737
87302 55075
87402 33940
87502 54142
87602 35175
87702 31807
87802 55521
87902 23911
88002 43492
88102 18468
88202 43678
88302 30595
88402 32957
88502 61388
88602 46587
88702 57238
88802 39966
88902 64466
89002 55298
89102 7648
89202 2796
89302 29631
89402 31695
89502 15718
89602 61070
89702 16284
89802 8893
89902 48196
90002 1989
90102 5461
90202 49625
90302 9256
90402 24691
90502 50732
