102 50757
202 45932
302 64824
402 12869
502 42683
602 14849
702 50454
802 26583
902 45138
1002 62265
1102 6105
1202 51975
1302 34606
1402 11733
1502 4441
1602 6080
1702 46087
1802 13732
1902 57541
2002 50952
2102 35159
2202 45099
2302 15263
2402 6216
2502 10139
2602 40382
2702 20946
2802 42889
2902 22825
3002 23172
3102 50276
3202 17927
3302 22367
3402 3582
3502 10175
3602 52174
3702 54349
3802 58514
3902 64859
4002 16749
4102 13384
4202 21194
4302 18426
4402 21916
4502 63920
4602 83
4702 40016
4802 22741
4902 2374
5002 61116
5102 39625
5202 33029
5302 13238
5402 57184
5502 21013
5602 12422
5702 23669
5802 35858
5902 60694
6002 11615
6102 57390
6202 28155
6302 14643
6402 20179
6502 8088
6602 41283
6702 49496
6802 61719
6902 54464
7002 14444
7102 28756
7202 29523
7302 16076
7402 36791
7502 60818
7602 35896
7702 58136
7802 35122
7902 27749
8002 39721
8102 16550
8202 54560
8302 3907
8402 47694
8502 44089
8602 17346
8702 23695
8802 58263
8902 49012
9002 11964
9102 30899
9202 43015
9302 27168
9402 5113
9502 28751
9602 57523
9702 65486
9802 62420
9902 29306
10002 61383
10102 46728
10202 4238
10302 60016
10402 55934
10502 11795
10602 49529
10702 59022
10802 8485
10902 19141
11002 26806
11102 33486
11202 31506
11302 4604
11402 15184
11502 37859
11602 47557
11702 36623
11802 62716
11902 40894
12002 6004
12102 49264
12202 14213
12302 51147
12402 41206
12502 5920
12602 16243
12702 29214
12802 60478
12902 17275
13002 57351
13102 38392
13202 30502
13302 40938
13402 25649
13502 35762
13602 38045
13702 56904
13802 57684
13902 2106
14002 7456
14102 41635
14202 53410
14302 18914
14402 6330
14502 6381
14602 35778
14702 2229
14802 23141
14902 19009
15002 21037
15102 51561
15202 525
15302 29898
15402 298
15502 21398
15602 4075
15702 12148
15802 54404
15902 42343
16002 52758
16102 11683
16202 13913
16302 41086
16402 61656
16502 61209
16602 8856
16702 10816
16802 7235
16902 16471
17002 590
17102 7544
17202 28028
17302 12581
17402 48652
17502 42368
17602 44242
17702 38967
17802 9202
17902 32591
18002 30129
18102 31753
18202 30525
18302 12457
18402 60244
18502 40938
18602 27500
18702 29108
18802 51831
18902 41218
19002 2976
19102 38928
19202 44057
19302 27995
19402 40009
19502 38596
19602 21530
19702 33858
19802 46499
19902 52531
20002 61166
20102 38414
20202 28410
20302 56583
20402 38927
20502 15194
20602 21135
20702 38874
20802 6094
20902 37810
21002 4467
21102 60685
21202 8272
21302 19614
21402 27290
21502 52559
21602 57233
21702 13535
21802 9700
21902 4117
22002 65060
22102 22087
22202 45337
22302 9875
22402 29301
22502 2034
22602 13654
22702 5892
22802 30509
22902 22672
23002 40232
23102 37706
23202 40052
23302 31090
23402 38844
23502 48203
23602 1715
23702 3437
23802 21126
23902 15691
24002 36955
24102 59667
24202 46233
24302 31341
24402 34810
24502 51450
24602 14500
24702 50381
24802 43547
24902 10483
25002 33723
25102 24035
25202 8714
25302 41482
25402 28367
25502 15427
25602 44809
25702 15033
25802 33935
25902 18342
26002 61517
26102 31976
26202 19185
26302 43340
26402 6773
26502 33467
26602 37277
26702 28991
26802 24828
26902 42675
27002 3160
27102 40924
27202 32759
27302 47535
27402 46477
27502 34221
27602 49446
27702 50805
27802 4448
27902 46547
28002 18277
28102 3912
28202 54094
28302 25064
28402 11911
28502 19032
28602 14746
28702 44669
28802 17976
28902 23129
29002 48014
29102 57386
29202 14393
29302 53934
29402 21383
29502 62923
29602 59870
29702 63741
29802 34978
29902 31468
30002 9451
30102 31011
30202 17169
30302 54439
30402 35638
30502 46405
30602 21918
30702 9103
30802 42492
30902 63313
31002 40547
31102 14975
31202 56625
31302 21222
31402 54049
31502 10699
31602 38051
31702 44760
31802 47441
31902 41607
32002 48562
32102 12530
32202 27088
32302 12540
32402 57144
32502 17163
32602 28614
32702 11523
32802 54191
32902 9170
33002 32059
33102 62383
33202 44684
33302 45800
33402 1748
33502 1145
33602 54434
33702 18383
33802 33569
33902 33286
34002 62008
34102 50806
34202 42027
34302 13392
34402 49066
34502 56810
34602 60455
34702 30965
34802 35257
34902 37896
35002 26770
35102 19137
35202 35422
35302 18279
35402 44412
35502 3277
35602 51854
35702 51551
35802 51683
35902 24434
36002 50974
36102 17946
36202 51535
36302 32932
36402 31686
36502 55568
36602 28429
36702 64006
36802 32190
36902 50117
37002 37074
37102 32962
37202 6430
37302 61759
37402 55913
37502 51487
37602 29241
37702 57903
37802 15400
37902 8518
38002 25415
38102 1893
38202 18437
38302 5872
38402 25202
38502 20620
38602 13139
38702 55183
38802 64016
38902 60513
39002 26477
39102 7047
39202 58081
39302 10212
39402 8738
39502 50182
39602 41737
39702 6206
39802 26812
39902 63075
40002 5264
40102 43061
40202 57730
40302 59679
40402 26813
40502 33612
40602 33738
40702 26746
40802 29089
40902 33637
41002 52991
41102 29047
41202 27203
41302 31641
41402 7715
41502 13072
41602 62263
41702 5224
41802 25773
41902 21690
42002 4603
42102 36643
42202 2155
42302 36496
42402 57363
42502 58015
42602 43371
42702 40196
42802 49593
42902 4538
43002 23101
43102 36360
43202 26551
43302 49788
43402 25852
43502 35635
43602 53723
43702 62860
43802 57016
43902 54757
44002 14796
44102 22492
44202 5873
44302 35470
44402 24797
44502 34610
44602 16834
44702 63243
44802 20107
44902 36206
45002 3660
45102 51449
45202 47183
45302 44808
45402 934
45502 30506
45602 57602
45702 22952
45802 10604
45902 9640
46002 5587
46102 37793
46202 2802
46302 54136
46402 44806
46502 33440
46602 27338
46702 45003
46802 51575
46902 64910
47002 18349
47102 36855
47202 63123
47302 54093
47402 48583
47502 37112
47602 43209
47702 47796
47802 56034
47902 17279
48002 62763
48102 20331
48202 43966
48302 51901
48402 575
48502 16073
48602 11930
48702 13865
48802 26486
48902 59321
49002 26605
49102 38148
49202 55504
49302 44142
49402 35738
49502 20129
49602 38682
49702 49111
49802 56916
49902 10725
50002 5019
50102 20550
50202 56891
50302 23598
50402 18378
50502 39925
50602 62115
50702 20523
50802 49455
50902 37643
51002 30491
51102 18382
51202 27512
51302 39275
51402 4744
51502 31439
51602 3867
51702 3326
51802 2708
51902 34487
52002 41686
52102 55204
52202 1005
52302 46684
52402 49159
52502 56049
52602 64130
52702 57350
52802 64465
52902 1094
53002 4922
53102 7902
53202 52158
53302 17431
53402 46043
53502 17643
53602 27762
53702 15738
53802 21776
53902 31217
54002 63661
54102 44157
54202 3169
54302 50828
54402 57015
54502 40637
54602 40109
54702 55860
54802 43875
54902 64589
55002 40606
55102 46799
55202 63115
55302 12496
55402 36356
55502 58459
55602 56370
55702 45735
55802 51111
55902 8741
56002 27164
56102 27575
56202 47012
56302 38690
56402 40179
56502 65043
56602 24646
56702 18792
56802 60385
56902 47099
57002 32599
57102 28792
57202 49435
57302 252
57402 25083
57502 8955
57602 7946
57702 18947
57802 6580
57902 50901
58002 52793
58102 53508
58202 64275
58302 15677
58402 44824
58502 1041
58602 42600
58702 11750
58802 10797
58902 16493
59002 18542
59102 51472
59202 1694
59302 52153
59402 29746
59502 21360
59602 32598
59702 5999
59802 58791
59902 35569
60002 29952
60102 9272
60202 50483
60302 62643
60402 17838
60502 35895
60602 58135
60702 17852
60802 52867
60902 21000
61002 19710
61102 34939
61202 10930
61302 21684
61402 40668
61502 52708
61602 6060
61702 49211
61802 29502
61902 6029
62002 40831
62102 20721
62202 15513
62302 2275
62402 54493
62502 45638
62602 56985
62702 41541
62802 18090
62902 18181
63002 38939
63102 981
63202 2653
63302 10073
63402 58996
63502 63266
63602 6866
63702 17658
63802 31417
63902 58329
64002 44521
64102 33626
64202 11600
64302 59506
64402 13168
64502 46362
64602 5460
64702 38452
64802 26690
64902 59524
65002 47554
65102 35873
65202 40740
65302 7607
65402 32656
65502 24996
65602 37709
65702 43881
65802 37227
65902 50533
66002 43171
66102 15617
66202 60765
66302 57631
66402 63839
66502 1490
66602 46733
66702 52105
66802 40669
66902 64221
67002 40784
67102 32504
67202 37272
67302 47394
67402 50309
67502 28748
67602 14672
67702 17008
67802 13963
67902 65127
68002 17176
68102 58036
68202 23761
68302 15238
68402 21202
68502 42824
68602 31188
68702 9993
68802 1051
68902 10164
69002 14145
69102 50745
69202 5549
69302 51613
69402 20524
69502 58619
69602 34830
69702 9823
69802 7690
69902 2297
70002 61055
70102 50866
70202 56863
70302 33367
70402 59012
70502 3022
70602 29704
70702 471
70802 1222
70902 12383
71002 14066
71102 9880
71202 2872
71302 12013
71402 33421
71502 48391
71602 40577
71702 60489
71802 43841
71902 55786
72002 18705
72102 47208
72202 54898
72302 48168
72402 1802
72502 46146
72602 26667
72702 19596
72802 62723
72902 26379
73002 31650
73102 41140
73202 57854
73302 3979
73402 63788
73502 7641
73602 25957
73702 1216
73802 22283
73902 38704
74002 39886
74102 4745
74202 24082
74302 48031
74402 46261
74502 55176
74602 61271
74702 30957
74802 40418
74902 29716
75002 589
75102 42205
75202 51875
75302 38167
75402 22187
75502 14002
75602 5153
75702 43061
75802 45335
75902 29375
76002 33538
76102 27760
76202 16530
76302 60247
76402 29750
76502 34487
76602 56436
76702 49079
76802 38573
76902 53556
77002 11388
77102 58781
77202 33223
77302 32572
77402 5579
77502 46977
77602 56630
77702 13644
77802 20748
77902 44647
78002 46946
78102 23435
78202 4519
78302 7476
78402 49893
78502 34435
78602 5402
78702 361
78802 1054
78902 10332
79002 35589
79102 5456
79202 25089
79302 13194
79402 20668
79502 22601
79602 45744
79702 57846
79802 57797
79902 23080
80002 29764
80102 29037
80202 63958
80302 45515
80402 47474
80502 53456
80602 29068
80702 57537
80802 11329
80902 46351
81002 46111
81102 59227
81202 5311
81302 44415
81402 54502
81502 10048
81602 51737
81702 28418
81802 26648
81902 13341
82002 51114
82102 16085
82202 49384
82302 28845
82402 43198
82502 22911
82602 48232
82702 14029
82802 14932
82902 59005
83002 9244
83102 59011
83202 53360
83302 61960
83402 56468
83502 6043
83602 28607
83702 43955
83802 4046
83902 30735
84002 33254
84102 23637
84202 22726
84302 64450
84402 12496
84502 29870
84602 19801
84702 43128
84802 3035
84902 40734
85002 63399
85102 57746
85202 57625
85302 5452
85402 23647
85502 15513
85602 25437
85702 64625
85802 6516
85902 5455
86002 56835
86102 60263
86202 48140
86302 4489
86402 53246
86502 55060
86602 53902
86702 19706
86802 45285
86902 18832
87002 45356
87102 44039
87202 1351
87302 12328
87402 26721
87502 21454
87602 3883
87702 15251
87802 54613
87902 11914
88002 34958
88102 56250
88202 44794
88302 62391
88402 46123
88502 47485
88602 40510
88702 35918
88802 25569
88902 23601
89002 54163
89102 17992
89202 49612
89302 49356
89402 16555
89502 42760
89602 63063
89702 11833
89802 7207
89902 29813
90002 10870
90102 53678
