102 30925
202 42020
302 42420
402 49426
502 40073
602 63893
702 16185
802 9446
902 65369
1002 32194
1102 43460
1202 20425
1302 152
1402 36587
1502 56454
1602 38065
1702 54360
1802 53603
1902 6512
2002 4397
2102 13108
2202 44326
2302 59367
2402 7401
2502 45357
2602 17718
2702 25803
2802 49349
2902 53532
3002 6702
3102 13699
3202 48680
3302 32317
3402 17004
3502 44862
3602 34778
3702 45786
3802 46253
3902 14564
4002 9648
4102 46959
4202 45724
4302 19393
4402 41998
4502 39026
4602 55348
4702 10006
4802 58070
4902 42502
5002 46162
5102 37697
5202 39046
5302 38495
5402 47934
5502 13509
5602 14570
5702 35513
5802 44101
5902 55379
6002 44344
6102 59620
6202 50608
6302 19294
6402 55996
6502 38693
6602 12173
6702 32104
6802 55076
6902 2286
7002 41186
7102 54028
7202 45952
7302 45745
7402 11493
7502 7895
7602 25637
7702 2857
7802 34352
7902 11303
8002 55902
8102 41401
8202 21233
8302 23296
8402 41985
8502 24222
8602 14324
8702 27561
8802 27052
8902 51149
9002 28617
9102 57706
9202 11409
9302 26438
9402 35100
9502 8770
9602 63670
9702 12230
9802 37223
9902 11396
10002 29885
10102 51388
10202 56374
10302 51188
10402 33477
10502 57492
10602 53511
10702 62744
10802 8118
10902 20389
11002 46312
11102 11546
11202 39069
11302 5509
11402 16816
11502 13137
11602 20089
11702 38944
11802 45404
11902 31768
12002 36317
12102 33752
12202 42283
12302 40072
12402 54675
12502 49557
12602 29120
12702 54048
12802 27823
12902 6219
13002 24404
13102 3787
13202 32162
13302 6002
13402 2533
13502 34354
13602 163
13702 45470
13802 39810
13902 65474
14002 60705
14102 17732
14202 19519
14302 27950
14402 9102
14502 57974
14602 7347
14702 58559
14802 54083
14902 60288
15002 22395
15102 63040
15202 17607
15302 28520
15402 41208
15502 65043
15602 53200
15702 17388
15802 33735
15902 60298
16002 43380
16102 46775
16202 41789
16302 65213
16402 17229
16502 65457
16602 38789
16702 53564
16802 34971
16902 18383
17002 36163
17102 47342
17202 38337
17302 19189
17402 54202
17502 48525
17602 13305
17702 29049
17802 26525
17902 2641
18002 29014
18102 32567
18202 47736
18302 8668
18402 32120
18502 13571
18602 41483
18702 45431
18802 31083
18902 37543
19002 52982
19102 32120
19202 23020
19302 33452
19402 24732
19502 7055
19602 24907
19702 15898
19802 51648
19902 54448
20002 22894
20102 55530
20202 43615
20302 4823
20402 12059
20502 61247
20602 18496
20702 8492
20802 5493
20902 39427
21002 34256
21102 2684
21202 43915
21302 4450
21402 59552
21502 60157
21602 52085
21702 19630
21802 57201
21902 37748
22002 32946
22102 7050
22202 49222
22302 21209
22402 19286
22502 39454
22602 55551
22702 20426
22802 28927
22902 36386
23002 10157
23102 30163
23202 7714
23302 58365
23402 60835
23502 59529
23602 23434
23702 6319
23802 38425
23902 39048
24002 53572
24102 25266
24202 5951
24302 33414
24402 11706
24502 4751
24602 7195
24702 35284
24802 24733
24902 38504
25002 18616
25102 59762
25202 7488
25302 53539
25402 3391
25502 44892
25602 717
25702 51096
25802 2364
25902 21563
26002 22618
26102 33446
26202 16222
26302 29949
26402 3415
26502 45967
26602 23500
26702 8428
26802 14887
26902 15782
27002 45634
27102 21297
27202 54046
27302 11847
27402 38646
27502 50803
27602 5408
27702 34088
27802 50201
27902 50448
28002 38980
28102 65047
28202 41383
28302 48814
28402 32674
28502 49714
28602 32202
28702 55457
28802 32576
28902 6920
29002 7386
29102 39341
29202 52882
29302 4575
29402 22550
29502 273
29602 23799
29702 2854
29802 10226
29902 1534
30002 65108
30102 25797
30202 880
30302 45733
30402 16425
30502 64096
30602 57892
30702 8262
30802 60105
30902 58628
31002 60543
31102 64994
31202 34629
31302 25288
31402 46820
31502 27234
31602 59995
31702 65395
31802 42135
31902 64791
32002 1840
32102 39865
32202 39387
32302 52210
32402 8
32502 22999
32602 24847
32702 22830
32802 16790
32902 33878
33002 7823
33102 7519
33202 42867
33302 27631
33402 48326
33502 37544
33602 21966
33702 53943
33802 65265
33902 55718
34002 49668
34102 29395
34202 47335
34302 4646
34402 10006
34502 23819
34602 38403
34702 34132
34802 25959
34902 42219
35002 56836
35102 24885
35202 35471
35302 43323
35402 9439
35502 18089
35602 52956
35702 3066
35802 28149
35902 51586
36002 21938
36102 17442
36202 40119
36302 13663
36402 60553
36502 10169
36602 43669
36702 34873
36802 5663
36902 11452
37002 15902
37102 4907
37202 29790
37302 5731
37402 15385
37502 65206
37602 65042
37702 1297
37802 48730
37902 2577
38002 2499
38102 31778
38202 4661
38302 63935
38402 40469
38502 42502
38602 56788
38702 39948
38802 30239
38902 33155
39002 5688
39102 18645
39202 52892
39302 60842
39402 42236
39502 36784
39602 8741
39702 37752
39802 28209
39902 33230
40002 58419
40102 56992
40202 44180
40302 47251
40402 30724
40502 33155
40602 51419
40702 30370
40802 6769
40902 24473
41002 38661
41102 63146
41202 752
41302 52424
41402 24322
41502 27870
41602 1750
41702 43276
41802 56930
41902 12617
42002 41973
42102 63862
42202 60835
42302 26426
42402 39719
42502 48263
42602 47524
42702 23381
42802 9811
42902 31626
43002 9090
43102 34356
43202 5667
43302 43745
43402 46655
43502 34863
43602 60798
43702 16385
43802 33713
43902 31129
44002 7364
44102 29339
44202 63987
44302 11693
44402 2728
44502 36038
44602 15940
44702 40245
44802 24350
44902 46678
45002 52640
45102 24382
45202 38397
45302 2215
45402 19118
45502 38878
45602 50075
45702 14260
45802 27290
45902 40892
46002 33313
46102 47338
46202 4645
46302 16276
46402 24731
46502 18100
46602 9115
46702 50459
46802 47422
46902 54194
47002 53657
47102 21533
47202 37890
47302 54053
47402 56827
47502 51799
47602 30275
47702 61611
47802 29164
47902 17629
48002 22981
48102 64518
48202 6448
48302 59362
48402 63901
48502 62589
48602 18884
48702 58965
48802 3363
48902 53317
49002 28936
49102 29726
49202 27926
49302 54316
49402 38775
49502 7120
49602 3172
49702 37063
49802 27920
49902 7796
50002 34408
50102 63079
50202 158
50302 55379
50402 16653
50502 57105
50602 50205
50702 42797
50802 7722
50902 35663
51002 7618
51102 46837
51202 57686
51302 25654
51402 48676
51502 40743
51602 21389
51702 64296
51802 60861
51902 746
52002 56349
52102 56528
52202 25498
52302 50321
52402 27035
52502 31737
52602 51621
52702 23615
52802 36766
52902 16240
53002 10989
53102 45569
53202 11258
53302 42863
53402 9789
53502 30767
53602 32192
53702 20999
53802 40636
53902 39627
54002 54339
54102 5511
54202 64393
54302 45894
54402 31917
54502 38391
54602 17627
54702 60734
54802 24565
54902 56434
55002 46468
55102 18786
55202 57730
55302 56889
55402 59135
55502 36920
55602 64264
55702 27754
55802 11134
55902 20602
56002 14250
56102 39653
56202 3535
56302 62088
56402 20960
56502 9425
56602 61219
56702 47199
56802 47658
56902 54618
57002 6189
57102 13136
57202 64989
57302 60184
57402 10616
57502 36533
57602 50922
57702 53125
57802 7235
57902 56835
58002 14697
58102 64138
58202 23503
58302 63302
58402 47924
58502 8988
58602 50521
58702 37524
58802 12323
58902 59038
59002 27227
59102 58476
59202 64062
59302 831
59402 974
59502 27187
59602 10535
59702 23214
59802 12059
59902 21690
60002 8493
60102 64424
60202 23681
60302 8786
60402 50430
60502 1344
60602 33175
60702 12472
60802 44383
60902 46792
61002 24282
61102 62132
61202 33763
61302 64750
61402 8267
61502 62066
61602 18955
61702 49843
61802 20332
61902 28491
62002 30541
62102 5474
62202 55626
62302 63944
62402 30180
62502 50017
62602 57816
62702 1193
62802 48869
62902 41969
63002 40567
63102 38015
63202 61502
63302 35946
63402 38622
63502 1339
63602 42001
63702 42706
63802 11502
63902 25950
64002 35254
64102 40671
64202 12119
64302 31246
64402 35587
64502 22048
64602 10637
64702 3066
64802 43956
64902 64837
65002 22003
65102 18762
65202 53515
65302 50976
65402 37482
65502 58909
65602 54198
65702 20695
65802 1475
65902 59382
66002 58486
66102 20402
66202 47205
66302 57092
66402 6079
66502 13986
66602 37088
66702 56469
66802 37948
66902 16026
67002 50026
67102 12474
67202 21764
67302 59986
67402 26998
67502 45872
67602 17348
67702 60290
67802 62756
67902 18188
68002 13222
68102 16842
68202 10627
68302 35229
68402 39819
68502 33745
68602 36211
68702 23262
68802 58365
68902 32113
69002 11997
69102 52649
69202 23519
69302 2329
69402 205
69502 1647
69602 42915
69702 62802
69802 33314
69902 62138
70002 36238
70102 65067
70202 13852
70302 44682
70402 23775
70502 14688
70602 43765
70702 10616
70802 48671
70902 13903
71002 20456
71102 48144
71202 61139
71302 33831
71402 6839
71502 24924
71602 21079
71702 34623
71802 40700
71902 25979
72002 2827
72102 64186
72202 57843
72302 46309
72402 30972
72502 64209
72602 24942
72702 61815
72802 7570
72902 3289
73002 1968
73102 36135
73202 24270
73302 31134
73402 38292
73502 9051
73602 62059
73702 33424
73802 63566
73902 54443
74002 33091
74102 13414
74202 39029
74302 29829
74402 21594
74502 7003
74602 25979
74702 31945
74802 21740
74902 8122
75002 10004
75102 24743
75202 19730
75302 6583
75402 58469
75502 50832
75602 38166
75702 5663
75802 737
75902 626
76002 59919
76102 14258
76202 10319
76302 49471
76402 52285
76502 33451
76602 59091
76702 2212
76802 24486
76902 64240
77002 60913
77102 5257
77202 41078
77302 40374
77402 5858
77502 29095
77602 64842
77702 54110
77802 27811
77902 4161
78002 58176
78102 39884
78202 49198
78302 42573
78402 27448
78502 48789
78602 43737
78702 19965
78802 6116
78902 2808
79002 12575
79102 48257
79202 53284
79302 1966
79402 46722
79502 13817
79602 28907
79702 63180
79802 7947
79902 61322
80002 65486
80102 45109
80202 23641
80302 56814
80402 13004
80502 60533
80602 39635
80702 62294
80802 59256
80902 59245
81002 45531
81102 26611
81202 49833
81302 17573
81402 15603
81502 20690
81602 15130
81702 44686
81802 14297
81902 46884
82002 21791
82102 11407
82202 7081
82302 45766
82402 61275
82502 19402
82602 58269
82702 42771
82802 52503
82902 64461
83002 63647
83102 38745
83202 14267
83302 2173
83402 32677
83502 62913
83602 55124
83702 26480
83802 50287
83902 2631
84002 12632
84102 62192
84202 46044
84302 34061
84402 39541
84502 8669
84602 20848
84702 57991
84802 38451
84902 14273
85002 20218
85102 61110
85202 48689
85302 19080
85402 18386
85502 16776
85602 19697
85702 15824
85802 17848
85902 59533
86002 45664
86102 46173
86202 48911
86302 62442
86402 53569
86502 64482
86602 25587
86702 45031
86802 17937
86902 21142
87002 42740
87102 18644
87202 20100
87302 42235
87402 24612
87502 28772
87602 61089
87702 31744
87802 5687
87902 20995
88002 24901
88102 8854
88202 35491
88302 15724
88402 40231
88502 15402
88602 46173
88702 1682
88802 49133
88902 1605
89002 15437
89102 56385
89202 27591
89302 62908
89402 20967
89502 11360
89602 51815
89702 14875
89802 5441
89902 64216
90002 38464
90102 26797
