102 3199
202 40385
302 13570
402 19687
502 14647
602 15238
702 58478
802 63762
902 12148
1002 58586
1102 50162
1202 63432
1302 65024
1402 1921
1502 43211
1602 61605
1702 26486
1802 26703
1902 6493
2002 23814
2102 51991
2202 21794
2302 52919
2402 612
2502 17525
2602 10598
2702 820
2802 43976
2902 12421
3002 9571
3102 62344
3202 13206
3302 3578
3402 13901
3502 17707
3602 56673
3702 15423
3802 42295
3902 13631
4002 36367
4102 52222
4202 11832
4302 30744
4402 17878
4502 2861
4602 36369
4702 45097
4802 19267
4902 26227
5002 49905
5102 28412
5202 57355
5302 42897
5402 58558
5502 49328
5602 34201
5702 56728
5802 49860
5902 12279
6002 52140
6102 20669
6202 9349
6302 4488
6402 13520
6502 38872
6602 30074
6702 50851
6802 6575
6902 41670
7002 54493
7102 64545
7202 44534
7302 38424
7402 60311
7502 51877
7602 45777
7702 13530
7802 37635
7902 12581
8002 31181
8102 36355
8202 32240
8302 63070
8402 30482
8502 8795
8602 51502
8702 31904
8802 61081
8902 61359
9002 51242
9102 27157
9202 10832
9302 65079
9402 37251
9502 47595
9602 11271
9702 46112
9802 2531
9902 28167
10002 53567
10102 59550
10202 7439
10302 48340
10402 23898
10502 46975
10602 60364
10702 35619
10802 36456
10902 45157
11002 49851
11102 19064
11202 57225
11302 25073
11402 63921
11502 27196
11602 27135
11702 11309
11802 23859
11902 20429
12002 38526
12102 19209
12202 53831
12302 51856
12402 25987
12502 36325
12602 23560
12702 60181
12802 9048
12902 38317
13002 8977
13102 20111
13202 34410
13302 30499
13402 40741
13502 29191
13602 10133
13702 44696
13802 23515
13902 40734
14002 13161
14102 32355
14202 14950
14302 53098
14402 23170
14502 17185
14602 50722
14702 18399
14802 14010
14902 15657
15002 34314
15102 38506
15202 54873
15302 4510
15402 9416
15502 27832
15602 37125
15702 7200
15802 3710
15902 18323
16002 39253
16102 2484
16202 60697
16302 21303
16402 55663
16502 33187
16602 10811
16702 34656
16802 51478
16902 1132
17002 4783
17102 6720
17202 6353
17302 35019
17402 48940
17502 56033
17602 27346
17702 60570
17802 9493
17902 47964
18002 496
18102 7719
18202 13806
18302 59579
18402 34150
18502 22891
18602 23821
18702 2984
18802 41552
18902 19102
19002 1277
19102 29535
19202 43342
19302 43201
19402 17525
19502 59296
19602 40464
19702 14516
19802 11693
19902 10578
20002 20463
20102 11508
20202 25944
20302 60531
20402 54322
20502 49901
20602 19640
20702 32713
20802 50946
20902 46597
21002 7115
21102 14232
21202 64451
21302 9406
21402 13013
21502 51071
21602 30514
21702 43334
21802 1149
21902 61767
22002 42182
22102 2570
22202 43459
22302 53935
22402 20238
22502 20989
22602 36785
22702 47587
22802 25213
22902 30719
23002 51421
23102 35905
23202 26184
23302 12040
23402 50741
23502 56064
23602 20576
23702 44437
23802 60423
23902 6970
24002 62452
24102 61084
24202 37879
24302 5250
24402 39331
24502 793
24602 6212
24702 52937
24802 47604
24902 36240
25002 3217
25102 1495
25202 15376
25302 38934
25402 9013
25502 61689
25602 54431
25702 59539
25802 36711
25902 39337
26002 18837
26102 55433
26202 47128
26302 28123
26402 31559
26502 50617
26602 34260
26702 25468
26802 11110
26902 62343
27002 49321
27102 60467
27202 55446
27302 23603
27402 39845
27502 11439
27602 9710
27702 3024
27802 39978
27902 58504
28002 40549
28102 10236
28202 8638
28302 59298
28402 48961
28502 37864
28602 57551
28702 54079
28802 39818
28902 55741
29002 52109
29102 64639
29202 5172
29302 54964
29402 59939
29502 31099
29602 13975
29702 30636
29802 23395
29902 41723
30002 55635
30102 27845
30202 4747
30302 11365
30402 39253
30502 5980
30602 11288
30702 17248
30802 23678
30902 16431
31002 44846
31102 51748
31202 27120
31302 15479
31402 4583
31502 3128
31602 25024
31702 23147
31802 17660
31902 46023
32002 34113
32102 42596
32202 10641
32302 43818
32402 42896
32502 10348
32602 24851
32702 26290
32802 47361
32902 38871
33002 8640
33102 15947
33202 43392
33302 51109
33402 51609
33502 34844
33602 28971
33702 60012
33802 30717
33902 31140
34002 23979
34102 59667
34202 40868
34302 27971
34402 61632
34502 12788
34602 14877
34702 28583
34802 28271
34902 2963
35002 5925
35102 4231
35202 18912
35302 13994
35402 1668
35502 25484
35602 63903
35702 12942
35802 52455
35902 27846
36002 47484
36102 50427
36202 61033
36302 26199
36402 27635
36502 46754
36602 28193
36702 8266
36802 38176
36902 54054
37002 60004
37102 11111
37202 14035
37302 61923
37402 6860
37502 35438
37602 2859
37702 48144
37802 35195
37902 951
38002 39703
38102 16430
38202 50338
38302 30410
38402 28054
38502 47498
38602 38984
38702 54000
38802 42561
38902 13662
39002 49855
39102 63071
39202 59039
39302 5945
39402 33184
39502 30222
39602 11172
39702 16435
39802 24635
39902 45779
40002 26551
40102 35580
40202 733
