102 18877
202 29677
302 13995
402 63713
502 40725
602 25334
702 3630
802 59058
902 52027
1002 61888
1102 14506
1202 49416
1302 6468
1402 46473
1502 26428
1602 41874
1702 50736
1802 3123
1902 9404
2002 2388
2102 63406
2202 27562
2302 15968
2402 18924
2502 20206
2602 19441
2702 15305
2802 36279
2902 32625
3002 52551
3102 13263
3202 17895
3302 47672
3402 36489
3502 30000
3602 47366
3702 14500
3802 56277
3902 17342
4002 26790
4102 53704
4202 29419
4302 6005
4402 42056
4502 24908
4602 64881
4702 6071
4802 45818
4902 3541
5002 2590
5102 45772
5202 50506
5302 29473
5402 58613
5502 29148
5602 10092
5702 59057
5802 39079
5902 35467
6002 53262
6102 44335
6202 10978
6302 30458
6402 7658
6502 35278
6602 42637
6702 44703
6802 38112
6902 47349
7002 55487
7102 21777
7202 48190
7302 64678
7402 35588
7502 3269
7602 55450
7702 3044
7802 1610
7902 58562
8002 47068
8102 50543
8202 36530
8302 14995
8402 31804
8502 40490
8602 6403
8702 29424
8802 15910
8902 12574
9002 32668
9102 42662
9202 53654
9302 10950
9402 61674
9502 58529
9602 62819
9702 16266
9802 49204
9902 60986
10002 2794
10102 44715
10202 6336
10302 8025
10402 38166
10502 15489
10602 59474
10702 61711
10802 29026
10902 18973
11002 64317
11102 27026
11202 36030
11302 29528
11402 18340
11502 37088
11602 10709
11702 62890
11802 59096
11902 29851
12002 11093
12102 3352
12202 20453
12302 57143
12402 35706
12502 9821
12602 21848
12702 11377
12802 26008
12902 7827
13002 44260
13102 57760
13202 22922
13302 42565
13402 461
13502 51476
13602 29002
13702 13492
13802 30773
13902 56313
14002 62390
14102 15123
14202 12972
14302 24885
14402 5369
14502 45017
14602 6731
14702 29990
14802 48960
14902 32847
15002 29584
15102 49722
15202 60029
15302 28803
15402 62540
15502 17770
15602 52483
15702 32561
15802 21211
15902 13830
16002 27260
16102 1031
16202 42566
16302 8353
16402 59192
16502 6071
16602 16354
16702 44900
16802 29251
16902 23531
17002 32782
17102 41336
17202 60212
17302 56224
17402 10874
17502 24260
17602 2737
17702 24064
17802 64837
17902 50296
18002 13737
18102 10782
18202 55021
18302 65474
18402 64861
18502 27432
18602 65353
18702 64615
18802 56702
18902 33868
19002 8900
19102 4919
19202 38042
19302 5898
19402 12522
19502 10238
19602 45730
19702 30082
19802 53981
19902 35385
20002 8908
20102 25078
20202 62676
20302 17303
20402 21508
20502 36816
20602 43068
20702 19936
20802 52128
20902 5525
21002 53099
21102 47096
21202 54208
21302 59059
21402 6992
21502 44734
21602 46686
21702 63670
21802 22771
21902 25005
22002 42512
22102 36582
22202 50332
22302 14165
22402 56476
22502 18818
22602 54352
22702 5720
22802 38085
22902 50468
23002 56923
23102 54099
23202 26462
23302 48753
23402 37574
23502 44418
23602 46322
23702 586
23802 14909
23902 41491
24002 8435
24102 40552
24202 22785
24302 56998
24402 4816
24502 36942
24602 48796
24702 20993
24802 31700
24902 62181
25002 25346
25102 65180
25202 40510
25302 6172
25402 9146
25502 55090
25602 33971
25702 24146
25802 5094
25902 5777
26002 9880
26102 54519
26202 10605
26302 55503
26402 23718
26502 29852
26602 15780
26702 14469
26802 27178
26902 16519
27002 53867
27102 44233
27202 24644
27302 23927
27402 30110
27502 20144
27602 62030
27702 57396
27802 16589
27902 14509
28002 29216
28102 31005
28202 9850
28302 41416
28402 59869
28502 51266
28602 52705
28702 60064
28802 12444
28902 9769
29002 48985
29102 2927
29202 28302
29302 26891
29402 60546
29502 49462
29602 52602
29702 20871
29802 59688
29902 14942
30002 47631
30102 56578
30202 35733
30302 53994
30402 12409
30502 47116
30602 45249
30702 29194
30802 39237
30902 34948
31002 41512
31102 33142
31202 46623
31302 22192
31402 23599
31502 40471
31602 64871
31702 53572
31802 47056
31902 26219
32002 2990
32102 792
32202 62166
32302 45243
32402 53427
32502 6189
32602 10323
32702 15139
32802 5126
32902 40534
33002 62397
33102 33240
33202 33773
33302 54181
33402 29263
33502 59938
33602 31204
33702 41644
33802 23929
33902 50678
34002 23881
34102 15714
34202 2395
34302 27070
34402 58027
34502 41649
34602 7758
34702 55916
34802 17755
34902 20993
35002 65260
35102 3777
35202 24963
35302 3401
35402 40681
