102 12876
202 18102
302 45469
402 51175
502 39564
602 46826
702 42026
802 60059
902 65203
1002 61444
1102 18524
1202 51736
1302 6545
1402 60146
1502 44735
1602 4300
1702 44257
1802 34070
1902 38117
2002 61412
2102 64088
2202 12804
2302 10049
2402 20892
2502 22927
2602 51661
2702 53281
2802 15351
2902 32327
3002 27000
3102 36223
3202 53934
3302 26268
3402 11068
3502 1739
3602 55362
3702 23512
3802 4358
3902 21413
4002 32770
4102 29363
4202 4848
4302 40691
4402 22886
4502 62000
4602 6488
4702 13226
4802 19830
4902 27789
5002 34731
5102 35164
5202 49148
5302 21074
5402 57484
5502 53268
5602 13490
5702 46391
5802 33308
5902 39069
6002 44255
6102 54015
6202 24492
6302 26632
6402 35490
6502 11000
6602 20893
6702 20196
6802 30702
6902 57022
7002 57834
7102 14515
7202 40993
7302 53087
7402 61216
7502 11310
7602 48036
7702 3850
7802 17390
7902 19303
8002 61823
8102 39550
8202 52446
8302 56486
8402 34885
8502 10390
8602 9183
8702 47901
8802 17358
8902 6752
9002 29015
9102 23247
9202 17827
9302 55198
9402 22114
9502 12422
9602 64512
9702 3892
9802 22156
9902 36947
10002 43047
10102 29597
10202 37541
10302 18467
10402 27304
10502 3357
10602 62123
10702 56885
10802 27546
10902 43777
11002 3515
11102 55879
11202 17687
11302 38533
11402 51651
11502 31139
11602 24015
11702 45448
11802 501
11902 22661
12002 13161
12102 51992
12202 25347
12302 13483
12402 7950
12502 33976
12602 47017
12702 35153
12802 16681
12902 59515
13002 2080
13102 12816
13202 53243
13302 18623
13402 57533
13502 35283
13602 49428
13702 46150
13802 4063
13902 34618
14002 31591
14102 11420
14202 8116
14302 18509
14402 29811
14502 49200
14602 10121
14702 36182
14802 62627
14902 30679
15002 19584
15102 14217
15202 28898
15302 54135
15402 46359
15502 61161
15602 64564
15702 3048
15802 16938
15902 16762
16002 2944
16102 41768
16202 26598
16302 34305
16402 65260
16502 9884
16602 11285
16702 4978
16802 4507
16902 48458
17002 26657
17102 5158
17202 30417
17302 2601
17402 12474
17502 53611
17602 1928
17702 19150
17802 64078
17902 64042
18002 3953
18102 27501
18202 30673
18302 11979
18402 26703
18502 56079
18602 24980
18702 37262
18802 19241
18902 52932
19002 57975
19102 30536
19202 9920
19302 12473
19402 28396
19502 26113
19602 43654
19702 62916
19802 27483
19902 13078
20002 47157
20102 23475
20202 10263
20302 63071
20402 22566
20502 4031
20602 11323
20702 32937
20802 39754
20902 64844
21002 17320
21102 40327
21202 42382
21302 4166
21402 27181
21502 34381
21602 15312
21702 7078
21802 17516
21902 37738
22002 52391
22102 48567
22202 12300
22302 62348
22402 12792
22502 29920
22602 33277
22702 5500
22802 15128
22902 58070
23002 2964
23102 51455
23202 16681
23302 54906
23402 31497
23502 63167
23602 36761
23702 65047
23802 18345
23902 56934
24002 14919
24102 36987
24202 50371
24302 24828
24402 61011
24502 5442
24602 53713
24702 56714
24802 34302
24902 215
25002 61340
25102 6335
25202 13356
25302 11048
25402 55446
25502 54056
25602 39976
25702 17042
25802 36443
25902 12633
26002 63302
26102 4664
26202 40122
26302 8946
26402 9080
26502 19326
26602 13140
26702 46921
26802 19613
26902 13489
27002 50610
27102 40576
27202 28718
27302 43075
27402 19722
27502 27878
27602 13281
27702 36938
27802 59920
27902 51992
28002 15446
28102 16674
28202 63966
28302 37836
28402 33892
28502 50400
28602 43443
28702 57241
28802 6511
28902 22550
29002 35656
29102 11270
29202 43633
29302 14380
29402 10483
29502 27641
29602 3760
29702 56101
29802 51821
29902 23124
30002 39853
30102 17273
30202 29422
30302 29335
30402 36984
30502 17408
30602 56681
30702 40082
30802 7794
30902 33295
31002 1852
31102 8887
31202 56988
31302 34454
31402 32550
31502 13110
31602 11833
31702 46900
31802 52609
31902 38110
32002 61913
32102 38684
32202 65332
32302 25290
32402 34528
32502 15455
32602 62223
32702 24660
32802 51108
32902 23419
33002 10139
33102 38243
33202 4658
33302 26590
33402 16327
33502 40606
33602 17404
33702 61236
33802 56846
33902 30394
34002 60326
34102 52678
34202 4541
34302 43624
34402 39880
34502 51537
34602 15787
34702 37005
34802 9452
34902 26431
35002 47649
35102 11740
35202 2056
35302 28351
35402 65030
35502 38651
35602 11534
35702 22421
35802 59088
35902 63912
36002 52537
36102 34211
36202 38813
36302 32268
36402 24499
36502 40779
36602 39101
36702 12538
36802 21917
36902 55392
37002 3091
37102 45071
37202 28044
37302 17656
37402 36276
37502 46624
37602 20436
37702 48810
37802 26372
37902 54213
38002 24488
38102 12762
38202 11460
38302 23438
38402 41340
38502 47212
38602 43179
38702 17986
38802 39983
38902 13
39002 63372
39102 28143
39202 6142
39302 32596
39402 5924
39502 7215
39602 61693
39702 38619
39802 62520
39902 51904
40002 44114
40102 43087
40202 28956
40302 9896
40402 51015
40502 22906
40602 38070
40702 19752
40802 15879
40902 42518
41002 34874
41102 46163
41202 23829
41302 34589
41402 35322
41502 12471
41602 1094
41702 15220
41802 8192
41902 17430
42002 15665
42102 26169
42202 531
42302 62938
42402 42353
42502 65084
42602 26114
42702 15705
42802 29841
42902 3034
43002 4583
43102 19119
43202 21850
43302 43940
43402 43516
43502 39009
43602 62168
43702 4962
43802 33778
43902 48992
44002 17468
44102 37978
44202 24377
44302 37945
44402 26052
44502 41649
44602 61481
44702 27246
44802 54497
44902 9194
45002 47758
45102 10650
45202 28679
45302 4624
45402 55886
45502 25428
45602 29277
45702 27625
45802 35840
45902 6088
46002 50860
46102 9857
46202 24559
46302 1053
46402 11091
46502 53913
46602 53822
46702 28170
46802 53643
46902 42928
47002 49418
47102 8987
47202 32252
47302 31150
47402 14700
47502 25873
47602 54845
47702 2847
47802 35201
47902 49002
48002 48370
48102 59866
48202 5068
48302 22838
48402 35221
48502 57301
48602 34068
48702 39425
48802 26788
48902 56055
49002 7384
49102 64287
49202 12146
49302 26702
49402 29982
49502 9106
49602 58143
49702 7052
49802 43577
49902 36151
50002 39699
50102 39821
50202 45794
50302 26561
50402 61435
50502 28618
50602 13591
50702 24906
50802 53013
50902 47922
51002 39252
51102 13626
51202 11130
51302 56788
51402 60299
51502 63357
51602 34100
51702 29993
51802 50854
51902 52944
52002 28321
52102 18919
52202 41254
52302 46248
52402 10097
52502 38146
52602 57348
52702 34992
52802 14295
52902 8352
53002 39432
53102 62739
53202 42973
53302 50648
53402 21899
53502 24322
53602 50517
53702 9179
53802 21186
53902 14593
54002 40230
54102 39350
54202 54999
54302 43564
54402 57295
54502 45722
54602 442
54702 35795
54802 64406
54902 31715
55002 33812
55102 815
55202 31239
55302 38032
55402 58905
55502 9459
55602 53188
55702 62745
55802 44003
55902 4256
56002 24352
56102 52487
56202 25143
56302 25445
56402 14351
56502 43918
56602 32505
56702 40393
56802 47297
56902 42220
57002 9598
57102 65145
57202 7826
57302 52391
57402 63840
57502 62114
57602 19559
57702 19315
57802 63149
57902 15210
58002 49169
58102 59958
58202 11489
58302 57891
58402 41244
58502 64224
58602 42257
58702 9140
58802 38817
58902 51351
59002 3709
59102 14636
59202 22069
59302 1700
59402 33473
59502 13788
59602 22402
59702 57132
59802 17807
59902 50417
60002 40892
60102 15055
60202 10458
60302 34148
60402 20388
60502 26753
60602 38896
60702 32775
60802 10084
60902 18133
61002 32028
61102 60444
61202 55515
61302 21387
61402 5238
61502 45814
61602 17340
61702 4354
61802 33305
61902 13725
62002 4471
62102 38071
62202 44200
62302 980
62402 12037
62502 26523
62602 56518
62702 15627
62802 11795
62902 31356
63002 12954
63102 31535
63202 30810
63302 16996
63402 62130
63502 43351
63602 38640
63702 64739
63802 181
63902 57294
64002 35908
64102 34846
64202 41043
64302 45375
64402 64130
64502 50247
64602 10631
64702 32868
64802 30098
64902 23987
65002 53416
65102 12836
65202 57341
65302 18793
65402 45889
65502 9974
65602 21817
65702 25031
65802 40339
65902 54341
66002 52343
66102 44472
66202 12026
66302 43131
66402 11103
66502 42022
66602 27727
66702 48513
66802 21913
66902 14896
67002 50195
67102 33006
67202 60087
67302 38952
67402 17458
67502 3129
67602 58101
67702 20269
67802 401
67902 28303
68002 49538
68102 18599
68202 20466
68302 43573
68402 46239
68502 20294
68602 15438
68702 48453
68802 63675
68902 2351
69002 16399
69102 47500
69202 63985
69302 16063
69402 38208
69502 52157
69602 25421
69702 51369
69802 29024
69902 21106
70002 42647
70102 33002
70202 41901
70302 61762
70402 8002
70502 24242
70602 52273
70702 1170
70802 6735
70902 5510
71002 30865
71102 63749
71202 16317
71302 34397
71402 12574
71502 7898
71602 2678
71702 15892
71802 22060
71902 61359
72002 33075
72102 50700
72202 44991
72302 53372
72402 9949
72502 40813
72602 12837
72702 23787
72802 3893
72902 32134
73002 40491
73102 39551
73202 33001
73302 8123
73402 17981
73502 44918
73602 48602
73702 60501
73802 56774
73902 36052
74002 59620
74102 36134
74202 13551
74302 9931
74402 30725
74502 2860
74602 62124
74702 63671
74802 13963
74902 58034
75002 32177
75102 38983
75202 4222
75302 7446
75402 5644
75502 11487
75602 12250
75702 60279
75802 47214
75902 26285
76002 65183
76102 31202
76202 13596
76302 18860
76402 29844
76502 54951
76602 29808
76702 49743
76802 42791
76902 9805
77002 28067
77102 63654
77202 6149
77302 7876
77402 34452
77502 30004
77602 43341
77702 26947
77802 52984
77902 15524
78002 1545
78102 19516
78202 63159
78302 11244
78402 54863
78502 54412
78602 51353
78702 60529
78802 39561
78902 9032
79002 10783
79102 63224
79202 45573
79302 55175
79402 6296
79502 8299
79602 13771
79702 85
79802 7852
79902 34648
80002 10896
80102 7100
80202 31788
80302 3011
80402 34127
80502 15713
80602 193
80702 37524
80802 56070
80902 2744
81002 39357
81102 50894
81202 21016
81302 4971
81402 23889
81502 17292
81602 52880
81702 53391
81802 41838
81902 57456
82002 18203
82102 63379
82202 7368
82302 55169
82402 28792
82502 63893
82602 41446
82702 10315
82802 6162
82902 15387
83002 50774
83102 5356
83202 19528
83302 39413
83402 54087
83502 32383
83602 8726
83702 40734
83802 50985
83902 31908
84002 17152
84102 54626
84202 9940
84302 42986
84402 40844
84502 63045
84602 59005
84702 34864
84802 11725
84902 15861
85002 27848
85102 34510
85202 34507
85302 4474
85402 46638
85502 50011
85602 47741
85702 3054
85802 27853
85902 18366
86002 47870
86102 53243
86202 54754
86302 59694
86402 48669
86502 57367
86602 35881
86702 58119
86802 10535
86902 13502
87002 63039
87102 49316
87202 5521
87302 44699
87402 18350
87502 44059
87602 24410
87702 43597
87802 24260
87902 6535
88002 26125
88102 35185
88202 38639
88302 40799
88402 64358
88502 55140
88602 17727
88702 20395
88802 24564
88902 47234
89002 57107
89102 42010
89202 57392
89302 4314
89402 36944
89502 2780
89602 2430
89702 8165
89802 31644
89902 39100
90002 24081
90102 58935
