102 64091
202 37458
302 6083
402 23577
502 5646
602 11695
702 7891
802 46307
902 29947
1002 22804
1102 62713
1202 17859
1302 63294
1402 34275
1502 17946
1602 51024
1702 5316
1802 51397
1902 48725
2002 50576
2102 11649
2202 34853
2302 7139
2402 28085
2502 1054
2602 29595
2702 12891
2802 45598
2902 40072
3002 9073
3102 34144
3202 459
3302 21262
3402 42956
3502 59324
3602 35208
3702 10111
3802 30120
3902 27241
4002 28939
4102 48301
4202 35442
4302 8271
4402 9605
4502 25025
4602 39011
4702 29465
4802 19062
4902 26313
5002 60554
5102 15285
5202 36913
5302 6220
5402 21079
5502 63288
5602 41513
5702 61576
5802 4924
5902 55491
6002 48812
6102 39461
6202 56930
6302 9496
6402 64914
6502 64720
6602 21184
6702 794
6802 51413
6902 7701
7002 55728
7102 26766
7202 31249
7302 20258
7402 63390
7502 43815
7602 21517
7702 60613
7802 11009
7902 63360
8002 44249
8102 41003
8202 59622
8302 32428
8402 9340
8502 39583
8602 29617
8702 1477
8802 33851
8902 5347
9002 641
9102 44270
9202 14976
9302 29310
9402 60141
9502 40489
9602 18779
9702 60684
9802 9719
9902 15501
10002 7227
10102 14101
10202 42126
10302 53430
10402 9170
10502 59743
10602 38287
10702 64858
10802 39898
10902 40509
11002 43061
11102 17353
11202 47787
11302 39487
11402 19534
11502 21281
11602 60356
11702 11942
11802 33826
11902 46999
12002 24793
12102 58413
12202 26975
12302 55110
12402 42482
12502 50082
12602 8477
12702 8842
12802 32946
12902 26135
13002 26449
13102 19628
13202 11502
13302 57209
13402 51149
13502 25983
13602 27676
13702 26169
13802 45998
13902 5026
14002 40444
14102 36677
14202 39623
14302 23168
14402 63088
14502 35899
14602 24694
14702 54132
14802 45174
14902 51589
15002 35524
15102 18858
15202 45588
15302 32042
15402 31625
15502 15817
15602 22069
15702 46934
15802 55354
15902 36460
16002 34166
16102 11917
16202 45139
16302 44148
16402 4237
16502 32445
16602 49134
16702 45518
16802 2181
16902 44816
17002 46563
17102 6672
17202 21998
17302 56610
17402 52061
17502 46965
17602 51076
17702 7943
17802 8302
17902 34202
18002 6359
18102 39260
18202 55092
18302 41004
18402 28310
18502 12213
18602 29219
18702 18920
18802 32180
18902 31117
19002 51271
19102 38663
19202 37581
19302 50396
19402 6942
19502 58032
19602 9090
19702 35381
19802 47772
19902 49197
20002 45035
20102 51036
20202 58198
20302 40184
20402 46779
20502 2377
20602 18780
20702 6127
20802 44942
20902 29960
21002 27212
21102 17430
21202 46669
21302 18986
21402 54232
21502 21281
21602 18012
21702 22521
21802 20424
21902 37740
22002 13007
22102 50600
22202 20429
22302 48529
22402 8489
22502 46536
22602 52823
22702 18019
22802 32634
22902 27910
23002 3431
23102 6501
23202 14514
23302 37966
23402 62236
23502 44453
23602 5498
23702 37093
23802 50499
23902 13695
24002 13314
24102 41603
24202 41228
24302 20395
24402 39335
24502 36247
24602 3740
24702 32545
24802 42431
24902 56896
25002 10444
25102 11996
25202 51064
25302 58864
25402 30558
25502 54099
25602 14047
25702 55603
25802 6318
25902 56560
26002 2185
26102 57358
26202 43993
26302 38686
26402 25540
26502 7739
26602 2292
26702 57133
26802 2319
26902 37747
27002 8686
27102 20287
27202 30731
27302 42796
27402 55220
27502 50573
27602 33424
27702 24077
27802 42059
27902 45465
28002 30439
28102 42186
28202 28613
28302 5649
28402 65095
28502 9326
28602 50942
28702 35426
28802 16609
28902 45974
29002 15171
29102 15639
29202 2094
29302 40018
29402 35029
29502 48939
29602 8810
29702 62917
29802 33427
29902 10547
30002 1238
30102 50737
30202 62625
30302 18815
30402 30749
30502 10408
30602 58247
30702 62942
30802 36162
30902 43105
31002 21153
31102 21419
31202 13007
31302 34614
31402 43429
31502 22248
31602 59416
31702 47664
31802 58293
31902 8030
32002 37530
32102 52842
32202 22426
32302 50328
32402 39458
32502 60209
32602 38477
32702 32839
32802 36924
32902 28138
33002 19497
33102 7567
33202 35381
33302 14099
33402 52337
33502 6856
33602 63437
33702 30402
33802 12143
33902 59806
34002 37725
34102 9912
34202 16452
34302 10533
34402 33678
34502 59385
34602 34622
34702 15818
34802 30294
34902 17166
35002 20214
35102 63745
35202 52015
35302 35379
35402 17191
35502 40010
35602 47582
35702 7814
35802 17198
35902 37220
36002 10598
36102 9259
36202 55129
36302 46697
36402 6394
36502 54911
36602 34753
36702 9470
36802 40095
36902 63072
37002 30377
37102 40188
37202 30863
37302 57302
37402 62194
37502 54097
37602 6920
37702 13132
37802 49482
37902 11989
38002 61690
38102 39943
38202 26824
38302 51142
38402 31882
38502 35784
38602 49608
38702 41251
38802 30467
38902 15182
39002 46575
39102 4226
39202 62859
39302 19212
39402 41027
39502 3115
39602 39825
39702 12116
39802 23188
39902 44356
40002 17907
40102 14506
40202 62056
40302 28826
40402 11184
40502 43847
40602 2252
40702 56106
40802 18075
40902 64704
41002 24582
41102 57451
41202 38738
41302 47447
41402 25050
41502 5038
41602 29848
41702 21895
41802 65078
41902 41354
42002 20865
42102 64687
42202 4458
42302 43341
42402 31360
42502 57563
42602 37973
42702 41084
42802 20247
42902 46892
43002 49095
43102 59589
43202 43888
43302 64454
43402 30233
43502 24744
43602 63395
43702 31130
43802 11239
43902 317
44002 56447
44102 35724
44202 367
44302 28209
44402 45681
44502 55479
44602 11272
44702 18773
44802 59253
44902 37335
45002 54647
45102 34877
45202 50226
45302 64000
45402 45062
45502 33451
45602 387
45702 8656
45802 22587
45902 61008
46002 62688
46102 58357
46202 59366
46302 26177
46402 33490
46502 24904
46602 29789
46702 62920
46802 60320
46902 50729
47002 50669
47102 25884
47202 1222
47302 21830
47402 48118
47502 48878
47602 9160
47702 64799
47802 30975
47902 13980
48002 24627
48102 32331
48202 12458
48302 54855
48402 15763
48502 5237
48602 42311
48702 31088
48802 28068
48902 25173
49002 49219
49102 26068
49202 27233
49302 28588
49402 10244
49502 8818
49602 1706
49702 47039
49802 64698
49902 1919
50002 27381
50102 44367
50202 33097
50302 15556
50402 56378
50502 54739
50602 47749
50702 22986
50802 40037
50902 18280
51002 12985
51102 4641
51202 16212
51302 46579
51402 28763
51502 14895
51602 21714
51702 6907
51802 43206
51902 11491
52002 38762
52102 17319
52202 30007
52302 55015
52402 34109
52502 15179
52602 6129
52702 59971
52802 16354
52902 27063
53002 40918
53102 5119
53202 18751
53302 56247
53402 11816
53502 49436
53602 1306
53702 43470
53802 33719
53902 24708
54002 4058
54102 12906
54202 48960
54302 18891
54402 62910
54502 14770
54602 36843
54702 54095
54802 46620
54902 52265
55002 57761
55102 56582
55202 5627
55302 16311
55402 62850
55502 54768
55602 40847
55702 25726
55802 17651
55902 56044
56002 46894
56102 14745
56202 21428
56302 7290
56402 47726
56502 47821
56602 54365
56702 49563
56802 60417
56902 29659
57002 40684
57102 35815
57202 54790
57302 63325
57402 30331
57502 36921
57602 22834
57702 59255
57802 50030
57902 37004
58002 4481
58102 26667
58202 20123
58302 62201
58402 859
58502 27654
58602 28931
58702 32078
58802 39978
58902 51870
59002 8530
59102 12640
59202 64036
59302 10977
59402 37579
59502 59573
59602 62341
59702 26398
59802 26148
59902 55502
60002 62937
60102 37789
60202 57063
60302 6013
60402 54391
60502 63308
60602 54436
60702 40292
60802 22588
60902 55027
61002 42449
61102 27938
61202 45179
61302 23300
61402 8099
61502 49440
61602 6167
61702 5919
61802 33870
61902 57652
62002 6110
62102 40443
62202 9179
62302 20411
62402 2833
62502 42839
62602 31792
62702 58246
62802 19435
62902 62259
63002 17524
63102 34930
63202 16292
63302 11556
63402 46050
63502 17425
63602 48467
63702 34701
63802 62459
63902 11639
64002 26469
64102 1306
64202 48149
64302 26754
64402 52250
64502 60350
64602 21234
64702 54226
64802 8309
64902 36178
65002 35039
65102 11313
65202 62859
65302 49983
65402 42706
65502 58900
65602 21435
65702 22942
65802 51323
65902 2942
66002 39548
66102 64888
66202 45800
66302 28556
66402 45149
66502 3640
66602 16428
66702 23715
66802 46646
66902 32888
67002 50486
67102 51834
67202 35185
67302 12753
67402 23619
67502 34282
67602 54991
67702 65298
67802 40534
67902 7862
68002 38058
68102 511
68202 28953
68302 27871
68402 13330
68502 16143
68602 57175
68702 8613
68802 8663
68902 51928
69002 47772
69102 4256
69202 15037
69302 48380
69402 41711
69502 61561
69602 48950
69702 8373
69802 7132
69902 15748
70002 21590
70102 25156
70202 10650
70302 61095
70402 16849
70502 37865
70602 11945
70702 36440
70802 50365
70902 59662
71002 27264
71102 3518
71202 59693
71302 50391
71402 26915
71502 45643
71602 39974
71702 50365
71802 37014
71902 14607
72002 64341
72102 49268
72202 4733
72302 29688
72402 28128
72502 4835
72602 53322
72702 16880
72802 38953
72902 45300
73002 33247
73102 42855
73202 6871
73302 23887
73402 1016
73502 23860
73602 54131
73702 23356
73802 39452
73902 60832
74002 56181
74102 53081
74202 4463
74302 63955
74402 5686
74502 9143
74602 53644
74702 717
74802 11569
74902 26666
75002 56025
75102 7635
75202 5263
75302 37553
75402 5208
75502 47641
75602 37537
75702 58752
75802 17084
75902 11986
76002 23729
76102 52217
76202 25891
76302 19602
76402 18358
76502 30620
76602 21063
76702 55778
76802 15514
76902 29000
77002 52070
77102 26821
77202 25406
77302 18231
77402 63061
77502 39247
77602 50989
77702 626
77802 14982
77902 42984
78002 21851
78102 25705
78202 6683
78302 22608
78402 28485
78502 7485
78602 53327
78702 20033
78802 14337
78902 59227
79002 15227
79102 17427
79202 63715
79302 22156
79402 8735
79502 17178
79602 63321
79702 41326
79802 7639
79902 49883
80002 57426
80102 31145
80202 26684
80302 40895
80402 56726
80502 25899
80602 61233
80702 58931
80802 8294
80902 26332
81002 63588
81102 61835
81202 19843
81302 11143
81402 2987
81502 52931
81602 21347
81702 62898
81802 6819
81902 19668
82002 29440
82102 63505
82202 57956
82302 48802
82402 46651
82502 60351
82602 8578
82702 22773
82802 28589
82902 23109
83002 45248
83102 31331
83202 49105
83302 41132
83402 29614
83502 49164
83602 37685
83702 53627
83802 38504
83902 20061
84002 64607
84102 38667
84202 65364
84302 64682
84402 47075
84502 55333
84602 28882
84702 46147
84802 30621
84902 63441
85002 36627
85102 55748
85202 10734
85302 60857
85402 58420
85502 27125
85602 36456
85702 60737
85802 30949
85902 58412
86002 52111
86102 34138
86202 14328
86302 23307
86402 59236
86502 18384
86602 45485
86702 43268
86802 1759
86902 38954
87002 58021
87102 8198
87202 43415
87302 29879
87402 50812
87502 39582
87602 48557
87702 47339
87802 27845
87902 10492
88002 64466
88102 47192
88202 61449
88302 33004
88402 47745
88502 47823
88602 28170
88702 30323
88802 50478
88902 28028
89002 44362
89102 56523
89202 36044
89302 21491
89402 24924
89502 59332
89602 14027
89702 62903
89802 44285
89902 35477
90002 15087
90102 40667
