102 19997
202 48255
302 15003
402 51943
502 33244
602 20238
702 53653
802 6987
902 59653
1002 52513
1102 51006
1202 31112
1302 37410
1402 60037
1502 7669
1602 30191
1702 12684
1802 42460
1902 40543
2002 46907
2102 29461
2202 28979
2302 31524
2402 14509
2502 55592
2602 25798
2702 33401
2802 61247
2902 37075
3002 69
3102 20383
3202 7810
3302 37159
3402 9948
3502 39195
3602 50858
3702 15742
3802 65096
3902 40517
4002 32771
4102 32628
4202 48127
4302 37821
4402 25004
4502 2635
4602 17034
4702 14175
4802 38238
4902 35724
5002 8972
5102 60538
5202 56564
5302 3799
5402 23174
5502 61411
5602 16567
5702 31387
5802 49882
5902 52701
6002 41384
6102 61585
6202 7951
6302 54986
6402 12636
6502 34464
6602 11474
6702 13775
6802 20423
6902 44435
7002 20190
7102 59123
7202 41762
7302 57115
7402 24160
7502 3490
7602 12003
7702 20947
7802 63116
7902 872
8002 39336
8102 1247
8202 55706
8302 7517
8402 28222
8502 45528
8602 39729
8702 39491
8802 24758
8902 28724
9002 27414
9102 18969
9202 35215
9302 52359
9402 17217
9502 34162
9602 23008
9702 25615
9802 39790
9902 43791
10002 2761
10102 49017
10202 22762
10302 25351
10402 3941
10502 17684
10602 61327
10702 44597
10802 50995
10902 62650
11002 23351
11102 37551
11202 51954
11302 10056
11402 77
11502 44304
11602 12076
11702 36099
11802 55266
11902 30119
12002 29362
12102 29212
12202 30687
12302 52673
12402 47544
12502 60875
12602 6444
12702 42028
12802 38757
12902 44286
13002 56656
13102 22454
13202 8521
13302 22696
13402 43517
13502 14771
13602 12331
13702 53440
13802 42994
13902 40870
14002 57395
14102 45250
14202 47342
14302 16185
14402 13181
14502 1623
14602 37168
14702 37960
14802 58964
14902 54312
15002 14415
15102 47493
15202 51019
15302 9596
15402 36608
15502 33412
15602 50769
15702 60364
15802 12817
15902 9898
16002 56217
16102 33824
16202 39851
16302 55093
16402 56630
16502 31638
16602 23812
16702 16495
16802 25996
16902 56634
17002 44166
17102 15588
17202 61850
17302 33732
17402 46529
17502 48386
17602 11727
17702 4671
17802 46950
17902 9071
18002 62944
18102 7730
18202 60546
18302 36236
18402 10010
18502 18788
18602 41866
18702 23839
18802 48260
18902 10859
19002 23351
19102 26136
19202 56230
19302 55816
19402 37130
19502 43952
19602 11577
19702 6703
19802 12742
19902 45342
20002 9467
20102 3431
20202 51587
20302 24548
20402 37504
20502 18155
20602 54039
20702 42263
20802 59429
20902 19498
21002 48815
21102 52360
21202 65199
21302 50187
21402 46124
21502 2237
21602 49463
21702 12463
21802 53995
21902 56963
22002 36664
22102 29896
22202 48765
22302 64434
22402 28010
22502 7951
22602 25996
22702 11201
22802 14566
22902 50428
23002 27351
23102 1939
23202 50827
23302 50228
23402 58278
23502 44566
23602 48585
23702 49059
23802 51333
23902 34107
24002 1470
24102 65004
24202 6506
24302 33037
24402 45091
24502 42635
24602 48574
24702 57978
24802 31735
24902 59734
25002 11946
25102 48413
25202 12280
25302 46540
25402 372
25502 47071
25602 15155
25702 6396
25802 28681
25902 27555
26002 51035
26102 7731
26202 15585
26302 15832
26402 63269
26502 18811
26602 6514
26702 53245
26802 18835
26902 23116
27002 51986
27102 48277
27202 46010
27302 61657
27402 12911
27502 32502
27602 44321
27702 31782
27802 25380
27902 64266
28002 61489
28102 35960
28202 45673
28302 7316
28402 40842
28502 46955
28602 20302
28702 58253
28802 9033
28902 14576
29002 65026
29102 50479
29202 63390
29302 27258
29402 60118
29502 52237
29602 23460
29702 46472
29802 52627
29902 48413
30002 29635
30102 25887
30202 60393
30302 7055
30402 37449
30502 6972
30602 18739
30702 52273
30802 5466
30902 48496
31002 16598
31102 11844
31202 55428
31302 27994
31402 9274
31502 51767
31602 29095
31702 32943
31802 32977
31902 52456
32002 56759
32102 30027
32202 63556
32302 60341
32402 24653
32502 27759
32602 53981
32702 38429
32802 11687
32902 18645
33002 27660
33102 39778
33202 20881
33302 31410
33402 61893
33502 27790
33602 5973
33702 55187
33802 24473
33902 22743
34002 50073
34102 55973
34202 40811
34302 62200
34402 12503
34502 11011
34602 11975
34702 62311
34802 919
34902 55199
35002 16665
35102 48391
35202 45249
35302 1
35402 32386
35502 41771
35602 59872
35702 47990
35802 37421
35902 60596
36002 25741
36102 24887
36202 8431
36302 48973
36402 46194
36502 17447
36602 60322
36702 37423
36802 53467
36902 42518
37002 6429
37102 23614
37202 19910
37302 33694
37402 2713
37502 45008
37602 7821
37702 1210
37802 37899
37902 63964
38002 8573
38102 13685
38202 36902
38302 60536
38402 13025
38502 13779
38602 41619
38702 61771
38802 4982
38902 50672
39002 24029
39102 50134
39202 27145
39302 7818
39402 17739
39502 10809
39602 47696
39702 12383
39802 18541
39902 24523
40002 38050
40102 7725
40202 41390
40302 57116
40402 62616
40502 1680
40602 34328
40702 1552
40802 20136
40902 46424
41002 16921
41102 59999
41202 20961
41302 15576
41402 62179
41502 22474
41602 53194
41702 60293
41802 44253
41902 33502
42002 21081
42102 38824
42202 46034
42302 33965
42402 52313
42502 37933
42602 50357
42702 22889
42802 24987
42902 21984
43002 22021
43102 21101
43202 12856
43302 2016
43402 13139
43502 21712
43602 45315
43702 40092
43802 51010
43902 21230
44002 16446
44102 51775
44202 19230
44302 47046
44402 43995
44502 25232
44602 21776
44702 46922
44802 3041
44902 41241
45002 2471
45102 15306
45202 6326
45302 43206
45402 16131
45502 39389
45602 17910
45702 19568
45802 41854
45902 9339
46002 29689
46102 13408
46202 412
46302 64415
46402 11386
46502 20752
46602 36961
46702 50923
46802 30977
46902 50226
47002 17269
47102 44767
47202 975
47302 16798
47402 46119
47502 35268
47602 32477
47702 6781
47802 1878
47902 8131
48002 24927
48102 39099
48202 6671
48302 58246
48402 12406
48502 24412
48602 33463
48702 42158
48802 26214
48902 15174
49002 59592
49102 44044
49202 45645
49302 63405
49402 56141
49502 55063
49602 58434
49702 60372
49802 2592
49902 51131
50002 28333
50102 6812
50202 1771
50302 37178
50402 48859
50502 34993
50602 42519
50702 37447
50802 46707
50902 23027
51002 43879
51102 42925
51202 23898
51302 60796
51402 49280
51502 23559
51602 63806
51702 57050
51802 41970
51902 49832
52002 4420
52102 48736
52202 4573
52302 2693
52402 33695
52502 37986
52602 5012
52702 62425
52802 14797
52902 6176
53002 12067
53102 3676
53202 32448
53302 38734
53402 58901
53502 64931
53602 25557
53702 42854
53802 16525
53902 26637
54002 22124
54102 62121
54202 38315
54302 10523
54402 35530
54502 43364
54602 32037
54702 13036
54802 9868
54902 19214
55002 15155
55102 55330
55202 13853
55302 55938
55402 42747
55502 22004
55602 20056
55702 56663
55802 47037
55902 17868
56002 33053
56102 6106
56202 13737
56302 21685
56402 7118
56502 45610
56602 62479
56702 22814
56802 9751
56902 48329
57002 54022
57102 64862
57202 47164
57302 41639
57402 46818
57502 55550
57602 26872
57702 54615
57802 58044
57902 63139
58002 5420
58102 11525
58202 44475
58302 6115
58402 23170
58502 17766
58602 22042
58702 27561
58802 33061
58902 2656
59002 16103
59102 21121
59202 41504
59302 38786
59402 28325
59502 13029
59602 37911
59702 62199
59802 15152
59902 278
60002 3656
60102 19825
60202 46208
60302 51460
60402 63889
60502 28213
60602 14561
60702 37987
60802 48168
60902 7958
61002 39420
61102 7308
61202 61435
61302 61794
61402 63677
61502 13260
61602 61227
61702 21538
61802 56033
61902 5647
62002 8540
62102 60103
62202 32546
62302 11091
62402 51989
62502 40729
62602 54827
62702 35967
62802 48717
62902 64713
63002 19485
63102 23611
63202 18825
63302 2332
63402 62890
63502 20895
63602 34917
63702 63655
63802 53187
63902 13738
64002 57450
64102 8830
64202 10870
64302 30043
64402 1468
64502 35627
64602 42693
64702 55273
64802 26207
64902 38546
65002 30436
65102 36420
65202 19270
65302 15702
65402 40602
65502 3441
65602 60464
65702 15188
65802 3465
65902 36750
66002 51244
66102 23105
66202 55449
66302 26212
66402 8028
66502 49030
66602 28540
66702 35775
66802 47447
66902 50824
67002 38078
67102 31538
67202 59994
67302 35297
67402 3632
67502 24638
67602 43799
67702 46205
67802 26743
67902 34017
68002 22410
68102 53949
68202 26819
68302 59582
68402 27018
68502 29720
68602 42171
68702 5254
68802 5752
68902 38056
69002 58916
69102 37124
69202 11443
69302 51402
69402 40340
69502 3224
69602 61370
69702 11599
69802 16269
69902 43766
70002 61587
70102 40147
70202 12346
70302 33510
70402 48908
70502 20158
70602 54425
70702 30854
70802 41473
70902 37655
71002 24093
71102 41265
71202 13443
71302 821
71402 22037
71502 35644
71602 51858
71702 6881
71802 39838
71902 12824
72002 41999
72102 60235
72202 16917
72302 51118
72402 46337
72502 26349
72602 63993
72702 53549
72802 24009
72902 4731
73002 63824
73102 44273
73202 32541
73302 61158
73402 33423
73502 14363
73602 14202
73702 49200
73802 14453
73902 13340
74002 33377
74102 39987
74202 42843
74302 11711
74402 28361
74502 64006
74602 43984
74702 32793
74802 57589
74902 27694
75002 19639
75102 3911
75202 56535
75302 49061
75402 35683
75502 27405
75602 44360
75702 37015
75802 28323
75902 54501
76002 51340
76102 62240
76202 38937
76302 29592
76402 32050
76502 446
76602 2079
76702 39513
76802 15270
76902 21312
77002 48838
77102 53994
77202 57119
77302 63941
77402 45827
77502 32850
77602 29589
77702 13066
77802 2725
77902 29904
78002 13414
78102 63136
78202 2377
78302 4317
78402 36704
78502 6045
78602 35010
78702 8858
78802 36843
78902 60539
79002 14617
79102 64587
79202 64925
79302 51531
79402 38176
79502 26175
79602 41928
79702 14433
79802 682
79902 63045
80002 28745
80102 35535
80202 36843
80302 62336
80402 19733
80502 53775
80602 41602
80702 38722
80802 38877
80902 50679
81002 25083
81102 50991
81202 27269
81302 36318
81402 27987
81502 19970
81602 34531
81702 10791
81802 31403
81902 33891
82002 27082
82102 5548
82202 7443
82302 37249
82402 43291
82502 60127
82602 61800
82702 61097
82802 52461
82902 36421
83002 16171
83102 15642
83202 17667
83302 39489
83402 35507
83502 54754
83602 23491
83702 25715
83802 19337
83902 1269
84002 56269
84102 1827
84202 22451
84302 26851
84402 3637
84502 43947
84602 60180
84702 51366
84802 32172
84902 9574
85002 44838
85102 20331
85202 19279
85302 9195
85402 56760
85502 11040
85602 36184
85702 55167
85802 57515
85902 32229
86002 64112
86102 18898
86202 57664
86302 22415
86402 14193
86502 55277
86602 42097
86702 41832
86802 12588
86902 39528
87002 15561
87102 55487
87202 50248
87302 46639
87402 31537
87502 36704
87602 56134
87702 6618
87802 23214
87902 25
88002 63283
88102 53803
88202 10485
88302 63273
88402 52032
88502 20602
88602 25399
88702 15759
88802 27766
88902 48555
89002 8499
89102 59331
89202 38733
89302 16484
89402 1760
89502 54011
89602 45662
89702 57102
89802 5538
89902 60583
90002 49467
90102 10886
