102 57905
202 2276
302 8305
402 61288
502 52939
602 33789
702 19548
802 51554
902 439
1002 60399
1102 32934
1202 58236
1302 35962
1402 28298
1502 54284
1602 27823
1702 58965
1802 49082
1902 58317
2002 15255
2102 29447
2202 26828
2302 6888
2402 20734
2502 48962
2602 58758
2702 64255
2802 57941
2902 48576
3002 13336
3102 15539
3202 41369
3302 18868
3402 21891
3502 9653
3602 58580
3702 37598
3802 43987
3902 30209
4002 21629
4102 35575
4202 20926
4302 58459
4402 59554
4502 48331
4602 50813
4702 24506
4802 4399
4902 39728
5002 21767
5102 3800
5202 57421
5302 12943
5402 51248
5502 59037
5602 29582
5702 13508
5802 17372
5902 50535
6002 18784
6102 14186
6202 12101
6302 61332
6402 46518
6502 7418
6602 37918
6702 25532
6802 31854
6902 5056
7002 14642
7102 4283
7202 13707
7302 7872
7402 20868
7502 26699
7602 29230
7702 24073
7802 7313
7902 26443
8002 64037
8102 53004
8202 17598
8302 42847
8402 19114
8502 51882
8602 25862
8702 23076
8802 19131
8902 27695
9002 48457
9102 48689
9202 56807
9302 21146
9402 16282
9502 32148
9602 6645
9702 26772
9802 47691
9902 37512
10002 46017
10102 3932
10202 15764
10302 33247
10402 61824
10502 33816
10602 22521
10702 45145
10802 22614
10902 3380
11002 12051
11102 24430
11202 18041
11302 834
11402 30987
11502 12892
11602 16707
11702 42504
11802 64685
11902 42815
12002 19211
12102 5610
12202 46030
12302 25905
12402 58502
12502 28239
12602 1994
12702 50864
12802 38903
12902 22596
13002 16984
13102 36316
13202 62806
13302 59487
13402 58293
13502 1253
13602 55079
13702 10557
13802 6169
13902 31436
14002 25111
14102 59217
14202 31633
14302 63362
14402 56280
14502 3036
14602 60632
14702 21685
14802 24023
14902 28918
15002 48766
15102 4937
15202 10511
15302 32269
15402 24963
15502 10740
15602 16510
15702 21062
15802 8651
15902 15041
16002 49047
16102 63887
16202 51200
16302 42671
16402 37119
16502 17942
16602 56321
16702 799
16802 47372
16902 47030
17002 6910
17102 58244
17202 42898
17302 46753
17402 48352
17502 13000
17602 54704
17702 47259
17802 50279
17902 53929
18002 51722
18102 39893
18202 3174
18302 55273
18402 21377
18502 5919
18602 37595
18702 54267
18802 2728
18902 61461
19002 420
19102 63801
19202 54618
19302 37917
19402 26485
19502 30645
19602 65535
19702 24341
19802 60216
19902 46331
20002 34924
20102 13228
20202 54461
20302 34560
20402 20818
20502 19797
20602 11803
20702 35949
20802 37614
20902 9815
21002 19829
21102 20955
21202 29104
21302 54652
21402 29693
21502 6213
21602 44178
21702 20468
21802 50992
21902 21463
22002 25348
22102 11041
22202 9212
22302 31380
22402 50519
22502 7986
22602 64750
22702 34031
22802 44816
22902 5135
23002 59003
23102 5435
23202 13512
23302 40528
23402 61695
23502 55483
23602 6818
23702 16402
23802 28379
23902 28611
24002 21741
24102 7037
24202 26062
24302 2394
24402 49613
24502 12721
24602 46512
24702 39294
24802 48788
24902 5835
25002 27036
25102 52277
25202 40142
25302 21938
25402 32289
25502 58122
25602 2569
25702 54320
25802 39223
25902 53512
26002 40557
26102 39879
26202 7697
26302 36397
26402 355
26502 27834
26602 12182
26702 60509
26802 15534
26902 19037
27002 40638
27102 48661
27202 19225
27302 3552
27402 47385
27502 54031
27602 59347
27702 54204
27802 1367
27902 47351
28002 54488
28102 10579
28202 17006
28302 37605
28402 7192
28502 22428
28602 1637
28702 12258
28802 62656
28902 22067
29002 28090
29102 30488
29202 58789
29302 8932
29402 48674
29502 17916
29602 56663
29702 38339
29802 2606
29902 22695
30002 13247
30102 42895
30202 46512
30302 57183
30402 57359
30502 59913
30602 41319
30702 38383
30802 32602
30902 63948
31002 41023
31102 24142
31202 20036
31302 11602
