102 59229
202 7507
302 54969
402 61841
502 4323
602 16154
702 64734
802 12291
902 58783
1002 42196
1102 10813
1202 30481
1302 21728
1402 63689
1502 7987
1602 34781
1702 60666
1802 8326
1902 20152
2002 19943
2102 38924
2202 39467
2302 49521
2402 14594
2502 41074
2602 32716
2702 20768
2802 1272
2902 63729
3002 17771
3102 60814
3202 56821
3302 48547
3402 3763
3502 14081
3602 61726
3702 15373
3802 44866
3902 23922
4002 5424
4102 36455
4202 54522
4302 57140
4402 62443
4502 21515
4602 47125
4702 24245
4802 19113
4902 57568
5002 58650
5102 45456
5202 13010
5302 50857
5402 51797
5502 12297
5602 15716
5702 54906
5802 1459
5902 56093
6002 2062
6102 27623
6202 40427
6302 34260
6402 59980
6502 57106
6602 46798
6702 32789
6802 5751
6902 42067
7002 15196
7102 2281
7202 20715
7302 57492
7402 26250
7502 28266
7602 22133
7702 36910
7802 58620
7902 58880
8002 33284
8102 60186
8202 41113
8302 51185
8402 27789
8502 11587
8602 11386
8702 57136
8802 50215
8902 57011
9002 47468
9102 39397
9202 33171
9302 65219
9402 62241
9502 13861
9602 8132
9702 23551
9802 18491
9902 56365
10002 51327
10102 11615
10202 54195
10302 36638
10402 21729
10502 35640
10602 24747
10702 15345
10802 15505
10902 32847
11002 58927
11102 18227
11202 39985
11302 36063
11402 34405
11502 54402
11602 44762
11702 45916
11802 30292
11902 49555
12002 10694
12102 37803
12202 50450
12302 45456
12402 2710
12502 57365
12602 22125
12702 2813
12802 16066
12902 60492
13002 39003
13102 53895
13202 7910
13302 33277
13402 62968
13502 30594
13602 9568
13702 5574
13802 4909
13902 62081
14002 43778
14102 57465
14202 3203
14302 56446
14402 40030
14502 30900
14602 9877
14702 57316
14802 55580
14902 33376
15002 10071
15102 57146
15202 58169
15302 62668
15402 14664
15502 14138
15602 54823
15702 15358
15802 53596
15902 56053
16002 43397
16102 31046
16202 49662
16302 40179
16402 45375
16502 44320
16602 50716
16702 53516
16802 2208
16902 50031
17002 57832
17102 65217
17202 40061
17302 26936
17402 41490
17502 5277
17602 1080
17702 16706
17802 2395
17902 30606
18002 2572
18102 21967
18202 37107
18302 1692
18402 58343
18502 33337
18602 12828
18702 45742
18802 1943
18902 51733
19002 60928
19102 23684
19202 23510
19302 488
19402 28045
19502 12052
19602 44851
19702 23983
19802 65485
19902 23004
20002 63498
20102 54348
20202 44311
20302 38286
20402 23919
20502 12843
20602 12388
20702 17538
20802 32
20902 42899
21002 21629
21102 57048
21202 25699
21302 60617
21402 18836
21502 56661
21602 14413
21702 53306
21802 15577
21902 10046
22002 3937
22102 35554
22202 56146
22302 44664
22402 22102
22502 25522
22602 41758
22702 40375
22802 56643
22902 23158
23002 32144
23102 24918
23202 27506
23302 2515
23402 49823
23502 55574
23602 32965
23702 55040
23802 40475
23902 13481
24002 55170
24102 58583
24202 44045
24302 11819
24402 6751
24502 23956
24602 25747
24702 36808
24802 983
24902 10959
25002 18701
25102 30469
25202 35129
25302 40281
25402 43360
25502 39179
25602 8290
25702 36928
25802 45663
25902 65363
26002 27583
26102 5050
26202 20791
26302 56850
26402 42743
26502 25180
26602 25695
26702 21569
26802 31876
26902 15523
27002 2963
27102 22620
27202 12134
27302 14198
27402 37206
27502 51595
27602 57280
27702 52905
27802 53234
27902 61613
28002 55097
28102 45880
28202 27272
28302 31886
28402 50490
28502 21870
28602 56362
28702 62285
28802 46525
28902 6055
29002 55912
29102 28773
29202 3381
29302 23177
29402 22205
29502 23100
29602 7901
29702 416
29802 64353
29902 28568
30002 13652
30102 26048
30202 59347
30302 30283
30402 55493
30502 53276
30602 16003
30702 36357
30802 23420
30902 5410
31002 18605
31102 28264
31202 29071
31302 26611
31402 51072
31502 28049
31602 36321
31702 61330
31802 62891
31902 49148
32002 27173
32102 47559
32202 14352
32302 14532
32402 54306
32502 38808
32602 42850
32702 50005
32802 59326
32902 51628
33002 63568
33102 18471
33202 54494
33302 3831
33402 34045
33502 2021
33602 56653
33702 30272
33802 33728
33902 37226
34002 24622
34102 38278
34202 18150
34302 14229
34402 14914
34502 2592
34602 7551
34702 17859
34802 57428
34902 4244
35002 61973
35102 25650
35202 60919
35302 38888
35402 26961
35502 39944
35602 42513
35702 58461
35802 36811
35902 58676
36002 33620
36102 29528
36202 57180
36302 55681
36402 64066
36502 57718
36602 15902
36702 6817
36802 4939
