102 49438
202 60125
302 50366
402 5471
502 14751
602 31636
702 53116
802 58737
902 22737
1002 50972
1102 4740
1202 58756
1302 58817
1402 20129
1502 33491
1602 30137
1702 36850
1802 25044
1902 5630
2002 42730
2102 3722
2202 43020
2302 10999
2402 50368
2502 20568
2602 36067
2702 64264
2802 25724
2902 12516
3002 63662
3102 52560
3202 5466
3302 50203
3402 5127
3502 17586
3602 3953
3702 8109
3802 941
3902 30571
4002 29932
4102 13408
4202 12642
4302 9934
4402 32726
4502 16861
4602 20419
4702 4230
4802 40714
4902 52068
5002 32724
5102 47080
5202 58991
5302 31395
5402 53420
5502 41565
5602 19343
5702 58156
5802 41308
5902 23053
6002 18819
6102 3850
6202 65501
6302 577
6402 17786
6502 43802
6602 54996
6702 11263
6802 21970
6902 20932
7002 22048
7102 6514
7202 43864
7302 15080
7402 54201
7502 60656
7602 28993
7702 38025
7802 6373
7902 15703
8002 13550
8102 11379
8202 28694
8302 31829
8402 45200
8502 21652
8602 37173
8702 33956
8802 12508
8902 62138
9002 10653
9102 22255
9202 30998
9302 38759
9402 59901
9502 843
9602 35795
9702 44502
9802 29327
9902 39616
10002 33429
10102 32426
10202 50401
10302 5426
10402 20393
10502 30167
10602 11468
10702 34469
10802 31834
10902 11828
11002 920
11102 32267
11202 2854
11302 7389
11402 1881
11502 32199
11602 34926
11702 10277
11802 52166
11902 63951
12002 39902
12102 2881
12202 21416
12302 55388
12402 59337
12502 50750
12602 34787
12702 12089
12802 1402
12902 9745
13002 872
13102 6720
13202 40461
13302 13294
13402 13674
13502 28085
13602 50238
13702 38982
13802 58214
13902 32877
14002 20071
14102 61977
14202 5463
14302 30161
14402 1791
14502 35570
14602 4160
14702 33474
14802 25292
14902 41176
15002 20864
15102 40903
15202 64478
15302 60975
15402 29288
15502 14396
15602 58687
15702 23162
15802 49029
15902 38692
16002 21692
16102 58761
16202 59604
16302 27502
16402 6760
16502 54594
16602 57082
16702 53292
16802 20996
16902 55433
17002 741
17102 11802
17202 30292
17302 33888
17402 6171
17502 38067
17602 17785
17702 50943
17802 5817
17902 26415
18002 39269
18102 41039
18202 57962
18302 18306
18402 23434
18502 50887
18602 31232
18702 27317
18802 7931
18902 62420
19002 29757
19102 31783
19202 11110
19302 37962
19402 15162
19502 4309
19602 1765
19702 29016
19802 46146
19902 22399
20002 4697
20102 52889
20202 39150
20302 34265
20402 9663
20502 47121
20602 55027
20702 64928
20802 34226
20902 7199
21002 10247
21102 32639
21202 44642
21302 63770
21402 15263
21502 26255
21602 146
21702 54864
21802 40544
21902 27472
22002 37358
22102 50357
22202 58958
22302 20615
22402 8959
22502 45913
22602 33603
22702 1110
22802 3008
22902 48077
23002 4307
23102 55084
23202 30538
23302 25243
23402 42247
23502 42018
23602 64555
23702 65124
23802 46934
23902 51228
24002 37481
24102 44193
24202 12671
24302 11688
24402 13202
24502 44781
24602 65198
24702 40285
24802 26300
24902 34295
25002 56788
25102 10262
25202 12275
25302 54575
25402 35937
25502 23231
25602 45773
25702 10502
25802 60372
25902 47096
26002 6124
26102 58715
26202 1294
26302 38386
26402 22912
26502 12386
26602 8620
26702 4435
26802 51927
26902 50621
27002 40069
27102 64159
27202 29001
27302 16534
27402 5358
27502 55237
27602 28316
27702 38899
27802 47680
27902 17418
28002 49026
28102 22922
28202 53432
28302 36214
28402 45980
28502 51343
28602 2320
28702 51939
28802 15876
28902 25799
29002 43265
29102 7010
29202 34674
29302 13670
29402 43133
29502 52361
29602 24180
29702 51217
29802 45410
29902 43335
30002 56370
30102 1655
30202 26661
30302 41654
30402 38416
30502 8082
30602 54986
30702 59101
30802 37729
30902 54142
31002 53616
31102 24984
31202 4991
31302 54590
31402 35963
31502 23628
31602 42553
31702 29234
31802 12262
31902 53398
32002 52329
32102 20924
32202 33647
32302 30274
32402 62209
32502 49594
32602 1746
32702 11633
32802 13381
32902 59080
33002 55654
33102 63662
33202 22364
33302 6634
33402 15602
33502 7087
33602 36052
33702 26333
33802 31117
33902 2622
34002 17907
34102 37291
34202 63691
34302 34744
34402 16308
34502 19307
34602 12822
34702 28471
34802 4055
34902 11397
35002 21652
35102 18874
35202 34511
35302 54595
35402 36114
35502 46196
35602 30758
35702 6487
35802 35502
35902 21327
36002 38888
36102 23580
36202 64009
36302 33631
36402 59481
36502 45606
36602 7947
36702 59615
36802 17416
36902 52189
37002 45468
37102 26578
37202 4865
37302 47412
37402 53636
37502 7307
37602 48219
37702 1925
37802 45285
37902 44284
38002 19667
38102 59052
38202 26989
38302 63461
38402 3851
38502 39900
38602 23958
38702 34243
38802 44711
38902 35674
39002 13572
39102 45188
39202 20091
39302 28960
39402 28555
39502 31350
39602 55659
39702 28277
39802 7454
39902 55384
40002 44666
40102 33141
40202 46641
40302 8382
40402 30830
40502 35206
40602 17776
40702 13845
40802 18219
40902 29903
41002 39233
41102 28139
41202 48604
41302 24549
41402 13189
41502 55860
41602 29212
41702 61523
41802 22863
41902 52826
42002 63804
42102 9092
42202 33953
42302 27780
42402 21454
42502 1832
42602 25471
42702 18587
42802 27516
42902 227
43002 48322
43102 33536
43202 51355
43302 47571
43402 59660
43502 36943
43602 60728
43702 26002
43802 10618
43902 9530
44002 28412
44102 52678
44202 54712
44302 8024
44402 38694
44502 3231
44602 46422
44702 12023
44802 17780
44902 19086
45002 43402
45102 30122
45202 56585
45302 19073
45402 3052
45502 22106
45602 5634
45702 47438
45802 37865
45902 15909
46002 54736
46102 45478
46202 37254
46302 31554
46402 28579
46502 30111
46602 25834
46702 20658
46802 3702
46902 58573
47002 10954
47102 49731
47202 56237
47302 9313
47402 18380
47502 2571
47602 40707
47702 54443
47802 40826
47902 45482
48002 1308
48102 50924
48202 58838
48302 64062
48402 64269
48502 10982
48602 12626
48702 45679
48802 25845
48902 28397
49002 42713
49102 6416
49202 27237
49302 50401
49402 49692
49502 63563
49602 49854
49702 57682
49802 18924
49902 31699
50002 31234
50102 34761
50202 47282
50302 51878
50402 41195
50502 50369
50602 27219
50702 25758
50802 55456
50902 44685
51002 17046
51102 16510
51202 20860
51302 35839
51402 3278
51502 24257
51602 50211
51702 23703
51802 32197
51902 10491
52002 22901
52102 59724
52202 38272
52302 4185
52402 54338
52502 35162
52602 19499
52702 35418
52802 27291
52902 31814
53002 31172
53102 56449
53202 6010
53302 8753
53402 35586
53502 28249
53602 49496
53702 51100
53802 53627
53902 8245
54002 34869
54102 48826
54202 46863
54302 59655
54402 44570
54502 55282
54602 3161
54702 61748
54802 5765
54902 29619
55002 42327
55102 38843
55202 48861
55302 35057
55402 16432
55502 59794
55602 3125
55702 23817
55802 64815
55902 38574
56002 52481
56102 57355
56202 50430
56302 13342
56402 35874
56502 6781
56602 7220
56702 49527
56802 36524
56902 47921
57002 7538
57102 46945
57202 63216
57302 22006
57402 17456
57502 48090
57602 36049
57702 50041
57802 23476
57902 8558
58002 42483
58102 58868
58202 21452
58302 41808
58402 44979
58502 11989
58602 4418
58702 44022
58802 16804
58902 31560
59002 12053
59102 48831
59202 49158
59302 17327
59402 37316
59502 62173
59602 40177
59702 15967
59802 41471
59902 40311
60002 46896
60102 1772
60202 63674
60302 19430
60402 58086
60502 36472
60602 19786
60702 27069
60802 53552
60902 47218
61002 10232
61102 64857
61202 10368
61302 10998
61402 13714
61502 56528
61602 5992
61702 64800
61802 27354
61902 57111
62002 26926
62102 48945
62202 19562
62302 64644
62402 51708
62502 32691
62602 50915
62702 7398
62802 1236
62902 11898
63002 64932
63102 57458
63202 54083
63302 39915
63402 22802
63502 18714
63602 51478
63702 51296
63802 26918
63902 25903
64002 52869
64102 5356
64202 23078
64302 57121
64402 24951
64502 38364
64602 12177
64702 32991
64802 35896
64902 40049
65002 16808
65102 46667
65202 4573
65302 20099
65402 5937
65502 54824
65602 15556
65702 50243
65802 1469
65902 15539
66002 39681
66102 11539
66202 38032
66302 36663
66402 64718
66502 57408
66602 6300
66702 32988
66802 32965
66902 54840
67002 44961
67102 62204
67202 37850
67302 58254
67402 26097
67502 60075
67602 42376
67702 30898
67802 38273
67902 32564
68002 56586
68102 11242
68202 15611
68302 44545
68402 39594
68502 39007
68602 59294
68702 41208
68802 50859
68902 34524
69002 57901
69102 22063
69202 63943
69302 35043
69402 22101
69502 35841
69602 32661
69702 17149
69802 26745
69902 59228
70002 17621
70102 3779
70202 1646
70302 3785
70402 39511
70502 1833
70602 27915
70702 15379
70802 9382
70902 20263
71002 18000
71102 29448
71202 10075
71302 9309
71402 40202
71502 35064
71602 49611
71702 36910
71802 48484
71902 36973
72002 44018
72102 29643
72202 13094
72302 61058
72402 18548
72502 3420
72602 21008
72702 6781
72802 58136
72902 33896
73002 65341
73102 64481
73202 42376
73302 56212
73402 54735
73502 55009
73602 56194
73702 4535
73802 33104
73902 35105
74002 8988
74102 52129
74202 6590
74302 30977
74402 38056
74502 36968
74602 53976
74702 40892
74802 59653
74902 20131
75002 44060
75102 11342
75202 9354
75302 45141
75402 51105
75502 44340
75602 29227
75702 40326
75802 12987
75902 18958
76002 54805
76102 29058
76202 6235
76302 38243
76402 97
76502 11220
76602 7896
76702 62836
76802 31425
76902 15561
77002 38436
77102 22893
77202 17028
77302 54857
77402 2370
77502 22671
77602 40581
77702 41066
77802 40178
77902 56703
78002 41386
78102 64839
78202 6689
78302 50605
78402 58629
78502 45943
78602 61549
78702 34182
78802 9274
78902 62491
79002 30284
79102 31286
79202 23013
79302 7455
79402 33890
79502 32660
79602 11886
79702 32675
79802 15838
79902 10523
80002 47157
80102 36945
80202 26333
80302 34278
80402 42461
80502 54996
80602 26237
80702 38100
80802 49463
80902 56387
81002 6055
81102 31192
81202 61052
81302 12832
81402 16017
81502 25279
81602 27927
81702 1965
81802 41689
81902 43085
82002 35569
82102 46924
82202 18677
82302 18855
82402 55865
82502 28551
82602 31516
82702 16480
82802 31501
82902 42540
83002 27476
83102 49967
83202 50142
83302 38829
83402 13278
83502 60672
83602 25198
83702 16169
83802 12518
83902 58175
84002 15329
84102 63866
84202 5347
84302 47495
84402 32231
84502 25114
84602 47971
84702 4108
84802 42200
84902 48821
85002 39996
85102 14080
85202 38845
85302 38041
85402 50870
85502 54952
85602 32909
85702 35091
85802 9885
85902 225
86002 63709
86102 20638
86202 15111
86302 59390
86402 63823
86502 27721
86602 18324
86702 31566
86802 2681
86902 41904
87002 49362
87102 45888
87202 47271
87302 35603
87402 17293
87502 15243
87602 51163
87702 32257
87802 13674
87902 27171
88002 2147
88102 42358
88202 880
88302 61523
88402 57948
88502 39133
88602 669
88702 48761
88802 51787
88902 5300
89002 2293
89102 42418
89202 57220
89302 7056
89402 46763
89502 62464
89602 40699
89702 62677
89802 19227
89902 15513
90002 58369
90102 25506
