102 21344
202 26454
302 47092
402 53495
502 57468
602 36326
702 41680
802 34029
902 20238
1002 32075
1102 64806
1202 3253
1302 24120
1402 18644
1502 43020
1602 34837
1702 16639
1802 6812
1902 8648
2002 37850
2102 34846
2202 15686
2302 8235
2402 9196
2502 41385
2602 17335
2702 15828
2802 4096
2902 17588
3002 21375
3102 54975
3202 36556
3302 8593
3402 33301
3502 22898
3602 58559
3702 54368
3802 34010
3902 50556
4002 7854
4102 51458
4202 63307
4302 32976
4402 22872
4502 40472
4602 62865
4702 58929
4802 6996
4902 4396
5002 48154
5102 32584
5202 18285
5302 43176
5402 56713
5502 42806
5602 44100
5702 56840
5802 53345
5902 26905
6002 3084
6102 34531
6202 65132
6302 29358
6402 8047
6502 44814
6602 50506
6702 43952
6802 63157
6902 59538
7002 22433
7102 35749
7202 34765
7302 9246
7402 1816
7502 25442
7602 17178
7702 54315
7802 1932
7902 64528
8002 5895
8102 40547
8202 36505
8302 60684
8402 5643
8502 14507
8602 29624
8702 35290
8802 29987
8902 11311
9002 25462
9102 59497
9202 44721
9302 12070
9402 7207
9502 19140
9602 60097
9702 52363
9802 40023
9902 40553
10002 60794
10102 3736
10202 33817
10302 33771
10402 28492
10502 307
10602 10990
10702 53196
10802 62588
10902 1857
11002 47725
11102 58245
11202 38964
11302 62427
11402 18992
11502 55461
11602 36613
11702 34190
11802 8392
11902 6451
12002 5974
12102 22416
12202 42627
12302 24835
12402 51508
12502 2929
12602 28532
12702 6101
12802 8820
12902 32326
13002 18399
13102 21064
13202 31913
13302 1718
13402 25581
13502 36820
13602 44876
13702 5361
13802 7741
13902 12183
14002 48919
14102 20951
14202 23906
14302 52187
14402 34912
14502 6767
14602 54514
14702 6507
14802 45239
14902 31890
15002 30867
15102 25769
15202 6757
15302 43846
15402 33659
15502 35570
15602 44381
15702 11406
15802 39078
15902 49237
16002 23746
16102 28845
16202 22328
16302 44663
16402 12855
16502 43190
16602 27541
16702 42713
16802 7578
16902 31809
17002 44877
17102 61131
17202 292
17302 25770
17402 37153
17502 36994
17602 55736
17702 49628
17802 35416
17902 1343
18002 56697
18102 43155
18202 35108
18302 20697
18402 15005
18502 2737
18602 64526
18702 24024
18802 24506
18902 41581
19002 16224
19102 36814
19202 47660
19302 44613
19402 22327
19502 31547
19602 29392
19702 35982
19802 6388
19902 53779
20002 12525
20102 11855
20202 38778
20302 618
20402 1633
20502 38626
20602 5972
20702 15197
20802 19692
20902 16865
21002 4808
21102 39760
21202 19568
21302 31098
21402 60502
21502 49379
21602 63329
21702 27941
21802 29182
21902 34303
22002 64544
22102 42556
22202 8459
22302 65346
22402 1476
22502 16210
22602 11607
22702 62502
22802 28944
22902 34904
23002 60622
23102 48074
23202 53867
23302 45816
23402 7617
23502 56577
23602 49702
23702 43090
23802 856
23902 15593
24002 39083
24102 64340
24202 63522
24302 20096
24402 57704
24502 24860
24602 49302
24702 22026
24802 582
24902 29364
25002 42225
25102 12407
25202 64913
25302 60635
25402 30531
25502 442
25602 36419
25702 45379
25802 23587
25902 47526
26002 4096
26102 40219
26202 3932
26302 24667
26402 28725
26502 32396
26602 20564
26702 43643
26802 60358
26902 5816
27002 2357
27102 10490
27202 31206
27302 1962
27402 43335
27502 16039
27602 17221
27702 63575
27802 4544
27902 6754
28002 21052
28102 50086
28202 53342
28302 54926
28402 31909
28502 41781
28602 18506
28702 37227
28802 24602
28902 34306
29002 11700
29102 36493
29202 45147
29302 55342
29402 17360
29502 31055
29602 33406
29702 17773
29802 43460
29902 24732
30002 12481
30102 43479
30202 38350
30302 65158
30402 58998
30502 14087
30602 16746
30702 64357
30802 60826
30902 59572
31002 34247
31102 65009
31202 10542
31302 17695
31402 62260
31502 35426
31602 57586
31702 28149
31802 57966
31902 31765
32002 51428
32102 36705
32202 36351
32302 60692
32402 55811
32502 11859
32602 60739
32702 40858
32802 57146
32902 21416
33002 8819
33102 49809
33202 9233
33302 15082
33402 16723
33502 19056
33602 37246
33702 61698
33802 57419
33902 36689
34002 9731
34102 38973
34202 59871
34302 21379
34402 45875
34502 31441
34602 30695
34702 25762
34802 15257
34902 11318
35002 36684
35102 20127
35202 28367
35302 6012
35402 40433
35502 63642
35602 49575
35702 30078
35802 15740
35902 28537
36002 5364
36102 40584
36202 15349
36302 23533
36402 44304
36502 59706
36602 4171
36702 24996
36802 53080
36902 27239
37002 39166
37102 15017
37202 51709
37302 37767
37402 9944
37502 30362
37602 19690
37702 9188
37802 17571
37902 57657
38002 10220
38102 32
38202 42632
38302 20757
38402 33815
38502 44073
38602 60654
38702 28684
38802 26270
38902 62233
39002 26164
39102 32312
39202 9322
39302 20846
39402 23864
39502 29982
39602 37675
39702 28979
39802 62583
39902 36342
40002 3866
40102 54232
40202 8728
40302 63545
40402 32120
40502 19989
40602 44543
40702 26505
40802 19048
40902 13244
41002 25308
41102 43164
41202 10125
41302 6162
41402 42927
41502 18487
41602 26175
41702 41629
41802 45864
41902 21170
42002 33338
42102 17738
42202 45697
42302 46946
42402 51057
42502 42643
42602 34948
42702 27095
42802 686
42902 19530
43002 42014
43102 50520
43202 49234
43302 52906
43402 5472
43502 3511
43602 53813
43702 24525
43802 24288
43902 53156
44002 15327
44102 57503
44202 33345
44302 49505
44402 29518
44502 9994
44602 5608
44702 61227
44802 11897
44902 36158
45002 25150
45102 57366
45202 3583
45302 29541
45402 46105
45502 40051
45602 10017
45702 54924
45802 38496
45902 23447
46002 40250
46102 18232
46202 29545
46302 32313
46402 7994
46502 9840
46602 44169
46702 41646
46802 26503
46902 3374
47002 53942
47102 23311
47202 13802
47302 4799
47402 2018
47502 55875
47602 21896
47702 21958
47802 13228
47902 3456
48002 12887
48102 53230
48202 59619
48302 59234
48402 28611
48502 37891
48602 49235
48702 50879
48802 11183
48902 55902
49002 24022
49102 32610
49202 8481
49302 37457
49402 481
49502 4453
49602 33605
49702 57081
49802 61015
49902 42280
50002 64242
50102 29300
50202 63537
50302 2495
50402 34858
50502 17840
50602 38483
50702 15150
50802 27544
50902 45706
51002 18729
51102 63089
51202 59425
51302 5493
51402 19337
51502 21254
51602 2460
51702 65126
51802 33287
51902 42468
52002 35226
52102 34019
52202 59470
52302 31272
52402 48156
52502 46254
52602 27473
52702 44964
52802 45605
52902 20687
53002 62732
53102 36288
53202 10541
53302 64345
53402 41592
53502 27090
53602 3029
53702 49084
53802 20137
53902 54321
54002 26798
54102 36450
54202 53251
54302 30734
54402 62009
54502 10711
54602 755
54702 12122
54802 33399
54902 38898
55002 44581
55102 46326
55202 17899
55302 33583
55402 61249
55502 4965
55602 65256
55702 33941
55802 44245
55902 63464
56002 19466
56102 31762
56202 30235
56302 33865
56402 27524
56502 53998
56602 19907
56702 43920
56802 40253
56902 6776
57002 42472
57102 64096
57202 49241
57302 27916
57402 16461
57502 53729
57602 28988
57702 18534
57802 50849
57902 59616
58002 47365
58102 8708
58202 4320
58302 2279
58402 54903
58502 22503
58602 18936
58702 19167
58802 2260
58902 58474
59002 22842
59102 57933
59202 21443
59302 50882
59402 65238
59502 18552
59602 31192
59702 29922
59802 1057
59902 19164
60002 41230
60102 2154
60202 12426
60302 3665
60402 6341
60502 13177
60602 33898
60702 65229
60802 13915
60902 8427
61002 11317
61102 62782
61202 29918
61302 10823
61402 26525
61502 47365
61602 11225
61702 45363
61802 42530
61902 50885
62002 25961
62102 39451
62202 47511
62302 9597
62402 15144
62502 60545
62602 22543
62702 52459
62802 16406
62902 40134
63002 8486
63102 39403
63202 21506
63302 60509
63402 48241
63502 30409
63602 21342
63702 10503
63802 28006
63902 61538
64002 14048
64102 16359
64202 27070
64302 52367
64402 33132
64502 46022
64602 7946
64702 59426
64802 50803
64902 21728
65002 28236
65102 26143
65202 54477
65302 41811
65402 58064
65502 28637
65602 47952
65702 10382
65802 29893
65902 51134
66002 23785
66102 65052
66202 2738
66302 46618
66402 22333
66502 54036
66602 4612
66702 4588
66802 15908
66902 5894
67002 57021
67102 35304
67202 12298
67302 25832
67402 24640
67502 34422
67602 11361
67702 26046
67802 59649
67902 31361
68002 6242
68102 24633
68202 52823
68302 26824
68402 63377
68502 43540
68602 41667
68702 4861
68802 29312
68902 16443
69002 12519
69102 63019
69202 28673
69302 11263
69402 15896
69502 37320
69602 7876
69702 31125
69802 21270
69902 786
70002 23573
70102 17481
70202 61090
70302 6921
70402 47098
70502 50736
70602 32668
70702 24612
70802 52606
70902 37299
71002 42085
71102 61720
71202 3070
71302 37999
71402 12402
71502 33899
71602 63624
71702 62146
71802 13086
71902 64552
72002 36308
72102 59318
72202 10657
72302 25319
72402 62644
72502 32799
72602 10628
72702 9050
72802 46308
72902 17456
73002 33165
73102 52506
73202 13518
73302 35543
73402 35534
73502 62252
73602 36591
73702 58253
73802 51994
73902 40238
74002 1949
74102 36271
74202 9538
74302 1820
74402 36193
74502 12184
74602 24353
74702 14240
74802 36169
74902 44428
75002 11317
75102 28034
75202 59720
75302 51500
75402 23747
75502 4580
75602 28214
75702 62668
75802 36493
75902 35416
76002 31705
76102 57602
76202 19262
76302 11017
76402 42326
76502 22228
76602 38989
76702 677
76802 51284
76902 52843
77002 30891
77102 3363
77202 26457
77302 36437
77402 9174
77502 52034
77602 36197
77702 57128
77802 3748
77902 48597
78002 53003
78102 42319
78202 18633
78302 8829
78402 15950
78502 7901
78602 45819
78702 16353
78802 62706
78902 33899
79002 10232
79102 5846
79202 14828
79302 27571
79402 64471
79502 52194
79602 14857
79702 12990
79802 30401
79902 60650
80002 55457
80102 37163
80202 41868
80302 56338
80402 47045
80502 23560
80602 61495
80702 28835
80802 25339
80902 47264
81002 17902
81102 48529
81202 46508
81302 44906
81402 25116
81502 63921
81602 38791
81702 25232
81802 11895
81902 36079
82002 64176
82102 37816
82202 28607
82302 55383
82402 50124
82502 12917
82602 7993
82702 61133
82802 41830
82902 25919
83002 41274
83102 48143
83202 45369
83302 37267
83402 55024
83502 28131
83602 28417
83702 45471
83802 17423
83902 10169
84002 56933
84102 51364
84202 52437
84302 8061
84402 6380
84502 45551
84602 12007
84702 18035
84802 438
84902 35760
85002 46154
85102 18555
85202 22230
85302 50100
85402 46502
85502 52969
85602 12880
85702 5929
85802 1653
85902 990
86002 30417
86102 47478
86202 53501
86302 21275
86402 31335
86502 37087
86602 6164
86702 57511
86802 26130
86902 36357
87002 64046
87102 21973
87202 19476
87302 26367
87402 47292
87502 20238
87602 18881
87702 35410
87802 47197
87902 54817
88002 11749
88102 23977
88202 26318
88302 55682
88402 58272
88502 55891
88602 52476
88702 24112
88802 14823
88902 16112
89002 49532
89102 36551
89202 4107
89302 24442
89402 31376
89502 55012
89602 63150
89702 29563
89802 40279
89902 1115
90002 26587
90102 18534
