102 13933
202 9959
302 26909
402 41754
502 24652
602 47373
702 35894
802 9760
902 22811
1002 11689
1102 46118
1202 22164
1302 59905
1402 28795
1502 48956
1602 12536
1702 50317
1802 11911
1902 37573
2002 26551
2102 56001
2202 31625
2302 772
2402 5012
2502 10271
2602 36176
2702 38
2802 2055
2902 35063
3002 15229
3102 13343
3202 24255
3302 27831
3402 38656
3502 4968
3602 32659
3702 48135
3802 49815
3902 2393
4002 30732
4102 59260
4202 21918
4302 25103
4402 23108
4502 911
4602 30959
4702 45806
4802 52278
4902 6890
5002 23788
5102 29783
5202 26137
5302 59831
5402 52627
5502 1771
5602 10684
5702 57854
5802 4021
5902 41254
6002 25475
6102 16218
6202 49535
6302 56853
6402 31686
6502 39209
6602 18855
6702 11425
6802 13182
6902 17878
7002 11143
7102 54611
7202 33623
7302 5190
7402 38981
7502 29997
7602 43261
7702 56682
7802 23884
7902 44634
8002 38710
8102 25269
8202 10190
8302 14556
8402 54432
8502 51548
8602 40297
8702 1512
8802 22395
8902 33647
9002 18239
9102 33280
9202 33512
9302 47339
9402 27729
9502 42352
9602 38326
9702 56866
9802 8275
9902 49927
10002 56672
10102 17802
10202 26808
10302 38846
10402 59927
10502 9398
10602 11288
10702 52800
10802 15926
10902 6792
11002 62874
11102 52906
11202 53262
11302 23556
11402 58659
11502 40853
11602 3479
11702 48163
11802 44246
11902 11033
12002 31614
12102 4554
12202 8742
12302 7282
12402 56336
12502 49217
12602 38698
12702 1262
12802 18028
12902 20188
13002 32297
13102 57025
13202 25108
13302 58927
13402 4656
13502 28669
13602 60022
13702 35179
13802 29238
13902 29504
14002 63028
14102 3905
14202 28248
14302 18476
14402 18079
14502 6155
14602 32132
14702 7266
14802 38960
14902 2227
15002 48056
15102 48452
15202 21062
15302 36944
15402 2143
15502 55148
15602 11646
15702 39427
15802 12918
15902 64679
16002 22051
16102 53326
16202 10467
16302 15841
16402 10522
16502 17207
16602 46454
16702 7776
16802 41234
16902 5060
17002 45182
17102 22027
17202 30871
17302 59265
17402 7357
17502 43072
17602 63832
17702 25910
17802 60852
17902 3865
18002 47154
18102 44804
18202 4763
18302 23384
18402 39916
18502 59910
18602 55772
18702 13354
18802 36161
18902 6883
19002 50898
19102 51624
19202 57807
19302 59707
19402 18166
19502 23637
19602 55554
19702 32665
19802 22918
19902 7482
20002 56885
20102 3605
20202 42438
20302 62907
20402 9614
20502 42528
20602 23171
20702 50895
20802 48186
20902 22999
21002 8419
21102 7467
21202 7996
21302 11971
21402 56775
21502 64031
21602 20431
21702 53812
21802 58206
21902 13066
22002 58596
22102 58038
22202 18198
22302 11971
22402 47129
22502 18477
22602 36503
22702 5676
22802 5590
22902 30058
23002 43659
23102 7776
23202 7222
23302 27925
23402 6495
23502 22950
23602 48897
23702 40673
23802 20747
23902 47025
24002 20259
24102 50403
24202 22220
24302 25793
24402 47078
24502 12398
24602 49297
24702 59681
24802 54259
24902 7088
25002 12862
25102 36212
25202 64173
25302 51360
25402 45248
25502 24022
25602 54915
25702 18814
25802 34095
25902 46634
26002 49993
26102 30270
26202 10163
26302 3510
26402 16021
26502 42874
26602 48555
26702 1443
26802 63576
26902 47979
27002 53736
27102 19081
27202 28644
27302 33771
27402 34244
27502 25753
27602 28092
27702 43054
27802 25028
27902 750
28002 35743
28102 25358
28202 20705
28302 43634
28402 22038
28502 29319
28602 14639
28702 42653
28802 49361
28902 24813
29002 62923
29102 32403
29202 45367
29302 53295
29402 47091
29502 12132
29602 58384
29702 45761
29802 13237
29902 9478
30002 44488
30102 11234
30202 39466
30302 51715
30402 56583
30502 35093
30602 59976
30702 24456
30802 56397
30902 16263
31002 13461
31102 29884
31202 32863
31302 59196
31402 45723
31502 5612
31602 50681
31702 38359
31802 51699
31902 32458
32002 19689
32102 49207
32202 23338
32302 35158
32402 42973
32502 19250
32602 34437
32702 41897
32802 6344
32902 19800
33002 56167
33102 60987
33202 22427
33302 57627
33402 30844
33502 56477
33602 7108
33702 63310
33802 26122
33902 9734
34002 31199
34102 14391
34202 7435
34302 23893
34402 712
34502 41752
34602 5254
34702 18780
34802 54912
34902 45868
35002 42966
35102 16186
35202 65318
35302 57334
35402 5274
35502 22295
35602 16697
35702 47535
35802 62846
35902 43471
36002 17216
36102 50994
36202 42121
36302 12326
36402 33255
36502 64433
36602 61700
36702 12141
36802 45693
36902 19292
37002 37038
37102 59469
37202 62120
37302 15702
37402 49228
37502 10363
37602 11169
37702 17327
37802 23582
37902 31060
38002 16430
38102 32415
38202 8596
38302 21713
38402 37883
38502 58384
38602 38191
38702 22219
38802 2416
38902 42448
39002 41102
39102 44282
39202 45277
39302 62354
39402 32971
39502 12533
39602 14725
39702 37129
39802 13546
39902 26427
40002 9778
40102 23514
40202 27849
40302 16431
40402 55449
40502 5623
40602 21765
40702 45635
40802 36822
40902 41620
41002 7700
41102 51501
41202 9143
41302 10029
41402 26978
41502 62059
41602 63504
41702 3583
41802 50358
41902 46789
42002 39968
42102 63594
42202 54436
42302 28929
42402 11092
42502 30908
42602 14979
42702 52505
42802 9615
42902 61243
43002 6788
43102 61066
43202 8193
43302 65262
43402 37876
43502 64089
43602 44973
43702 60703
43802 5117
43902 5851
44002 46542
44102 8001
44202 7531
44302 19058
44402 38512
44502 46118
44602 25219
44702 58806
44802 10431
44902 37315
45002 24274
45102 38009
45202 14812
45302 26864
45402 11002
45502 22588
45602 44237
45702 60202
45802 32735
45902 61139
46002 48312
46102 17688
46202 11208
46302 62023
46402 12434
46502 40871
46602 50658
46702 12399
46802 45779
46902 64160
47002 10156
47102 14182
47202 37363
47302 60385
47402 11465
47502 64360
47602 1533
47702 55512
47802 40639
47902 30646
48002 1480
48102 64632
48202 45799
48302 38800
48402 15070
48502 28281
48602 54631
48702 10366
48802 27354
48902 8665
49002 51715
49102 9527
49202 60891
49302 41829
49402 7317
49502 19787
49602 25757
49702 54380
49802 63384
49902 47121
50002 41817
50102 56555
50202 17930
50302 23389
50402 8359
50502 53657
50602 55166
50702 24632
50802 19748
50902 16349
51002 43859
51102 62748
51202 21087
51302 20345
51402 61760
51502 45822
51602 37013
51702 52541
51802 38833
51902 18507
52002 54044
52102 28890
52202 30780
52302 12472
52402 32973
52502 62887
52602 3770
52702 16230
52802 4774
52902 28062
53002 19199
53102 23463
53202 13731
53302 38383
53402 56476
53502 37439
53602 62761
53702 48705
53802 49600
53902 7188
54002 64799
54102 11115
54202 50502
54302 41970
54402 54355
54502 45408
54602 18208
54702 1540
54802 25647
54902 51013
55002 42019
55102 54171
55202 8295
55302 18893
55402 52062
55502 36056
55602 30540
55702 52734
55802 9911
55902 32436
56002 2537
56102 14017
56202 2917
56302 13756
56402 59268
56502 9669
56602 25904
56702 65179
56802 38510
56902 47037
57002 28817
57102 9724
57202 30181
57302 3722
57402 37351
57502 53262
57602 9580
57702 9793
57802 2251
57902 43126
58002 18141
58102 21474
58202 19894
58302 28324
58402 19657
58502 47307
58602 60076
58702 46069
58802 19337
58902 35106
59002 62518
59102 43627
59202 63767
59302 2242
59402 33944
59502 16058
59602 29814
59702 21260
59802 11435
59902 43363
60002 14212
60102 17063
60202 42350
60302 31279
60402 37687
60502 28382
60602 31911
60702 9493
60802 36523
60902 40058
61002 36168
61102 41634
61202 11447
61302 53490
61402 56574
61502 16612
61602 20484
61702 59122
61802 50628
61902 36251
62002 46625
62102 27628
62202 34695
62302 31372
62402 54072
62502 56394
62602 27218
62702 3899
62802 62037
62902 59533
63002 11515
63102 56058
63202 56575
63302 18944
63402 31686
63502 49308
63602 37433
63702 31705
63802 23887
63902 51601
64002 26582
64102 223
64202 15344
64302 9953
64402 12364
64502 28945
64602 4800
64702 35392
64802 5204
64902 22071
65002 7835
65102 10976
65202 7484
65302 41545
65402 30796
65502 11592
65602 53866
65702 55221
65802 36464
65902 7575
66002 58098
66102 22647
66202 54010
66302 43574
66402 62557
66502 22771
66602 49700
66702 59623
66802 60305
66902 60848
67002 18440
67102 36922
67202 38190
67302 2109
67402 7779
67502 63721
67602 62783
67702 26267
67802 20558
67902 33096
68002 37240
68102 45360
68202 24700
68302 13978
68402 26089
68502 61819
68602 10207
68702 48173
68802 33656
68902 47066
69002 57585
69102 49192
69202 31931
69302 52425
69402 29765
69502 47895
69602 26207
69702 11284
69802 12722
69902 43664
70002 58963
70102 24162
70202 2167
70302 2513
70402 27344
70502 27437
70602 10710
70702 30011
70802 32562
70902 60017
71002 19262
71102 14490
71202 10264
71302 50981
71402 23574
71502 61904
71602 43861
71702 2050
71802 51992
71902 42352
72002 39216
72102 25308
72202 54366
72302 23284
72402 55619
72502 55517
72602 9454
72702 48965
72802 44737
72902 10049
73002 28065
73102 8850
73202 28713
73302 21077
73402 47876
73502 40790
73602 9063
73702 23403
73802 25636
73902 62010
74002 12674
74102 12343
74202 38974
74302 37762
74402 50551
74502 33059
74602 63245
74702 36600
74802 4999
74902 26033
75002 34612
75102 13888
75202 816
75302 8504
75402 56759
75502 17922
75602 16465
75702 36545
75802 36946
75902 4332
76002 40662
76102 28531
76202 44813
76302 13457
76402 32389
76502 46785
76602 45782
76702 20321
76802 3137
76902 23477
77002 33463
77102 33262
77202 57622
77302 10551
77402 25792
77502 18730
77602 25013
77702 53132
77802 803
77902 14087
78002 47214
78102 60452
78202 29696
78302 6552
78402 19524
78502 2203
78602 63351
78702 33676
78802 6361
78902 63289
79002 7197
79102 52759
79202 35248
79302 36711
79402 11406
79502 32649
79602 23894
79702 36877
79802 9162
79902 29383
80002 22393
80102 65042
80202 52021
80302 35726
80402 4821
80502 51580
80602 26148
80702 30024
80802 22435
80902 37517
81002 55489
81102 43151
81202 8249
81302 50842
81402 27584
81502 52160
81602 58992
81702 37425
81802 52069
81902 25108
82002 50229
82102 65074
82202 36810
82302 22302
82402 9981
82502 31140
82602 59750
82702 25507
82802 39894
82902 44667
83002 56
83102 7196
83202 44815
83302 39956
83402 22695
83502 38012
83602 39577
83702 10722
83802 10772
83902 55939
84002 37349
84102 58614
84202 621
84302 35660
84402 40537
84502 4640
84602 25676
84702 42706
84802 9604
84902 21136
85002 30112
85102 31282
85202 22484
85302 49841
85402 6040
85502 52317
85602 8894
85702 59693
85802 32599
85902 16566
86002 41133
86102 60264
86202 49930
86302 30355
86402 34841
86502 28432
86602 24995
86702 29308
86802 41768
86902 53480
87002 10560
87102 23041
87202 34951
87302 47638
87402 33197
87502 33177
87602 11112
87702 32309
87802 24484
87902 54275
88002 13385
88102 23860
88202 53932
88302 43539
88402 48209
88502 61684
88602 51579
88702 17835
88802 57895
88902 57643
89002 59304
89102 63076
89202 38341
89302 26345
89402 58842
89502 15616
89602 45289
89702 64582
89802 62993
89902 65342
90002 16784
90102 34743
