102 58878
202 54426
302 43425
402 26902
502 24210
602 1275
702 19089
802 26901
902 15967
1002 7993
1102 62038
1202 55807
1302 5160
1402 2837
1502 7785
1602 43410
1702 35348
1802 30410
1902 48071
2002 5398
2102 44114
2202 64018
2302 20361
2402 14566
2502 63257
2602 35108
2702 40566
2802 10310
2902 16045
3002 31446
3102 6249
3202 39004
3302 24897
3402 42435
3502 30832
3602 62881
3702 4469
3802 45907
3902 25246
4002 36956
4102 1150
4202 35172
4302 39900
4402 57384
4502 42515
4602 58974
4702 34114
4802 34399
4902 14423
5002 40800
5102 23537
5202 63329
5302 1353
5402 34214
5502 46099
5602 19050
5702 50536
5802 5453
5902 12263
6002 19943
6102 20891
6202 30750
6302 64673
6402 13936
6502 46228
6602 36050
6702 5471
6802 59010
6902 61011
7002 55853
7102 43832
7202 54305
7302 16986
7402 18073
7502 46716
7602 9834
7702 16580
7802 3762
7902 249
8002 61805
8102 63232
8202 1103
8302 42901
8402 6169
8502 57816
8602 54702
8702 16706
8802 9140
8902 32762
9002 12767
9102 61256
9202 34247
9302 22015
9402 8891
9502 29638
9602 62505
9702 9552
9802 57
9902 26239
10002 37234
10102 38456
10202 49571
10302 14982
10402 56868
10502 36489
10602 10119
10702 46102
10802 8284
10902 7613
11002 6312
11102 53677
11202 44197
11302 7509
11402 15822
11502 30385
11602 38598
11702 54893
11802 37896
11902 63760
12002 29915
12102 51481
12202 19921
12302 47500
12402 2960
12502 65132
12602 44559
12702 28977
12802 18071
12902 23460
13002 43895
13102 56318
13202 25846
13302 44261
13402 1174
13502 64840
13602 17384
13702 23755
13802 24518
13902 51999
14002 14764
14102 60247
14202 55448
14302 36860
14402 52599
14502 15334
14602 34712
14702 44764
14802 2654
14902 26263
15002 9543
15102 7112
15202 60992
15302 55438
15402 39481
15502 32789
15602 38486
15702 1902
15802 44187
15902 9330
16002 31400
16102 25875
16202 52202
16302 38811
16402 22089
16502 52263
16602 44990
16702 2175
16802 35418
16902 8577
17002 52505
17102 55246
17202 26599
17302 15782
17402 2889
17502 24750
17602 2389
17702 29052
17802 8210
17902 28465
18002 63245
18102 49462
18202 36547
18302 8348
18402 4508
18502 26814
18602 65211
18702 38119
18802 29202
18902 12107
19002 35428
19102 47168
19202 21440
19302 16092
19402 60636
19502 34536
19602 47610
19702 52663
19802 59708
19902 53789
20002 23818
20102 64601
20202 59366
20302 48498
20402 1602
20502 55744
20602 62758
20702 36616
20802 36440
20902 23208
21002 22900
21102 53537
21202 8650
21302 34451
21402 12107
21502 62854
21602 51247
21702 8446
21802 58535
21902 26962
22002 31003
22102 57197
22202 1863
22302 39358
22402 22510
22502 27771
22602 15893
22702 65107
22802 36795
22902 52822
23002 23024
23102 32449
23202 27185
23302 4716
23402 6151
23502 47972
23602 8618
23702 20389
23802 7340
23902 2080
24002 27594
24102 42473
24202 25918
24302 304
24402 7581
24502 56725
24602 18789
24702 38862
24802 27220
24902 61193
25002 13144
25102 31584
25202 1647
25302 21433
25402 27151
25502 54960
25602 38520
25702 58695
25802 13406
25902 14981
26002 9111
26102 55362
26202 10134
26302 17501
26402 46333
26502 5007
26602 43432
26702 4795
26802 60140
26902 45568
27002 36155
27102 14443
27202 11003
27302 20160
27402 12499
27502 13326
27602 31816
27702 911
27802 53312
27902 59669
28002 8263
28102 62543
28202 13368
28302 55143
28402 11736
28502 65255
28602 13753
28702 4616
28802 34632
28902 2146
29002 48223
29102 14835
29202 35603
29302 37865
29402 28755
29502 38010
29602 23820
29702 23169
29802 17381
29902 46857
30002 29086
30102 44740
30202 56544
30302 56950
30402 6454
30502 44417
30602 2683
30702 38853
30802 23
30902 12999
31002 10588
31102 22912
31202 36717
31302 49150
31402 9254
31502 57020
31602 44352
31702 42052
31802 49587
31902 56089
32002 28686
32102 64316
32202 35749
32302 6488
32402 35409
32502 24065
32602 50708
32702 34684
32802 26161
32902 24117
33002 39288
33102 27568
33202 31912
33302 20191
33402 18618
33502 16618
33602 2970
33702 28089
33802 52181
33902 20718
34002 38014
34102 58719
34202 22572
34302 5053
34402 13444
34502 64556
34602 22957
34702 31816
34802 40402
34902 25399
35002 36819
35102 21992
35202 15502
35302 59187
35402 59988
35502 13433
35602 34893
35702 64918
35802 699
35902 30513
36002 46676
36102 5107
36202 4098
36302 59285
36402 10262
36502 55612
36602 55674
36702 31581
36802 29293
36902 28523
37002 26648
37102 10589
37202 4759
37302 43281
37402 19928
37502 58597
37602 59131
37702 12744
37802 48787
37902 38290
38002 38580
38102 3063
38202 17061
38302 64833
38402 6387
38502 63459
38602 50219
38702 463
38802 42141
38902 25102
39002 57517
39102 2386
39202 2822
39302 61919
39402 5003
39502 21866
39602 10927
39702 33670
39802 42501
39902 10682
40002 17343
40102 29725
40202 46696
40302 8975
40402 14360
40502 29641
40602 55613
40702 29780
40802 25269
40902 188
41002 12863
41102 5379
41202 63869
41302 8747
41402 5702
41502 26146
41602 23685
41702 20368
41802 47422
41902 18944
42002 13297
42102 29279
42202 5646
42302 37632
42402 963
42502 20995
42602 20594
42702 56992
42802 29383
42902 50248
43002 313
43102 38237
43202 838
43302 44678
43402 7738
43502 45838
43602 25899
43702 63910
43802 46892
43902 23574
44002 10246
44102 37513
44202 59472
44302 348
44402 1097
44502 61706
44602 14971
44702 34832
44802 9051
44902 37571
45002 7452
45102 58493
45202 26697
45302 12131
45402 57339
45502 60452
45602 20092
45702 51148
45802 24368
45902 27170
46002 39509
46102 22840
46202 35311
46302 31512
46402 61429
46502 18825
46602 32670
46702 41301
46802 44974
46902 781
47002 14120
47102 19116
47202 7730
47302 19157
47402 20967
47502 54618
47602 41486
47702 40730
47802 14205
47902 31476
48002 26523
48102 38495
48202 36869
48302 24322
48402 13480
48502 32604
48602 54910
48702 26409
48802 48773
48902 54489
49002 38345
49102 47860
49202 31921
49302 31687
49402 56354
49502 45958
49602 53785
49702 42673
49802 51007
49902 45482
50002 46204
50102 31563
50202 64741
50302 44213
50402 14157
50502 30064
50602 45189
50702 32942
50802 57092
50902 45371
51002 64334
51102 10688
51202 32292
51302 43436
51402 12092
51502 60893
51602 5220
51702 42852
51802 65310
51902 24994
52002 55870
52102 49883
52202 9736
52302 10492
52402 50776
52502 52167
52602 54020
52702 15959
52802 40710
52902 25232
53002 55651
53102 51235
53202 12240
53302 64655
53402 52743
53502 20911
53602 36674
53702 12042
53802 449
53902 58649
54002 22733
54102 47823
54202 2505
54302 21649
54402 21571
54502 61796
54602 30011
54702 50672
54802 14601
54902 25246
55002 65088
55102 6780
55202 43674
55302 31538
55402 15685
55502 26953
55602 56754
55702 7572
55802 8765
55902 24513
56002 39740
56102 35864
56202 20428
56302 44600
56402 56326
56502 59024
56602 40459
56702 24830
56802 3271
56902 9740
57002 1545
57102 39607
57202 7683
57302 43809
57402 9895
57502 34477
57602 16890
57702 17319
57802 61717
57902 62900
58002 47968
58102 4508
58202 27368
58302 47732
58402 44661
58502 37798
58602 20474
58702 63497
58802 22351
58902 38213
59002 53379
59102 54130
59202 38238
59302 65297
59402 60638
59502 20756
59602 58289
59702 32567
59802 21119
59902 51569
60002 53343
60102 28785
60202 57802
60302 36388
60402 34797
60502 61980
60602 19677
60702 40893
60802 5676
60902 62831
61002 18408
61102 17426
61202 41781
61302 56846
61402 24615
61502 55360
61602 23783
61702 16854
61802 39552
61902 1309
62002 7299
62102 21224
62202 55818
62302 44009
62402 33188
62502 22183
62602 33826
62702 47326
62802 31331
62902 2117
63002 38475
63102 47841
63202 63052
63302 661
63402 11906
63502 59927
63602 49577
63702 57894
63802 65009
63902 15700
64002 2301
64102 56994
64202 15736
64302 60074
64402 26172
64502 47634
64602 22973
64702 43286
64802 58018
64902 29775
65002 5959
65102 26932
65202 3568
65302 45213
65402 60350
65502 54921
65602 40212
65702 25588
65802 32094
65902 58227
66002 19546
66102 2568
66202 39677
66302 5660
66402 19119
66502 18069
66602 28809
66702 33334
66802 46081
66902 10046
67002 9091
67102 31915
67202 59912
67302 2904
67402 16265
67502 13002
67602 3152
67702 40167
67802 62979
67902 22961
68002 51682
68102 54329
68202 13617
68302 6078
68402 29057
68502 33660
68602 35867
68702 7703
68802 9926
68902 10893
69002 54609
69102 26733
69202 49971
69302 64155
69402 32606
69502 10546
69602 18861
69702 12138
69802 5315
69902 20946
70002 58091
70102 13871
70202 8017
70302 31528
70402 35551
70502 45551
70602 14859
70702 51193
70802 47800
70902 2844
71002 34280
71102 57432
71202 4135
71302 44230
71402 28636
71502 46525
71602 51210
71702 27437
71802 64263
71902 43002
72002 17106
72102 17753
72202 57182
72302 26206
72402 60525
72502 9433
72602 57268
72702 46766
72802 35122
72902 45057
73002 24767
73102 38630
73202 44401
73302 43959
73402 36312
73502 10558
73602 38307
73702 31657
73802 44741
73902 58479
74002 10758
74102 33942
74202 40491
74302 54527
74402 53079
74502 55003
74602 63628
74702 50011
74802 40565
74902 3732
75002 18027
75102 35887
75202 44050
75302 63976
75402 26248
75502 47849
75602 6080
75702 55189
75802 44145
75902 12795
76002 34245
76102 32365
76202 51563
76302 27296
76402 23233
76502 2239
76602 56732
76702 64419
76802 7265
76902 61361
77002 25667
77102 28513
77202 32620
77302 11103
77402 59927
77502 30382
77602 51169
77702 26578
77802 8156
77902 10014
78002 64227
78102 60169
78202 46284
78302 32869
78402 48368
78502 46132
78602 6670
78702 61705
78802 50862
78902 39159
79002 53702
79102 27777
79202 44058
79302 36515
79402 63332
79502 93
79602 3158
79702 48196
79802 40317
79902 8232
80002 9103
80102 43380
80202 29992
80302 60719
80402 44117
80502 27368
80602 5278
80702 49104
80802 63713
80902 32924
81002 2232
81102 14986
81202 8498
81302 52456
81402 51008
81502 19668
81602 32468
81702 30700
81802 20878
81902 35373
82002 10702
82102 54859
82202 46076
82302 19613
82402 61140
82502 26104
82602 45807
82702 46852
82802 14471
82902 24060
83002 15255
83102 38612
83202 48553
83302 27189
83402 8002
83502 30451
83602 34078
83702 61107
83802 12228
83902 61545
84002 33555
84102 56233
84202 25727
84302 65512
84402 24991
84502 61879
84602 24878
84702 18867
84802 12977
84902 21372
85002 6590
85102 7449
85202 31778
85302 21197
85402 5418
85502 22149
85602 44967
85702 49703
85802 51005
85902 55382
86002 4461
86102 17793
86202 28592
86302 1958
86402 63182
86502 26966
86602 3870
86702 786
86802 51698
86902 21631
87002 8651
87102 27010
87202 16335
87302 58423
87402 14609
87502 16201
87602 55801
87702 62071
87802 30841
87902 43878
88002 52099
88102 55799
88202 42676
88302 48353
88402 40451
88502 64020
88602 11055
88702 57197
88802 59763
88902 54186
89002 50309
89102 56436
89202 22207
89302 39376
89402 59397
89502 31493
89602 36668
89702 65024
89802 30449
89902 8722
90002 14460
90102 17299
90202 5525
