102 49053
202 16636
302 4068
402 45487
502 3445
602 40833
702 35551
802 19795
902 3401
1002 8429
1102 40454
1202 16781
1302 17443
1402 41812
1502 49682
1602 56999
1702 7561
1802 15400
1902 25377
2002 17234
2102 58534
2202 3461
2302 28498
2402 8697
2502 6518
2602 4027
2702 50278
2802 56616
2902 2749
3002 32865
3102 5710
3202 8767
3302 54477
3402 16977
3502 30384
3602 61497
3702 4153
3802 16239
3902 21365
4002 27767
4102 41337
4202 839
4302 8884
4402 4314
4502 11182
4602 58417
4702 37364
4802 65498
4902 48644
5002 13985
5102 57104
5202 64883
5302 55699
5402 5848
5502 50934
5602 13362
5702 32639
5802 40827
5902 24441
6002 29886
6102 54251
6202 61396
6302 50160
6402 23221
6502 37781
6602 63434
6702 2259
6802 59683
6902 48581
7002 40986
7102 44392
7202 20332
7302 10415
7402 61286
7502 43090
7602 34452
7702 62597
7802 8114
7902 57498
8002 56110
8102 20442
8202 10216
8302 8907
8402 34222
8502 37922
8602 5777
8702 17611
8802 15264
8902 38436
9002 35113
9102 28927
9202 28591
9302 5363
9402 47520
9502 41683
9602 51066
9702 2337
9802 63192
9902 15244
10002 56354
10102 24543
10202 24562
10302 43033
10402 18340
10502 29489
10602 36604
10702 43820
10802 35355
10902 11803
11002 37792
11102 13288
11202 16645
11302 24168
11402 22533
11502 738
11602 58035
11702 29528
11802 37296
11902 31239
12002 8467
12102 5776
12202 47260
12302 65533
12402 51445
12502 6231
12602 54394
12702 19528
12802 6243
12902 59066
13002 4711
13102 61993
13202 63685
13302 26346
13402 34931
13502 40161
13602 21250
13702 47447
13802 3497
13902 5536
14002 40476
14102 56810
14202 1012
14302 10529
14402 28329
14502 36109
14602 59394
14702 9591
14802 55031
14902 49313
15002 22603
15102 63957
15202 61207
15302 42669
15402 42348
15502 23221
15602 28018
15702 47419
15802 9327
15902 43681
16002 27165
16102 27482
16202 35398
16302 32804
16402 30612
16502 64355
16602 46616
16702 57327
16802 40419
16902 24204
17002 14235
17102 14393
17202 22521
17302 28968
17402 14223
17502 41286
17602 27267
17702 32051
17802 56100
17902 41865
18002 14755
18102 50178
18202 20698
18302 8753
18402 46014
18502 2302
18602 43310
18702 35352
18802 2726
18902 7784
19002 10650
19102 64598
19202 65392
19302 33552
19402 37078
19502 6963
19602 62592
19702 58133
19802 50327
19902 8227
20002 8145
20102 43250
20202 55660
20302 15767
20402 51807
20502 25376
20602 34408
20702 9217
20802 4973
20902 61944
21002 28057
21102 11277
21202 38760
21302 46747
21402 61235
21502 31360
21602 33836
21702 22408
21802 24406
21902 61881
22002 40441
22102 19803
22202 1787
22302 24216
22402 48253
22502 31151
22602 11726
22702 9593
22802 27433
22902 14070
23002 5007
23102 27126
23202 13561
23302 9366
23402 21484
23502 59876
23602 57812
23702 35802
23802 51942
23902 64045
24002 27169
24102 50612
24202 5229
24302 6148
24402 34167
24502 1813
24602 55188
24702 50734
24802 33127
24902 11809
25002 14309
25102 5644
25202 16590
25302 1431
25402 11892
25502 64156
25602 40349
25702 35682
25802 35638
25902 33754
26002 13243
26102 56721
26202 48562
26302 32301
26402 20977
26502 58501
26602 20289
26702 7555
26802 46851
26902 29411
27002 61455
27102 41782
27202 35070
27302 27700
27402 46126
27502 49375
27602 62709
27702 62221
27802 55334
27902 60990
28002 42553
28102 45395
28202 19094
28302 32562
28402 39590
28502 19490
28602 6643
28702 60042
28802 56785
28902 61885
29002 39027
29102 53711
29202 20722
29302 39722
29402 3855
29502 64361
29602 23498
29702 23477
29802 25619
29902 33321
30002 31796
30102 62448
30202 14570
30302 62495
30402 52365
30502 37533
30602 50753
30702 64277
30802 37267
30902 2755
31002 7401
31102 8946
31202 35166
31302 33047
31402 37618
31502 28101
31602 61267
31702 37128
31802 14505
31902 398
32002 56432
32102 63648
32202 56908
32302 37922
32402 64045
32502 52267
32602 55517
32702 10065
32802 29661
32902 3765
33002 51141
33102 40028
33202 51600
33302 6887
33402 21521
33502 37141
33602 1117
33702 5791
33802 1156
33902 38472
34002 14411
34102 13604
34202 37930
34302 46557
34402 50654
34502 17263
34602 39546
34702 55747
34802 31047
34902 13233
35002 40576
35102 37331
35202 29379
35302 11868
35402 39588
35502 7670
35602 41657
35702 18227
35802 61997
35902 62332
36002 52568
36102 60597
36202 9541
36302 62740
36402 13147
36502 41234
36602 64508
36702 26085
36802 12489
36902 24104
37002 63290
37102 64940
37202 43521
37302 64839
37402 6364
37502 27124
37602 22736
37702 44065
37802 37455
37902 22936
38002 30553
38102 60444
38202 12540
38302 38745
38402 45447
38502 58165
38602 34485
38702 38141
38802 14092
38902 56137
39002 10240
39102 6713
39202 56877
39302 54842
39402 37909
39502 9992
39602 12692
39702 30835
39802 11714
39902 1859
40002 16983
40102 52281
40202 27301
40302 25465
40402 13414
40502 966
40602 7813
40702 13434
40802 14283
40902 1359
41002 40526
41102 33456
41202 10343
41302 49352
41402 10747
41502 17959
41602 34661
41702 44023
41802 35034
41902 4559
42002 64646
42102 20887
42202 22947
42302 20274
42402 8027
42502 15768
42602 52166
42702 61647
42802 31901
42902 56654
43002 1147
43102 48625
43202 29109
43302 37771
43402 43484
43502 49324
43602 19092
43702 8474
43802 1393
43902 7052
44002 13992
44102 18795
44202 7245
44302 17102
44402 1825
44502 34760
44602 45383
44702 9253
44802 14694
44902 23310
45002 58316
45102 37215
45202 41256
45302 47413
45402 53228
45502 37525
45602 7836
45702 62841
45802 40994
45902 16636
46002 14466
46102 19901
46202 23105
46302 42146
46402 43265
46502 3466
46602 38876
46702 23243
46802 10339
46902 31287
47002 64907
47102 28483
47202 31997
47302 21808
47402 40532
47502 52507
47602 13518
47702 10070
47802 45564
47902 56864
48002 7896
48102 5095
48202 7376
48302 41496
48402 29797
48502 62216
48602 7151
48702 7887
48802 27800
48902 4
49002 44423
49102 34650
49202 7053
49302 37188
49402 23760
49502 51298
49602 56570
49702 21552
49802 5187
49902 34987
50002 24359
50102 23980
50202 23789
50302 10111
50402 60691
50502 33744
50602 31822
50702 26616
50802 44028
50902 25489
51002 62705
51102 28765
51202 47443
51302 8441
51402 9320
51502 60148
51602 21429
51702 50846
51802 45819
51902 24106
52002 48394
52102 60303
52202 28533
52302 212
52402 23275
52502 9042
52602 2393
52702 39566
52802 56636
52902 12596
53002 28861
53102 46024
53202 37458
53302 9758
53402 55494
53502 12134
53602 12517
53702 20452
53802 45103
53902 45106
54002 37852
54102 59605
54202 23210
54302 17211
54402 531
54502 35617
54602 1304
54702 60146
54802 59782
54902 63156
55002 12883
55102 43992
55202 37119
55302 30002
55402 11377
55502 19396
55602 59468
55702 38599
55802 16288
55902 26782
56002 6415
56102 64242
56202 281
56302 44411
56402 57893
56502 32550
56602 53113
56702 6618
56802 45135
56902 2026
57002 7286
57102 14621
57202 907
57302 616
57402 20280
57502 11510
57602 57653
57702 59466
57802 30344
57902 22669
58002 28958
58102 17475
58202 25556
58302 46923
58402 3369
58502 24514
58602 49770
58702 54223
58802 37425
58902 59927
59002 60408
59102 40806
59202 26478
59302 43694
59402 21773
59502 62107
59602 27277
59702 14614
59802 6548
59902 25508
60002 10980
60102 10957
60202 57480
60302 25698
60402 62002
60502 21932
60602 41875
60702 31397
60802 12045
60902 45944
61002 30542
61102 31921
61202 30406
61302 1728
61402 21331
61502 59038
61602 10563
61702 42153
61802 39549
61902 7514
62002 3862
62102 40453
62202 46178
62302 11947
62402 31816
62502 57333
62602 7618
62702 38869
62802 56053
62902 65466
63002 7636
63102 24790
63202 3672
63302 1392
63402 40953
63502 50053
63602 13604
63702 27481
63802 29200
63902 30487
64002 5451
64102 40047
64202 26703
64302 60037
64402 59913
64502 8314
64602 25548
64702 6946
64802 52209
64902 22048
65002 2157
65102 49857
65202 56257
65302 55571
65402 18597
65502 35176
65602 7524
65702 23179
65802 56291
65902 54274
66002 33277
66102 31956
66202 58562
66302 34914
66402 29809
66502 12208
66602 20594
66702 57586
66802 16714
66902 4114
67002 29679
67102 24255
67202 62079
67302 65492
67402 36651
67502 25171
67602 22699
67702 34587
67802 5663
67902 51738
68002 58227
68102 51225
68202 12156
68302 11001
68402 56793
68502 14030
68602 58667
68702 63332
68802 31559
68902 53800
69002 12413
69102 5462
69202 42386
69302 62257
69402 44761
69502 26258
69602 34123
69702 32422
69802 17791
69902 61925
70002 19210
70102 12250
70202 36748
70302 28270
70402 28873
70502 60586
70602 9433
70702 35137
70802 30638
70902 1936
71002 12049
71102 52299
71202 6074
71302 57163
71402 10065
71502 32938
71602 25446
71702 45010
71802 28373
71902 14551
72002 7269
72102 38277
72202 34614
72302 29010
72402 42872
72502 37579
72602 4929
72702 45736
72802 16040
72902 83
73002 65396
73102 6916
73202 52892
73302 42654
73402 31265
73502 54252
73602 59511
73702 48952
73802 62930
73902 41196
74002 4092
74102 14099
74202 57600
74302 51112
74402 14472
74502 63149
74602 38367
74702 51441
74802 53883
74902 32338
75002 52368
75102 60498
75202 52232
75302 14633
75402 60218
75502 4672
75602 18410
75702 22449
75802 37513
75902 824
76002 62406
76102 51889
76202 45847
76302 4876
76402 8347
76502 56892
76602 25583
76702 36884
76802 53330
76902 62189
77002 36029
77102 59558
77202 35887
77302 13062
77402 11129
77502 53916
77602 54750
77702 42367
77802 3892
77902 36110
78002 53366
78102 60523
78202 44520
78302 35531
78402 32695
78502 26651
78602 8050
78702 11325
78802 52123
78902 7026
79002 16763
79102 35538
79202 46471
79302 59055
79402 63529
79502 1920
79602 41093
79702 49441
79802 49192
79902 12109
80002 3316
80102 63824
80202 12457
80302 24688
80402 33993
80502 18392
80602 47734
80702 44501
80802 47852
80902 27396
81002 30700
81102 59920
81202 22192
81302 39815
81402 61379
81502 35713
81602 8479
81702 63438
81802 53495
81902 5916
82002 27521
82102 61010
82202 19836
82302 37880
82402 30280
82502 41720
82602 20038
82702 20770
82802 16847
82902 51493
83002 16293
83102 26371
83202 15562
83302 55868
83402 48632
83502 49353
83602 36104
83702 65317
83802 53908
83902 42712
84002 53219
84102 6277
84202 10702
84302 21462
84402 26077
84502 48173
84602 22711
84702 25939
84802 11271
84902 63989
85002 60793
85102 12726
85202 59367
85302 29230
85402 26652
85502 31182
85602 32231
85702 23496
85802 41261
85902 15463
86002 32131
86102 60918
86202 23552
86302 36976
86402 53557
86502 5902
86602 45955
86702 1482
86802 63508
86902 35878
87002 26647
87102 8343
87202 48168
87302 60178
87402 46472
87502 37393
87602 42504
87702 14006
87802 64044
87902 54642
88002 18553
88102 62301
88202 15334
88302 23859
88402 7397
88502 33155
88602 62564
88702 62618
88802 32862
88902 40001
89002 31668
89102 33294
89202 49571
89302 39206
89402 3456
89502 27138
89602 47399
89702 63962
89802 57501
89902 6181
90002 50883
90102 18322
