102 13933
202 10267
302 5431
402 54104
502 3123
602 24872
702 22565
802 60972
902 55669
1002 4258
1102 1182
1202 6014
1302 16463
1402 33212
1502 8126
1602 18926
1702 27693
1802 16980
1902 38286
2002 63658
2102 16924
2202 769
2302 62913
2402 57035
2502 39639
2602 53982
2702 28909
2802 12673
2902 14434
3002 23833
3102 59307
3202 32274
3302 56604
3402 2078
3502 32215
3602 4571
3702 60085
3802 21414
3902 21863
4002 62783
4102 60273
4202 35961
4302 6633
4402 30263
4502 47838
4602 32691
4702 57719
4802 22691
4902 15139
5002 33522
5102 61205
5202 2980
5302 4395
5402 65260
5502 30935
5602 23655
5702 49970
5802 50419
5902 38833
6002 38851
6102 15367
6202 26648
6302 48072
6402 7418
6502 15798
6602 44848
6702 45458
6802 16045
6902 33077
7002 880
7102 58454
7202 20055
7302 6693
7402 31986
7502 20079
7602 42857
7702 51471
7802 42811
7902 18765
8002 41171
8102 46947
8202 4942
8302 57935
8402 257
8502 60475
8602 61030
8702 38130
8802 5591
8902 48795
9002 43591
9102 48524
9202 30558
9302 16162
9402 26233
9502 14732
9602 55986
9702 58789
9802 17603
9902 14106
10002 60061
10102 43697
10202 49581
10302 30454
10402 9164
10502 36863
10602 62862
10702 25623
10802 4068
10902 43205
11002 40054
11102 27784
11202 19983
11302 36894
11402 61822
11502 33127
11602 57758
11702 22585
11802 21119
11902 31744
12002 27076
12102 62390
12202 50611
12302 27354
12402 52148
12502 34316
12602 44679
12702 46852
12802 27331
12902 14060
13002 62248
13102 41253
13202 56338
13302 46020
13402 6824
13502 32675
13602 518
13702 34796
13802 38311
13902 31827
14002 60964
14102 8576
14202 45106
14302 29238
14402 45321
14502 50557
14602 36278
14702 1810
14802 56856
14902 19390
15002 19030
15102 42435
15202 31664
15302 33476
15402 59
15502 62612
15602 39934
15702 6125
15802 8704
15902 61717
16002 3443
16102 40426
16202 45495
16302 20614
16402 21844
16502 61532
16602 26047
16702 24600
16802 18704
16902 29895
17002 25368
17102 64262
17202 12515
17302 1081
17402 11279
17502 25937
17602 47767
17702 47847
17802 50564
17902 19719
18002 26367
18102 17602
18202 29570
18302 60000
18402 35469
18502 40479
18602 61252
18702 50768
18802 56507
18902 33800
19002 34170
19102 63482
19202 51877
19302 51064
19402 59770
19502 52774
19602 33265
19702 46660
19802 375
19902 23805
20002 14676
20102 6184
20202 59641
20302 40917
20402 59951
20502 28945
20602 26888
20702 40864
20802 280
20902 11665
21002 59857
21102 5613
21202 37690
21302 51828
21402 12813
21502 25100
21602 17535
21702 41683
21802 23629
21902 2434
22002 23115
22102 29134
22202 48782
22302 26136
22402 7414
22502 30351
22602 47938
22702 18218
22802 30149
22902 24430
23002 11258
23102 9648
23202 2398
23302 31100
23402 6314
23502 55300
23602 21289
23702 36708
23802 60406
23902 48069
24002 56278
24102 12965
24202 40121
24302 2781
24402 37094
24502 36957
24602 63179
24702 60698
24802 13558
24902 16499
25002 23031
25102 4898
25202 34566
25302 34182
25402 51636
25502 58766
25602 24547
25702 11674
25802 56841
25902 28337
26002 26903
26102 37745
26202 63980
26302 52057
26402 45118
26502 40546
26602 25386
26702 50393
26802 53154
26902 45458
27002 3479
27102 35152
27202 53588
27302 18154
27402 55734
27502 37841
27602 38264
27702 44141
27802 29313
27902 51535
28002 25546
28102 46567
28202 56344
28302 62555
28402 37043
28502 25536
28602 36844
28702 39756
28802 2484
28902 16183
29002 13090
29102 17363
29202 55276
29302 44792
29402 61092
29502 29666
29602 46780
29702 36614
29802 42284
29902 52165
30002 54189
30102 54025
30202 12327
30302 5166
30402 3055
30502 33492
30602 19421
30702 49366
30802 39019
30902 41105
31002 57734
31102 64015
31202 32384
31302 3453
31402 43235
31502 32360
31602 46028
31702 19333
31802 13651
31902 12095
32002 56308
32102 46811
32202 57099
32302 11979
32402 48108
32502 7332
32602 54162
32702 15389
32802 52744
32902 17187
33002 53025
33102 64619
33202 31663
33302 64634
33402 44810
33502 2753
33602 42405
33702 43638
33802 12767
33902 43735
34002 47413
34102 23271
34202 50154
34302 41730
34402 38022
34502 62248
34602 38039
34702 44073
34802 4795
34902 33789
35002 19165
35102 58928
35202 9306
35302 48729
35402 7757
35502 12056
35602 36446
35702 20070
35802 40083
35902 35841
36002 52392
36102 46591
36202 49285
36302 47100
36402 54462
36502 24626
36602 11143
36702 36656
36802 23581
36902 23431
37002 50244
37102 38252
37202 60793
37302 8614
37402 43758
37502 57234
37602 62758
37702 14353
37802 54583
37902 30161
38002 5540
38102 36427
38202 49756
38302 18726
38402 47168
38502 46700
38602 45195
38702 858
38802 5392
38902 39288
39002 3072
39102 6460
39202 3827
39302 48930
39402 39506
39502 61633
39602 7615
39702 37562
39802 11921
39902 60363
40002 6405
40102 25615
40202 58893
40302 42963
40402 36855
40502 7736
40602 58351
40702 1824
40802 45424
40902 59963
41002 59556
41102 51259
41202 19418
41302 17171
41402 36846
41502 21429
41602 24277
41702 979
41802 33999
41902 42788
42002 5712
42102 26483
42202 13222
42302 56340
42402 53280
42502 40820
42602 29464
42702 30745
42802 60532
42902 14956
43002 43540
43102 21365
43202 39104
43302 15446
43402 10807
43502 20943
43602 20897
43702 27134
43802 10639
43902 37611
44002 51517
44102 17303
44202 14890
44302 13786
44402 38206
44502 1970
44602 34395
44702 63402
44802 38276
44902 51945
45002 49499
45102 61581
45202 35100
45302 42870
45402 62546
45502 59476
45602 5958
45702 63856
45802 48255
45902 19791
46002 2120
46102 28994
46202 24521
46302 802
46402 48471
46502 14458
46602 36569
46702 48075
46802 41588
46902 19859
47002 25228
47102 28049
47202 20103
47302 17481
47402 47376
47502 49116
47602 4156
47702 53658
47802 47708
47902 3103
48002 31704
48102 25979
48202 12017
48302 47193
48402 7443
48502 60259
48602 62013
48702 4058
48802 22118
48902 3669
49002 60987
49102 6690
49202 28844
49302 38807
49402 860
49502 8927
49602 61711
49702 7296
49802 3128
49902 33202
50002 39603
50102 39119
50202 38885
50302 12044
50402 1372
50502 42639
50602 60436
50702 1812
50802 37784
50902 13911
51002 29164
51102 57431
51202 8499
51302 34486
51402 45657
51502 16439
51602 62689
51702 3719
51802 9323
51902 51306
52002 3724
52102 53486
52202 51703
52302 26692
52402 26728
52502 31596
52602 53324
52702 22277
52802 23246
52902 28103
53002 3067
53102 52986
53202 51089
53302 64457
53402 2665
53502 21425
53602 54340
53702 13313
53802 45521
53902 51854
54002 42328
54102 42107
54202 57981
54302 63186
54402 32240
54502 4004
54602 51959
54702 35434
54802 22335
54902 21781
55002 39834
55102 5302
55202 2514
55302 29265
55402 23633
55502 46989
55602 52523
55702 24808
55802 6205
55902 63849
56002 39218
56102 12492
56202 55778
56302 26222
56402 9989
56502 42051
56602 12812
56702 51452
56802 12824
56902 17583
57002 17570
57102 23761
57202 63171
57302 45859
57402 24730
57502 314
57602 26198
57702 7191
57802 4008
57902 36913
58002 55426
58102 48640
58202 37822
58302 34099
58402 44937
58502 7677
58602 31491
58702 8021
58802 42023
58902 33554
59002 860
59102 38517
59202 31391
59302 45254
59402 48330
59502 11299
59602 58766
59702 22305
59802 52291
59902 24473
60002 27619
60102 57881
60202 57693
60302 45048
60402 47927
60502 59441
60602 22677
60702 30079
60802 62717
60902 54683
61002 41175
61102 38066
61202 63582
61302 28082
61402 14698
61502 23917
61602 22060
61702 61943
61802 54812
61902 9406
62002 7285
62102 19669
62202 30749
62302 1488
62402 49960
62502 37384
62602 47691
62702 35648
62802 30738
62902 60225
63002 65268
63102 25339
63202 46886
63302 27780
63402 46235
63502 52336
63602 11158
63702 11379
63802 10846
63902 51708
64002 51583
64102 50290
64202 21579
64302 14980
64402 19100
64502 17212
64602 7827
64702 10097
64802 39137
64902 48264
65002 42890
65102 24461
65202 875
65302 6184
65402 59465
65502 56827
65602 28218
65702 29035
65802 21469
65902 33013
66002 54450
66102 62637
66202 20029
66302 41282
66402 17655
66502 42956
66602 1552
66702 63223
66802 52575
66902 33007
67002 26882
67102 59135
67202 23668
67302 37295
67402 19484
67502 57876
67602 27352
67702 25413
67802 8147
67902 34821
68002 60751
68102 37532
68202 32713
68302 50139
68402 47118
68502 40615
68602 752
68702 54310
68802 62693
68902 45415
69002 6279
69102 12197
69202 40699
69302 45875
69402 26385
69502 12178
69602 9850
69702 36057
69802 65289
69902 10486
70002 50094
70102 58300
70202 37984
70302 49923
70402 61789
70502 12369
70602 41538
70702 7089
70802 13430
70902 32719
71002 32692
71102 3387
71202 14548
71302 58534
71402 35046
71502 13137
71602 45744
71702 901
71802 22939
71902 84
72002 60948
72102 8016
72202 13457
72302 11346
72402 34713
72502 48218
72602 45952
72702 15926
72802 35813
72902 52523
73002 31265
73102 42373
73202 39938
73302 24159
73402 369
73502 10004
73602 49611
73702 32489
73802 37748
73902 38159
74002 43221
74102 48444
74202 55448
74302 36259
74402 36520
74502 33474
74602 1750
74702 47418
74802 17469
74902 62689
75002 10996
75102 8457
75202 3966
75302 58819
75402 59024
75502 33090
75602 26855
75702 16602
75802 6526
75902 19095
76002 12193
76102 59110
76202 26835
76302 40991
76402 54341
76502 6565
76602 694
76702 14354
76802 26451
76902 56538
77002 39234
77102 62002
77202 25119
77302 55887
77402 21696
77502 60806
77602 48150
77702 35140
77802 42955
77902 20085
78002 30086
78102 16296
78202 7159
78302 40464
78402 34244
78502 12247
78602 20622
78702 32636
78802 42459
78902 17931
79002 56035
79102 54994
79202 16616
79302 17324
79402 54534
79502 56761
79602 15566
79702 56307
79802 62515
79902 30478
80002 5689
80102 50030
80202 28337
80302 28574
80402 12425
80502 47093
80602 61910
80702 5855
80802 60314
80902 5314
81002 27091
81102 27779
81202 4797
81302 3783
81402 3622
81502 12894
81602 39786
81702 5447
81802 56464
81902 61829
82002 52290
82102 58247
82202 65383
82302 4906
82402 27931
82502 43623
82602 31399
82702 16321
82802 59250
82902 34363
83002 7098
83102 20347
83202 21754
83302 63847
83402 49372
83502 44324
83602 1470
83702 10631
83802 33473
83902 34899
84002 2518
84102 54922
84202 64868
84302 12794
84402 50319
84502 61218
84602 45292
84702 53825
84802 57686
84902 51252
85002 51375
85102 13186
85202 12483
85302 55122
85402 23756
85502 31476
85602 20937
85702 15580
85802 9811
85902 5248
86002 64270
86102 30482
86202 26462
86302 64691
86402 2646
86502 58361
86602 42296
86702 60222
86802 56232
86902 2090
87002 39666
87102 28423
87202 33500
87302 11122
87402 5339
87502 8859
87602 15913
87702 27656
87802 23320
87902 2598
88002 33300
88102 42961
88202 42104
88302 36240
88402 5330
88502 44007
88602 7333
88702 30069
88802 59636
88902 9149
89002 50678
89102 19709
89202 48105
89302 44594
89402 44642
89502 26553
89602 13041
89702 63874
89802 40200
89902 46233
90002 20884
90102 24045
