102 49438
202 63023
302 30771
402 37151
502 10672
602 10808
702 16494
802 10681
902 4766
1002 39392
1102 65328
1202 13095
1302 10301
1402 56674
1502 39038
1602 2278
1702 36066
1802 26823
1902 20062
2002 31204
2102 61997
2202 57264
2302 50073
2402 42517
2502 25868
2602 64660
2702 31403
2802 57477
2902 7920
3002 29873
3102 13915
3202 64492
3302 42981
3402 58263
3502 8694
3602 46105
3702 33830
3802 3858
3902 15561
4002 12911
4102 3178
4202 12340
4302 20733
4402 56346
4502 5165
4602 18132
4702 55288
4802 11508
4902 5585
5002 15446
5102 2845
5202 26075
5302 29402
5402 51337
5502 52929
5602 63676
5702 24546
5802 22679
5902 5349
6002 56594
6102 29639
6202 41374
6302 37335
6402 40985
6502 12326
6602 26382
6702 10468
6802 25773
6902 46719
7002 40900
7102 13556
7202 7655
7302 29522
7402 1009
7502 57665
7602 21447
7702 15208
7802 20755
7902 29439
8002 62231
8102 63043
8202 13771
8302 9142
8402 45719
8502 20630
8602 9094
8702 42012
8802 46844
8902 39901
9002 12062
9102 20548
9202 5684
9302 21481
9402 61249
9502 59567
9602 24723
9702 32353
9802 10378
9902 2155
10002 62081
10102 22185
10202 20437
10302 15580
10402 30447
10502 43916
10602 5924
10702 46140
10802 8355
10902 36949
11002 52890
11102 41383
11202 58674
11302 43180
11402 36684
11502 8222
11602 44715
11702 5463
11802 29079
11902 7981
12002 15786
12102 7009
12202 13514
12302 29432
12402 62987
12502 33230
12602 53004
12702 16293
12802 46674
12902 62602
13002 45666
13102 55592
13202 50790
13302 33866
13402 46730
13502 64603
13602 46969
13702 51573
13802 6759
13902 53683
14002 63786
14102 8425
14202 58397
14302 55305
14402 28922
14502 37325
14602 28698
14702 60389
14802 62825
14902 54608
15002 7636
15102 14375
15202 59975
15302 64722
15402 27086
15502 15448
15602 2144
15702 474
15802 931
15902 29011
16002 33643
16102 53969
16202 36597
16302 47954
16402 47757
16502 61360
16602 61113
16702 31429
16802 10711
16902 6539
17002 65114
17102 48193
17202 63613
17302 13967
17402 3349
17502 52892
17602 40735
17702 9339
17802 64237
17902 60510
18002 20466
18102 63238
18202 6719
18302 62762
18402 58494
18502 56991
18602 56383
18702 63239
18802 44425
18902 58530
19002 43407
19102 56962
19202 6141
19302 12504
19402 37533
19502 41858
19602 18771
19702 23605
19802 18132
19902 16960
20002 60453
20102 17038
20202 5247
20302 49502
20402 64053
20502 59038
20602 43814
20702 52892
20802 55345
20902 54885
21002 55672
21102 28231
21202 30740
21302 41480
21402 38421
21502 64160
21602 20723
21702 7191
21802 34033
21902 6947
22002 13634
22102 53474
22202 51050
22302 54800
22402 13004
22502 11987
22602 40886
22702 13246
22802 48999
22902 23608
23002 3547
23102 24873
23202 26628
23302 18416
23402 3364
23502 19622
23602 18550
23702 57736
23802 16504
23902 42073
24002 2280
24102 17929
24202 1888
24302 63784
24402 43472
24502 38535
24602 36436
24702 65097
24802 9125
24902 6906
25002 1678
25102 61118
25202 21035
25302 34021
25402 46998
25502 32867
25602 12386
25702 931
25802 50103
25902 17071
26002 56851
26102 12114
26202 5299
26302 43829
26402 34964
26502 11321
26602 17062
26702 32902
26802 56333
26902 62725
27002 19990
27102 36605
27202 35759
27302 56992
27402 31770
27502 24401
27602 20144
27702 46885
27802 19775
27902 789
28002 63965
28102 54301
28202 34159
28302 46100
28402 18459
28502 42668
28602 14921
28702 14895
28802 51027
28902 4414
29002 12449
29102 16105
29202 65217
29302 46077
29402 34683
29502 31024
29602 34593
29702 19514
29802 60997
29902 1262
30002 31471
