102 65413
202 35181
302 51807
402 23880
502 49515
602 13589
702 60389
802 24280
902 23112
1002 7717
1102 23930
1202 46611
1302 62015
1402 33405
1502 21262
1602 1429
1702 24712
1802 15340
1902 24523
2002 52590
2102 27600
2202 3183
2302 27256
2402 27352
2502 49793
2602 34987
2702 12611
2802 33461
2902 39103
3002 3275
3102 38993
3202 28556
3302 2269
3402 63024
3502 44977
3602 50315
3702 65100
3802 54210
3902 17998
4002 45046
4102 57516
4202 29729
4302 57656
4402 3163
4502 18519
4602 10574
4702 9134
4802 8628
4902 54538
5002 2760
5102 5607
5202 43237
5302 49381
5402 59540
5502 33175
5602 33950
5702 4445
5802 24431
5902 10440
6002 23581
6102 44444
6202 24404
6302 11640
6402 47080
6502 39174
6602 10676
6702 50270
6802 31330
6902 63727
7002 35996
7102 20721
7202 41626
7302 6402
7402 14872
7502 63675
7602 14814
7702 22872
7802 23149
7902 27229
8002 11039
8102 47759
8202 53063
8302 15685
8402 53641
8502 38762
8602 28095
8702 41151
8802 34249
8902 37098
9002 50520
9102 17689
9202 62177
9302 54691
9402 18530
9502 60282
9602 43401
9702 50686
9802 32745
9902 11091
10002 1633
10102 39150
10202 65390
10302 13470
10402 36558
10502 53979
10602 35141
10702 47371
10802 33713
10902 40559
11002 22715
11102 39188
11202 20661
11302 30814
11402 11290
11502 38068
11602 43918
11702 50623
11802 12415
11902 38548
12002 30028
12102 64636
12202 28593
12302 61984
12402 37653
12502 8798
12602 4867
12702 15135
12802 37618
12902 15736
13002 23677
13102 62802
13202 8128
13302 37089
13402 44346
13502 8731
13602 19091
13702 7027
13802 38381
13902 7532
14002 42150
14102 50484
14202 65418
14302 129
14402 34008
14502 12211
14602 7585
14702 12792
14802 5141
14902 22036
15002 37056
15102 64058
15202 54561
15302 63475
15402 2277
15502 47987
15602 15362
15702 45984
15802 46125
15902 4428
16002 10439
16102 22850
16202 35931
16302 19129
16402 43218
16502 30914
16602 64895
16702 56332
16802 6584
16902 19603
17002 43157
17102 30724
17202 13099
17302 53950
17402 20311
17502 6992
17602 40941
17702 3479
17802 3249
17902 58976
18002 39088
18102 55490
18202 47338
18302 24956
18402 38982
18502 59930
18602 11647
18702 52323
18802 1814
18902 22574
19002 48975
19102 45854
19202 44653
19302 50232
19402 34192
19502 16797
19602 41125
19702 19332
19802 24934
19902 13606
20002 32256
20102 13863
20202 49712
20302 58995
20402 24146
20502 34194
20602 4186
20702 25692
20802 55251
20902 18529
21002 56241
21102 27203
21202 20430
21302 45683
21402 38009
21502 7899
21602 9502
21702 9913
21802 35716
21902 18099
22002 38356
22102 5350
22202 24070
22302 20956
22402 27808
22502 9127
22602 28274
22702 29629
22802 52544
22902 19022
23002 34425
23102 27438
23202 53148
23302 43642
23402 40223
23502 45710
23602 41273
23702 45776
23802 15975
23902 20785
24002 46187
24102 24216
24202 360
24302 49475
24402 16102
24502 56430
24602 23738
24702 36502
24802 49638
24902 11974
25002 11153
25102 43558
25202 4072
25302 46449
25402 60472
25502 44866
25602 8691
25702 34555
25802 7624
25902 29874
26002 36843
26102 23967
26202 10005
26302 53479
26402 25832
26502 53498
26602 60653
26702 44857
26802 34031
26902 47472
27002 6306
27102 34720
27202 19891
27302 59752
27402 29721
27502 63151
27602 13111
27702 47372
27802 2504
27902 60737
28002 33544
28102 55780
28202 34389
28302 41311
28402 13320
28502 40566
28602 29358
28702 46841
28802 7960
28902 5851
29002 35695
29102 56711
29202 60464
29302 15196
29402 52735
29502 59498
29602 31518
29702 30983
29802 18246
29902 31935
30002 45634
30102 15155
30202 49169
30302 46768
30402 2307
30502 31078
30602 30997
30702 52912
30802 21737
30902 11306
31002 15785
31102 34545
31202 11571
31302 14447
31402 22733
31502 37806
31602 46467
31702 34047
31802 2655
31902 61130
32002 22732
32102 38892
32202 18808
32302 12117
32402 39444
32502 14749
32602 14925
32702 24155
32802 32003
32902 27114
33002 29612
33102 1000
33202 19843
33302 7860
33402 25477
33502 18444
33602 23534
33702 11014
33802 43981
33902 10134
34002 8181
34102 25759
34202 23558
34302 54930
34402 48231
34502 28593
34602 51624
34702 37997
34802 3472
34902 6096
35002 52808
35102 8185
35202 38730
35302 37082
35402 38897
35502 36515
35602 58843
35702 48986
35802 17191
35902 49622
36002 27940
36102 54848
36202 19211
36302 38306
36402 34862
36502 16114
36602 61698
36702 1846
36802 51835
36902 56597
37002 63024
37102 49695
37202 11762
37302 14937
37402 6932
37502 23708
37602 6280
37702 14062
37802 17028
37902 63147
38002 47117
38102 35535
38202 37201
38302 12092
38402 38599
38502 40156
38602 40237
38702 56526
38802 46641
38902 12812
39002 21745
39102 56912
39202 34753
39302 51102
39402 29329
39502 33151
39602 55167
39702 25074
39802 3077
39902 20061
40002 31109
40102 21383
40202 52995
40302 35395
40402 8118
40502 35089
40602 29090
40702 63049
40802 48444
40902 27326
41002 5319
41102 27625
41202 9478
41302 9380
41402 1522
41502 54699
41602 33594
41702 18108
41802 39097
41902 53254
42002 57664
42102 28173
42202 64754
42302 19298
42402 25385
42502 45882
42602 490
42702 59313
42802 47399
42902 12400
43002 8471
43102 51525
43202 21036
43302 56705
43402 6633
43502 63900
43602 64003
43702 54141
43802 22816
43902 3167
44002 24977
44102 63241
44202 27129
44302 49236
44402 2919
44502 31742
44602 1948
44702 42740
44802 1059
44902 9939
45002 52935
45102 61895
45202 59738
45302 19257
45402 12240
45502 49565
45602 30049
45702 3087
45802 57107
45902 25734
46002 14505
46102 28996
46202 41816
46302 18375
46402 4019
46502 28608
46602 46797
46702 38900
46802 64866
46902 31329
47002 58421
47102 54061
47202 65211
47302 58148
47402 33918
47502 47242
47602 44095
47702 49361
47802 43347
47902 21540
48002 33272
48102 5751
48202 19814
48302 9234
48402 46964
48502 32437
48602 32653
48702 24554
48802 36371
48902 7015
49002 21829
49102 16894
49202 5176
49302 4728
49402 40391
49502 54500
49602 42851
49702 31537
49802 37011
49902 5326
50002 47827
50102 23863
50202 9297
50302 14956
50402 32684
50502 1213
50602 34968
50702 51979
50802 49048
50902 63943
51002 57891
51102 24815
51202 63417
51302 64120
51402 50824
51502 11848
51602 39790
51702 40652
51802 22679
51902 38994
52002 45695
52102 38125
52202 19243
52302 39028
52402 54765
52502 40671
52602 31142
52702 9561
52802 63820
52902 25120
53002 26094
53102 65343
53202 5406
53302 26744
53402 14078
53502 29116
53602 17990
53702 43039
53802 1742
53902 29633
54002 9589
54102 25227
54202 27664
54302 56238
54402 48701
54502 1556
54602 47949
54702 58184
54802 65282
54902 24103
55002 64054
55102 2183
55202 38421
55302 13174
55402 33889
55502 16700
55602 13088
55702 12412
55802 49631
55902 58148
56002 7384
56102 54584
56202 6771
56302 37565
56402 17635
56502 17734
56602 1208
56702 7943
56802 4028
56902 37565
57002 65005
57102 21167
57202 26754
57302 50484
57402 908
57502 25597
57602 19716
57702 33586
57802 18244
57902 6953
58002 13633
58102 31466
58202 6163
58302 11242
58402 48484
58502 46638
58602 8469
58702 24841
58802 476
58902 30995
59002 51830
59102 24312
59202 44172
59302 42999
59402 43920
59502 10009
59602 27461
59702 50924
59802 42527
59902 41198
60002 14941
60102 13901
60202 4860
60302 35806
60402 63523
60502 47881
60602 43497
60702 58208
60802 60249
60902 30047
61002 49003
61102 40868
61202 38141
61302 2802
61402 2845
61502 19455
61602 28089
61702 20683
61802 26381
61902 34162
62002 33845
62102 19980
62202 13804
62302 6377
62402 51455
62502 36949
62602 32633
62702 19272
62802 1008
62902 30753
63002 37197
63102 2518
63202 21970
63302 29840
63402 52606
63502 61029
63602 60380
63702 8683
63802 44056
63902 27228
64002 36302
64102 52610
64202 48240
64302 59686
64402 18225
64502 2537
64602 1115
64702 17248
64802 16298
64902 11936
65002 16244
65102 13039
65202 48920
65302 46913
65402 46978
65502 59618
65602 36698
65702 34162
65802 34034
65902 17824
66002 47767
66102 15964
66202 53847
66302 61786
66402 5301
66502 15188
66602 31924
66702 8525
66802 3670
66902 28492
67002 963
67102 30547
67202 50790
67302 16254
67402 48951
67502 17970
67602 44983
67702 10455
67802 18491
67902 6878
68002 45042
68102 59769
68202 22881
68302 976
68402 49847
68502 63962
68602 21015
68702 51449
68802 51492
68902 21162
69002 56198
69102 9967
69202 57149
69302 38007
69402 18208
69502 53598
69602 38504
69702 49362
69802 29678
69902 20793
70002 17622
70102 2801
70202 46991
70302 11475
70402 40602
70502 10005
70602 6445
70702 49223
70802 28381
70902 36119
71002 58445
71102 44363
71202 56973
71302 43055
71402 10390
71502 37192
71602 21400
71702 27763
71802 21637
71902 22520
72002 62475
72102 43184
72202 20306
72302 64082
72402 45114
72502 41301
72602 56986
72702 21858
72802 59802
72902 369
73002 64706
73102 9036
73202 32255
73302 30546
73402 39869
73502 3648
73602 40693
73702 34139
73802 3487
73902 44698
74002 52587
74102 36962
74202 48311
74302 60730
74402 7232
74502 59866
74602 27188
74702 63993
74802 57515
74902 3006
75002 44816
75102 19267
75202 50137
75302 18888
75402 36854
75502 47472
75602 47959
75702 37728
75802 32427
75902 47083
76002 10485
76102 22953
76202 9098
76302 57214
76402 51250
76502 38158
76602 14263
76702 61014
76802 46801
76902 47298
77002 47955
77102 796
77202 37325
77302 59737
77402 43746
77502 41842
77602 19392
77702 8121
77802 446
77902 38957
78002 24268
78102 27975
78202 18006
78302 29332
78402 58861
78502 61239
78602 4269
78702 15408
78802 32072
78902 46482
79002 18943
79102 45144
79202 7255
79302 26738
79402 28614
79502 20471
79602 11907
79702 61295
79802 20192
79902 33140
80002 51461
80102 45366
80202 19292
80302 3571
80402 44824
80502 23177
80602 27112
80702 8435
80802 63481
80902 59831
81002 1236
81102 50438
81202 30004
81302 22508
81402 12615
81502 65466
81602 41470
81702 39561
81802 49942
81902 33667
82002 62721
82102 48658
82202 48895
82302 38502
82402 52759
82502 12726
82602 15789
82702 1215
82802 6191
82902 22192
83002 44425
83102 55009
83202 41306
83302 43822
83402 58789
83502 29335
83602 5280
83702 53548
83802 55094
83902 16618
84002 46350
84102 642
84202 35274
84302 9936
84402 2515
84502 12429
84602 38062
84702 6237
84802 16927
84902 44328
85002 24495
85102 26956
85202 53752
85302 2580
85402 51454
85502 5151
85602 25514
85702 24054
85802 44597
85902 17723
86002 39643
86102 26948
86202 51480
86302 24986
86402 839
86502 14970
86602 36135
86702 660
86802 11696
86902 33194
87002 10231
87102 36536
87202 18371
87302 30239
87402 37047
87502 39383
87602 65244
87702 35544
87802 19772
87902 44937
88002 34702
88102 50728
88202 10045
88302 48365
88402 24988
88502 45526
88602 18868
88702 9420
88802 8616
88902 50675
89002 38010
89102 32288
89202 33649
89302 55424
89402 884
89502 44677
89602 60757
89702 3278
89802 36130
89902 7271
90002 30906
90102 19981
90202 3330
90302 43256
90402 5064
90502 18476
90602 44206
