102 65413
202 59024
302 34103
402 4640
502 65438
602 36475
702 8874
802 2980
902 56972
1002 30526
1102 2538
1202 64196
1302 388
1402 8206
1502 52671
1602 43808
1702 39457
1802 1715
1902 16533
2002 31133
2102 2115
2202 6975
2302 41909
2402 14313
2502 43349
2602 58033
2702 41996
2802 5810
2902 22848
3002 30234
3102 23276
3202 21083
3302 52071
3402 58290
3502 40218
3602 44429
3702 38123
3802 18906
3902 61364
4002 51983
4102 48103
4202 30953
4302 38363
4402 30340
4502 41268
4602 64889
4702 47967
4802 52976
4902 31646
5002 28311
5102 20134
5202 52296
5302 15701
5402 20023
5502 26444
5602 30899
5702 1473
5802 658
5902 60445
6002 54974
6102 1934
6202 21036
6302 36727
6402 30576
6502 20913
6602 53624
6702 22720
6802 37052
6902 19510
7002 36676
7102 30048
7202 21258
7302 23156
7402 34712
7502 13379
7602 58353
7702 54425
7802 16997
7902 18427
8002 14394
8102 2181
8202 27284
8302 45079
8402 48776
8502 59419
8602 13543
8702 15798
8802 1348
8902 53206
9002 1770
9102 63155
9202 40816
9302 61936
9402 20354
9502 28093
9602 5824
9702 46550
9802 22868
9902 2745
10002 2866
10102 41949
10202 13084
10302 58387
10402 61881
10502 9170
10602 30641
10702 46270
10802 13595
10902 19543
11002 2993
11102 34673
11202 27929
11302 54844
11402 9785
11502 20675
11602 23550
11702 26593
11802 37388
11902 30832
12002 49872
12102 29229
12202 17343
12302 50183
12402 5743
12502 24568
12602 57494
12702 31156
12802 46139
12902 12812
13002 19533
13102 3257
13202 26720
13302 40786
13402 40560
13502 29173
13602 20548
13702 49453
13802 1496
13902 47761
14002 61953
14102 17604
14202 4830
14302 24531
14402 36294
14502 16292
14602 37962
14702 46464
14802 36823
14902 2306
15002 54198
15102 1851
15202 53367
15302 45008
15402 5026
15502 42346
15602 31851
15702 1528
15802 23699
15902 14235
16002 4781
16102 6796
16202 10270
16302 19836
16402 58659
16502 34732
16602 7276
16702 2806
16802 809
16902 15109
17002 39056
17102 7859
17202 56071
17302 38394
17402 29121
17502 58690
17602 46808
17702 29714
17802 51495
17902 28865
18002 34024
18102 18646
18202 31862
18302 29226
18402 33918
18502 33312
18602 32876
18702 57658
18802 21579
18902 47281
19002 52305
19102 48851
19202 15976
19302 53734
19402 35401
19502 28044
19602 37316
19702 4010
19802 52225
19902 46198
20002 30897
20102 56632
20202 16763
20302 21253
20402 53694
20502 57551
20602 17781
20702 62873
20802 23367
20902 35891
21002 4248
21102 36630
21202 58215
21302 36879
21402 63794
21502 57584
21602 48397
21702 19678
21802 47251
21902 61459
22002 38706
22102 62988
22202 8519
22302 18567
22402 10625
22502 40760
22602 38123
22702 39031
22802 10377
22902 35524
23002 59515
23102 35896
23202 7091
23302 61689
23402 23050
23502 37905
23602 6007
23702 42434
23802 59674
23902 23647
24002 16889
24102 13957
24202 7775
24302 16290
24402 9833
24502 36581
24602 16933
24702 7848
24802 41591
24902 59773
25002 21516
25102 6427
25202 56999
25302 40423
25402 58070
25502 19605
25602 38420
25702 32976
25802 62957
25902 3139
26002 30725
26102 30746
26202 56097
26302 7371
26402 49220
26502 30941
26602 22810
26702 27444
26802 59627
26902 38590
27002 59841
27102 63858
27202 47025
27302 397
27402 23718
27502 54745
27602 59281
27702 16146
27802 8811
27902 25620
28002 9874
28102 17762
28202 31811
28302 28673
28402 10737
28502 24004
28602 64505
28702 30901
28802 17195
28902 22392
29002 25377
29102 10595
29202 38267
29302 41278
29402 39057
29502 14536
29602 2196
29702 42221
29802 56590
29902 50021
30002 30858
30102 61358
30202 46734
30302 3079
30402 3441
30502 24697
30602 39925
30702 40180
30802 52517
30902 19808
31002 1770
31102 64671
31202 20425
31302 64440
31402 51745
31502 64612
31602 30421
31702 3527
31802 57382
31902 49163
32002 30380
32102 53371
32202 37902
32302 47858
32402 40635
32502 33928
32602 41428
32702 22601
32802 16249
32902 52579
33002 33817
33102 62939
33202 27433
33302 26725
33402 42574
33502 45531
33602 42874
33702 38709
33802 2031
33902 11020
34002 27025
34102 41317
34202 62539
34302 20059
34402 8797
