102 32933
202 29711
302 51545
402 63053
502 44188
602 36449
702 24468
802 42774
902 9964
1002 61745
1102 58817
1202 41212
1302 3587
1402 59770
1502 43084
1602 52505
1702 5428
1802 64820
1902 28082
2002 14184
2102 53236
2202 56118
2302 63705
2402 21738
2502 16324
2602 5812
2702 4672
2802 35277
2902 43187
3002 4020
3102 5668
3202 61233
3302 32685
3402 50747
3502 40918
3602 20708
3702 60924
3802 56751
3902 20872
4002 3543
4102 63047
4202 63197
4302 36934
4402 36400
4502 27081
4602 48674
4702 14326
4802 33368
4902 233
5002 38713
5102 63796
5202 19580
5302 50406
5402 38570
5502 694
5602 2782
5702 44210
5802 29195
5902 17471
6002 46244
6102 30712
6202 16609
6302 39282
6402 59077
6502 25938
6602 32535
6702 34462
6802 22887
6902 62363
7002 33839
7102 20383
7202 23918
7302 58764
7402 749
7502 45482
7602 42363
7702 24583
7802 44175
7902 26276
8002 3798
8102 30612
8202 38309
8302 29887
8402 13716
8502 61917
8602 23607
8702 32067
8802 29452
8902 562
9002 16345
9102 50135
9202 35210
9302 9335
9402 54388
9502 56298
9602 41474
9702 47406
9802 63659
9902 25699
10002 63723
10102 394
10202 39439
10302 11836
10402 57474
10502 64885
10602 43536
10702 50045
10802 43622
10902 64397
11002 35098
11102 16119
11202 3460
11302 28574
11402 51401
11502 19893
11602 61179
11702 32984
11802 36057
11902 25047
12002 7589
12102 22197
12202 21780
12302 53778
12402 64673
12502 187
12602 53478
12702 60769
12802 13723
12902 2274
13002 20138
13102 61129
13202 6589
13302 57460
13402 61488
13502 33358
13602 20107
13702 35459
13802 18721
13902 28600
14002 29559
14102 18273
14202 45646
14302 27403
14402 1812
14502 23821
14602 59743
14702 5479
14802 2332
14902 56790
15002 10393
15102 12490
15202 2239
15302 2159
15402 8823
15502 6184
15602 60654
15702 38113
15802 13811
15902 15685
16002 14639
16102 18946
16202 44883
16302 16852
16402 33172
16502 18928
16602 38107
16702 4693
16802 36800
16902 12361
17002 45208
17102 17323
17202 3130
17302 8074
17402 25048
17502 40213
17602 1771
17702 35321
17802 16620
17902 52468
18002 51431
18102 14995
18202 18512
18302 32647
18402 61347
18502 63049
18602 13958
18702 18854
18802 11019
18902 57441
19002 44584
19102 54813
19202 8278
19302 2437
19402 22788
19502 15361
19602 33177
19702 52316
19802 62742
19902 55262
20002 16131
20102 24515
20202 58589
20302 48987
20402 56934
20502 40584
20602 57805
20702 15816
20802 14818
20902 39209
21002 21126
21102 52583
21202 29483
21302 61250
21402 2912
21502 51189
21602 53644
21702 4147
21802 5603
21902 53440
22002 28869
22102 6710
22202 36111
22302 55725
22402 4911
22502 64740
22602 30118
22702 3796
22802 23379
22902 47098
23002 1700
23102 64273
23202 65200
23302 45724
23402 669
23502 23127
23602 46758
23702 30845
23802 3657
23902 30314
24002 41516
24102 63954
24202 18711
24302 10508
24402 39073
24502 40202
24602 36708
24702 65337
24802 38782
24902 27445
25002 38686
25102 988
25202 15077
25302 54357
25402 58453
25502 58867
25602 43545
25702 5822
25802 3472
25902 31284
26002 6429
26102 26750
26202 53230
26302 65091
26402 25100
26502 60580
26602 32611
26702 25096
26802 16363
26902 8327
27002 29474
27102 1541
27202 4993
27302 65326
27402 35907
27502 43481
27602 47731
27702 3443
27802 39132
27902 31837
28002 62924
28102 13667
28202 63596
28302 28109
28402 15458
28502 48642
28602 29162
28702 56345
28802 24547
28902 54222
29002 55680
29102 20738
29202 55103
29302 4968
29402 11190
29502 27877
29602 19990
29702 59526
29802 16729
29902 25915
30002 11155
30102 23821
30202 18405
30302 22003
30402 8852
30502 55370
30602 30969
30702 47441
30802 46284
30902 57777
31002 25151
31102 40389
31202 12315
31302 25632
31402 61604
31502 1003
31602 65191
31702 12598
31802 40323
31902 40106
32002 48431
32102 5583
32202 28849
32302 11529
32402 14408
32502 60153
32602 28316
32702 38329
32802 62964
32902 52020
33002 24844
33102 22890
33202 40924
33302 57919
33402 55975
33502 23111
33602 64987
33702 42036
33802 58060
33902 48189
34002 15392
34102 7767
34202 19872
34302 47088
34402 57272
34502 55581
34602 2043
34702 1833
34802 3204
34902 56787
35002 4141
35102 61635
35202 58229
35302 25430
35402 9319
35502 8553
35602 61078
35702 7247
35802 51207
35902 31689
36002 43540
36102 37420
36202 35824
36302 26259
36402 62029
36502 57967
36602 61392
36702 6049
36802 56798
36902 59873
37002 42998
37102 55212
37202 34138
37302 3833
37402 46188
37502 54467
37602 56235
37702 43085
37802 9073
37902 21397
38002 51160
38102 52566
38202 8884
38302 91
38402 38292
38502 28455
38602 62356
38702 8846
38802 60255
38902 38558
39002 53657
39102 33485
39202 28248
39302 26691
39402 50534
39502 25751
39602 39127
39702 23581
39802 18154
39902 40065
40002 48996
40102 28499
40202 17253
40302 43057
40402 2310
40502 1788
40602 33829
40702 39507
40802 41484
40902 19545
41002 9061
41102 49752
41202 11064
41302 34205
41402 20523
41502 61632
41602 18330
41702 42713
41802 57734
41902 57019
42002 37401
42102 22362
42202 16611
42302 7212
42402 3164
42502 6333
42602 4205
42702 19894
42802 43693
42902 61771
43002 27690
43102 17250
43202 59618
43302 53524
43402 25845
43502 26087
43602 13155
43702 50545
43802 32207
43902 9086
44002 31785
44102 33444
44202 26796
44302 64426
44402 42548
44502 65209
44602 58996
44702 1820
44802 65320
44902 18587
45002 21548
45102 60156
45202 17410
45302 48933
45402 33215
45502 37377
45602 18182
45702 15329
45802 10422
45902 19867
46002 19001
46102 61803
46202 24010
46302 49804
46402 27286
46502 58891
46602 57171
46702 7976
46802 48880
46902 60417
47002 44287
47102 34692
47202 32648
47302 56334
47402 56826
47502 12414
47602 47115
47702 47041
47802 51728
47902 55133
48002 3061
48102 56210
48202 58530
48302 9001
48402 23782
48502 42692
48602 9332
48702 16373
48802 31269
48902 47320
49002 19935
49102 32371
49202 54407
49302 6204
49402 47856
49502 21222
49602 35495
49702 15411
49802 56687
49902 37075
50002 21451
50102 18800
50202 53610
50302 50142
50402 24939
50502 65532
50602 28843
50702 7979
50802 5012
50902 45832
51002 12524
51102 17544
51202 42805
51302 40864
51402 40325
51502 52937
51602 28603
51702 41852
51802 24785
51902 38470
52002 65169
52102 60409
52202 18767
52302 27768
52402 5891
52502 14571
52602 29786
52702 31900
52802 64208
52902 17943
53002 37035
53102 51490
53202 65014
53302 9566
53402 30230
53502 23928
53602 25270
53702 26622
53802 29117
53902 18575
54002 39421
54102 29620
54202 50688
54302 11286
54402 41596
54502 39614
54602 2384
54702 43890
54802 58432
54902 4046
55002 24744
55102 65114
55202 24354
55302 18086
55402 47830
55502 25024
55602 47774
55702 3385
55802 57223
55902 55576
56002 28756
56102 37056
56202 599
56302 43790
56402 48985
56502 28552
56602 25505
56702 49558
56802 64235
56902 16049
57002 63471
57102 54421
57202 11983
57302 18681
57402 21679
57502 34275
57602 32770
57702 52766
57802 59375
57902 59760
58002 39732
58102 49115
58202 3922
58302 44757
58402 44002
58502 54139
58602 34057
58702 42573
58802 3182
58902 44205
59002 34687
59102 51738
59202 25356
59302 65533
59402 16463
59502 64240
59602 33854
59702 58294
59802 55319
59902 4902
60002 29716
60102 28883
60202 37595
60302 29856
60402 28662
60502 16354
60602 5307
60702 64391
60802 1207
60902 28843
61002 64672
61102 22733
61202 57217
61302 47369
61402 63291
61502 47358
61602 7757
61702 45039
61802 42724
61902 65347
62002 34344
62102 3154
62202 56834
62302 39316
62402 56299
62502 19548
62602 20990
62702 2133
62802 18349
62902 53841
63002 45411
63102 38975
63202 22475
63302 35309
63402 60396
63502 53527
63602 39091
63702 57540
63802 65000
63902 55505
64002 15387
64102 30913
64202 40352
64302 44624
64402 46573
64502 4724
64602 15095
64702 27930
64802 40068
64902 47106
65002 36049
65102 21427
65202 1103
65302 51416
65402 60923
65502 36834
65602 52074
65702 5352
65802 63168
65902 31468
66002 14218
66102 39309
66202 58131
66302 43597
66402 13093
66502 46255
66602 53556
66702 22515
66802 23676
66902 26603
67002 59854
67102 9769
67202 276
67302 3011
67402 41419
67502 51480
67602 20166
67702 21330
67802 45403
67902 44252
68002 15996
68102 18135
68202 38095
68302 28228
68402 19665
68502 44110
68602 33749
68702 47700
68802 23653
68902 34043
69002 29629
69102 11966
69202 61229
69302 1417
69402 5120
69502 3569
69602 10305
69702 10144
69802 46463
69902 52222
70002 1506
70102 7893
70202 31397
70302 22038
70402 48832
70502 4730
70602 7387
70702 9725
70802 41613
70902 61730
71002 44488
71102 45284
71202 36798
71302 30492
71402 32088
71502 22749
71602 10583
71702 50547
71802 22867
71902 31144
72002 49319
72102 48746
72202 20516
72302 35377
72402 13199
72502 9527
72602 64608
72702 34881
72802 52555
72902 22526
73002 42950
73102 13937
73202 20043
73302 64864
73402 2185
73502 13034
73602 65528
73702 35939
73802 45995
73902 17817
74002 33050
74102 59273
74202 11823
74302 23823
74402 53775
74502 53328
74602 49286
74702 57368
74802 21336
74902 28113
75002 10203
75102 6481
75202 63486
75302 2366
75402 12108
75502 168
75602 33057
75702 57275
75802 55679
75902 31226
76002 2272
76102 51511
76202 57287
76302 44269
76402 61959
76502 1548
76602 23614
76702 21918
76802 21406
76902 2128
77002 61129
77102 10527
77202 60360
77302 32482
77402 55359
77502 53686
77602 2548
77702 52561
77802 1725
77902 26913
78002 29184
78102 49931
78202 10924
78302 61440
78402 60685
78502 15989
78602 12789
78702 35356
78802 34731
78902 44234
79002 19452
79102 55107
79202 62141
79302 40415
79402 51057
79502 13854
79602 30707
79702 20648
79802 29861
79902 55096
80002 44993
80102 4734
80202 65249
80302 19394
80402 8391
80502 14161
80602 2088
80702 64626
80802 42599
80902 57425
81002 14231
81102 1261
81202 8488
81302 52602
81402 57776
81502 13071
81602 17470
81702 11759
81802 25898
81902 6849
82002 36894
82102 10850
82202 37987
82302 51804
82402 49796
82502 50645
82602 31434
82702 45530
82802 32666
82902 63420
83002 8712
83102 28413
83202 55058
83302 51286
83402 46565
83502 40702
83602 13734
83702 29288
83802 42942
83902 57560
84002 27098
84102 4402
84202 29081
84302 59242
84402 17726
84502 62912
84602 42681
84702 34213
84802 53349
84902 49754
85002 45367
85102 17193
85202 7459
85302 36070
85402 40906
85502 9919
85602 56134
85702 14568
85802 44802
85902 46973
86002 42806
86102 19767
86202 58312
86302 18131
86402 36838
86502 50249
86602 40699
86702 33153
86802 55255
86902 60064
87002 51408
87102 8084
87202 45906
87302 32726
87402 5762
87502 30149
87602 37962
87702 64190
87802 35804
87902 59421
88002 56526
88102 55296
88202 2269
88302 57732
88402 38032
88502 41969
88602 8649
88702 30809
88802 57927
88902 60353
89002 56194
89102 25159
89202 59288
89302 56164
89402 12865
89502 42214
89602 42351
89702 39775
89802 44513
89902 34745
90002 2562
90102 43489
90202 65107
