102 48716
202 63263
302 30881
402 56212
502 6321
602 14123
702 56836
802 10963
902 48021
1002 61934
1102 58387
1202 3817
1302 40395
1402 52905
1502 26424
1602 51618
1702 7276
1802 9447
1902 16046
2002 11782
2102 29420
2202 62657
2302 60130
2402 35662
2502 12610
2602 42381
2702 1117
2802 62744
2902 51473
3002 27067
3102 1851
3202 52810
3302 1989
3402 43625
3502 57041
3602 34786
3702 39817
3802 9970
3902 45124
4002 46704
4102 9032
4202 52207
4302 33461
4402 84
4502 11919
4602 5719
4702 5994
4802 21698
4902 3487
5002 54242
5102 31588
5202 34665
5302 47288
5402 53804
5502 37986
5602 4629
5702 47444
5802 54505
5902 38583
6002 29497
6102 64303
6202 9633
6302 30363
6402 59251
6502 21852
6602 51713
6702 31233
6802 21489
6902 57635
7002 15659
7102 47193
7202 33014
7302 13710
7402 61843
7502 60137
7602 46704
7702 37434
7802 22047
7902 27254
8002 48706
8102 26866
8202 1060
8302 42448
8402 13357
8502 59481
8602 12897
8702 49178
8802 31978
8902 62213
9002 17517
9102 25659
9202 6435
9302 56108
9402 7570
9502 42329
9602 15422
9702 62404
9802 46346
9902 5736
10002 42238
10102 65367
10202 12335
10302 29799
10402 62515
10502 7332
10602 58049
10702 9680
10802 32162
10902 34087
11002 11198
11102 59079
11202 2609
11302 62597
11402 11739
11502 50537
11602 15697
11702 37714
11802 40193
11902 27415
12002 16096
12102 36614
12202 6624
12302 31300
12402 30650
12502 1838
12602 33297
12702 44309
12802 15465
12902 4237
13002 5488
13102 781
13202 39162
13302 18382
13402 6126
13502 64675
13602 5632
13702 7086
13802 33453
13902 39067
14002 42061
14102 46865
14202 50124
14302 53671
14402 41449
14502 15512
14602 62526
14702 29756
14802 21310
14902 36818
15002 23170
15102 45
15202 42263
15302 63632
15402 44266
15502 7935
15602 31755
15702 10857
15802 58299
15902 64128
16002 52565
16102 10326
16202 47966
16302 2040
16402 39545
16502 36265
16602 48586
16702 21637
16802 56664
16902 10221
17002 33868
17102 58321
17202 60791
17302 38916
17402 10258
17502 9969
17602 64503
17702 49781
17802 46934
17902 13380
18002 23265
18102 16007
18202 46375
18302 109
18402 55365
18502 14997
18602 65207
18702 7063
18802 12073
18902 62032
19002 62277
19102 20912
19202 49830
19302 1067
19402 16499
19502 10979
19602 27386
19702 21568
19802 54097
19902 50136
20002 19857
20102 65382
20202 10205
20302 57553
20402 60209
20502 39585
20602 32565
20702 59098
20802 41396
20902 7711
21002 61688
21102 4812
21202 15116
21302 37300
21402 27711
21502 1022
21602 10688
21702 21392
21802 39155
21902 62047
22002 60923
22102 58944
22202 4328
22302 25539
22402 48629
22502 36606
22602 34963
22702 1930
22802 27936
22902 55923
23002 3101
23102 52213
23202 38045
23302 64079
23402 7367
23502 15789
23602 20719
23702 46034
23802 8401
23902 41803
24002 35622
24102 14879
24202 58306
24302 11258
24402 51701
24502 3237
24602 184
24702 51289
24802 37476
24902 36641
25002 496
25102 57280
25202 43151
25302 61012
25402 1688
25502 16165
25602 18636
25702 17416
25802 44394
25902 25066
26002 40742
26102 34754
26202 57097
26302 58640
26402 43055
26502 32867
26602 30786
26702 11992
26802 4474
26902 49710
27002 53403
27102 33196
27202 33054
27302 64411
27402 26072
27502 36701
27602 10919
27702 21665
27802 46057
27902 8739
28002 6955
28102 50157
28202 12770
28302 65429
28402 56475
28502 18384
28602 24639
28702 44126
28802 51089
28902 57158
29002 27249
29102 11913
29202 43543
29302 41061
29402 27605
29502 14781
29602 47401
29702 57261
29802 37784
29902 52121
30002 9086
30102 36650
30202 42865
30302 50882
30402 15600
30502 24636
30602 50305
30702 15984
30802 18764
30902 18400
31002 29069
31102 52063
31202 50662
31302 37416
31402 27792
31502 41126
31602 12098
31702 64921
31802 20206
31902 19423
32002 19515
32102 5018
32202 25771
32302 28090
32402 28389
32502 36989
32602 63956
32702 13714
32802 10153
32902 28700
33002 56813
33102 7326
33202 52512
33302 35805
33402 56369
33502 24230
33602 36548
33702 61763
33802 13751
33902 6928
34002 12736
34102 62831
34202 25408
34302 49600
34402 61415
34502 23258
34602 65364
34702 16985
34802 59991
34902 22709
35002 61479
35102 46967
35202 62464
35302 56528
35402 33974
35502 61618
35602 32238
35702 44218
35802 57728
35902 31748
36002 46044
36102 16786
36202 36078
36302 30070
36402 63172
36502 9308
36602 8543
36702 15518
36802 39205
36902 50488
37002 44630
37102 17184
37202 61815
37302 62603
37402 33814
37502 9734
37602 27088
37702 34182
37802 64755
37902 55568
38002 35279
38102 3544
38202 19182
38302 51956
38402 1661
38502 60066
38602 42421
38702 29578
38802 58246
38902 39565
39002 28859
39102 49428
39202 31051
39302 23118
39402 65191
39502 5607
39602 9633
39702 53175
39802 29172
39902 29720
40002 11050
40102 36304
40202 35773
40302 31951
40402 63385
40502 54828
40602 62457
40702 22122
40802 29646
40902 63818
41002 9807
41102 35960
41202 42698
41302 1705
41402 38304
41502 25112
41602 55477
41702 3715
41802 23471
41902 30969
42002 36552
42102 64479
42202 10120
42302 44307
42402 9461
42502 15696
42602 48991
42702 49542
42802 50353
42902 50123
43002 909
43102 46198
43202 65186
43302 35438
43402 3847
43502 15128
43602 10761
43702 34579
43802 56945
43902 45495
44002 14065
44102 64919
44202 45611
44302 30129
44402 35464
44502 15665
44602 60092
44702 1058
44802 6871
44902 51406
45002 56978
45102 8358
45202 30088
45302 16928
45402 5224
45502 3844
45602 45678
45702 14716
45802 24995
45902 60455
46002 59086
46102 49618
46202 36638
46302 39687
46402 62502
46502 63089
46602 19424
46702 26666
46802 19546
46902 63360
47002 14332
47102 41891
47202 1189
47302 34519
47402 65259
47502 56020
47602 7160
47702 37727
47802 6550
47902 2717
48002 11597
48102 29815
48202 4994
48302 26988
48402 41303
48502 63450
48602 42354
48702 29749
48802 53756
48902 44478
49002 38489
49102 19364
49202 9005
49302 23395
49402 49463
49502 35746
49602 40728
49702 25402
49802 42041
49902 51977
50002 64456
50102 5102
50202 57307
50302 36653
50402 61201
50502 52551
50602 30788
50702 18175
50802 2478
50902 27603
51002 3511
51102 24950
51202 12809
51302 11108
51402 56025
51502 21956
51602 52712
51702 54601
51802 47004
51902 8838
52002 41835
52102 53315
52202 55243
52302 7272
52402 40456
52502 21833
52602 61527
52702 9924
52802 36194
52902 20300
53002 63981
53102 32584
53202 54698
53302 25496
53402 50868
53502 10847
53602 45122
53702 27311
53802 16525
53902 50033
54002 62962
54102 41099
54202 38285
54302 24119
54402 35839
54502 14633
54602 33023
54702 31573
54802 26243
54902 38287
55002 18273
55102 48683
55202 9033
55302 25981
55402 32879
55502 8112
55602 39886
55702 28316
55802 9144
55902 54881
56002 63346
56102 23834
56202 3180
56302 53822
56402 60692
56502 18069
56602 45782
56702 34299
56802 48327
56902 45517
57002 43543
57102 27303
57202 21893
57302 20168
57402 40618
57502 39173
57602 16480
57702 57033
57802 40233
57902 16078
58002 39562
58102 42936
58202 31712
58302 1887
58402 46168
58502 31674
58602 6015
58702 47768
58802 64972
58902 7671
59002 41967
59102 9915
59202 32320
59302 19684
59402 21308
59502 37348
59602 2368
59702 58016
59802 19490
59902 50599
60002 49272
60102 12973
60202 60566
60302 5724
60402 37232
60502 20636
60602 29128
60702 7571
60802 31495
60902 8944
61002 15190
61102 27268
61202 55300
61302 19760
61402 24872
61502 35745
61602 31940
61702 60643
61802 34326
61902 9376
62002 46574
62102 427
62202 41504
62302 49976
62402 43427
62502 22211
62602 17708
62702 24509
62802 47096
62902 23764
63002 51545
63102 10396
63202 42943
63302 32570
63402 52378
63502 38626
63602 40511
63702 27758
63802 2215
63902 3291
64002 1879
64102 36331
64202 264
64302 21150
64402 32093
64502 38573
64602 33864
64702 5768
64802 48456
64902 15230
65002 27703
65102 32555
65202 53880
65302 55470
65402 445
65502 36489
65602 43200
65702 460
65802 40322
65902 51580
66002 6530
66102 64266
66202 18577
66302 26276
66402 34594
66502 53975
66602 15454
66702 55219
66802 31234
66902 10646
67002 3876
67102 5084
67202 36552
67302 41458
67402 39041
67502 51590
67602 1714
67702 3250
67802 6472
67902 54383
68002 3543
68102 28322
68202 12427
68302 11797
68402 57702
68502 49513
68602 42751
68702 25089
68802 6404
68902 5960
69002 794
69102 7143
69202 38832
69302 51316
69402 22044
69502 54795
69602 41220
69702 21622
69802 49570
69902 27299
70002 48527
70102 54403
70202 25222
70302 59013
70402 40805
70502 3372
70602 23182
70702 13020
70802 55797
70902 60778
71002 31841
71102 20117
71202 29847
71302 65166
71402 23285
71502 21747
71602 29597
71702 7320
71802 21290
71902 4389
72002 5805
72102 24840
72202 18665
72302 4785
72402 2705
72502 64459
72602 31780
72702 42348
72802 39037
72902 30522
73002 17094
73102 35493
73202 39572
73302 18553
73402 56674
73502 14930
73602 13799
73702 58220
73802 63537
73902 64500
74002 41474
74102 59663
74202 10592
74302 40496
74402 22971
74502 12959
74602 10287
74702 55255
74802 46272
74902 50511
75002 61443
75102 24087
75202 56075
75302 1489
75402 40660
75502 27020
75602 31547
75702 43169
75802 56475
75902 21307
76002 17561
76102 23179
76202 50122
76302 38656
76402 12556
76502 40640
76602 49927
76702 26650
76802 1905
76902 56203
77002 21051
77102 27821
77202 54320
77302 11641
77402 12598
77502 33652
77602 51751
77702 57182
77802 33393
77902 13689
78002 34554
78102 6228
78202 43450
78302 16202
78402 32119
78502 6290
78602 25052
78702 50530
78802 8315
78902 53571
79002 19338
79102 59586
79202 34116
79302 47171
79402 16185
79502 15092
79602 33903
79702 31488
79802 35696
79902 15200
80002 53570
80102 14488
80202 25196
80302 27868
80402 20874
80502 44801
80602 16040
80702 37788
80802 13879
80902 22924
81002 33648
81102 56243
81202 55127
81302 27639
81402 41873
81502 37466
81602 18921
81702 3190
81802 6251
81902 28170
82002 24582
82102 42354
82202 45757
82302 5256
82402 18810
82502 24383
82602 40978
82702 64855
82802 26423
82902 3538
83002 5722
83102 53879
83202 25579
83302 31597
83402 14226
83502 43003
83602 50300
83702 54071
83802 59076
83902 10336
84002 51394
84102 18043
84202 30768
84302 49095
84402 62642
84502 2961
84602 64374
84702 37093
84802 15735
84902 14045
85002 62246
85102 60222
85202 30403
85302 24290
85402 37758
85502 57042
85602 8114
85702 60654
85802 54419
85902 29201
86002 5709
86102 6435
86202 5507
86302 11036
86402 60191
86502 64039
86602 19443
86702 58241
86802 9260
86902 62058
87002 62802
87102 44628
87202 53471
87302 38934
87402 42947
87502 5977
87602 35287
87702 31713
87802 40666
87902 64782
88002 44375
88102 8520
88202 9140
88302 29561
88402 13754
88502 35652
88602 26658
88702 12339
88802 34263
88902 15922
89002 64439
89102 41699
89202 21340
89302 1370
89402 50715
89502 19355
89602 42256
89702 20206
89802 63785
89902 40093
90002 27544
90102 14287
