102 62268
202 582
302 6683
402 7829
502 36942
602 55394
702 53945
802 36357
902 59837
1002 15730
1102 4940
1202 34676
1302 9495
1402 60478
1502 45110
1602 57663
1702 50705
1802 46722
1902 1792
2002 30684
2102 41040
2202 17802
2302 23226
2402 28843
2502 56862
2602 10420
2702 31709
2802 65288
2902 23454
3002 52780
3102 31304
3202 33489
3302 64384
3402 6635
3502 48368
3602 59315
3702 43474
3802 261
3902 19883
4002 50931
4102 15521
4202 5792
4302 551
4402 19075
4502 61303
4602 41265
4702 23150
4802 30597
4902 29509
5002 32157
5102 15277
5202 11103
5302 60663
5402 12202
5502 54538
5602 9022
5702 56476
5802 51449
5902 3386
6002 57997
6102 25426
6202 18982
6302 3907
6402 35289
6502 13696
6602 2719
6702 8868
6802 42682
6902 20850
7002 49064
7102 14022
7202 20989
7302 14183
7402 48339
7502 29417
7602 27350
7702 30391
7802 40016
7902 30265
8002 40031
8102 25467
8202 40419
8302 61516
8402 1015
8502 33652
8602 39785
8702 18897
8802 5381
8902 35899
9002 28225
9102 18662
9202 1743
9302 36608
9402 59389
9502 10093
9602 60078
9702 62116
9802 1397
9902 65034
10002 953
10102 20289
10202 5330
10302 12113
10402 14238
10502 34995
10602 22287
10702 29602
10802 9856
10902 23767
11002 14149
11102 61640
11202 17058
11302 65052
11402 51278
11502 53406
11602 7483
11702 6357
11802 57519
11902 55546
12002 3346
12102 19459
12202 61285
12302 27420
12402 65170
12502 44545
12602 63617
12702 56007
12802 52643
12902 24978
13002 5216
13102 28659
13202 63595
13302 36636
13402 34271
13502 46163
13602 59598
13702 64977
13802 64330
13902 31710
14002 57367
14102 20735
14202 16639
14302 54206
14402 23395
14502 29863
14602 47967
14702 27365
14802 29346
14902 53220
15002 54622
15102 38541
15202 31000
15302 36821
15402 61947
15502 59222
15602 18243
15702 41510
15802 58316
15902 30242
16002 36604
16102 19122
16202 40907
16302 2645
16402 30620
16502 23011
16602 16262
16702 19669
16802 20099
16902 48801
17002 10747
17102 57085
17202 42611
17302 44276
17402 57182
17502 64881
17602 56104
17702 16402
17802 23888
17902 47998
18002 29955
18102 13566
18202 6530
18302 40787
18402 4680
18502 2354
18602 51713
18702 6508
18802 64030
18902 54784
19002 27985
19102 23947
19202 11013
19302 51741
19402 24703
19502 40670
19602 9870
19702 1089
19802 64462
19902 40329
20002 35734
20102 59092
20202 19906
20302 48043
20402 23839
20502 9907
20602 18605
20702 5730
20802 54291
20902 27354
21002 18703
21102 14952
21202 62209
21302 26000
21402 596
21502 28506
21602 51376
21702 47193
21802 41644
21902 43170
22002 45383
22102 17391
22202 16049
22302 53427
22402 6952
22502 28387
22602 19180
22702 29790
22802 57987
22902 38926
23002 10694
23102 50570
23202 2841
23302 38743
23402 65079
23502 17340
23602 27621
23702 29619
23802 60354
23902 48755
24002 40257
24102 39427
24202 10014
24302 17813
24402 34760
24502 60912
24602 42231
24702 62272
24802 23643
24902 58927
25002 14256
25102 7220
25202 28865
25302 15448
25402 1327
25502 41021
25602 573
25702 41618
25802 64484
25902 43439
26002 20788
26102 22628
26202 16964
26302 37437
26402 4313
26502 32263
26602 20862
26702 58070
26802 27404
26902 8993
27002 28922
27102 21804
27202 32599
27302 54863
27402 26975
27502 13609
27602 28915
27702 57339
27802 23030
27902 52813
28002 37212
28102 6083
28202 1764
28302 18658
28402 342
28502 32769
28602 29331
28702 56289
28802 15560
28902 44193
29002 15412
29102 53379
29202 12180
29302 22984
29402 11749
29502 30934
29602 9171
29702 39986
29802 25520
29902 19890
30002 3375
30102 1467
30202 63230
30302 46477
30402 35555
30502 40863
30602 22351
30702 27810
30802 31370
30902 48892
31002 62770
31102 30700
31202 21527
31302 11015
31402 9304
31502 7743
31602 12701
31702 9608
31802 24580
31902 25597
32002 62021
32102 11367
32202 38067
32302 53463
32402 18171
32502 65515
32602 62426
32702 36991
32802 63741
32902 27312
33002 19643
33102 61383
33202 43252
33302 24207
33402 52597
33502 26273
33602 13549
33702 63386
33802 19213
33902 8940
34002 27988
34102 24167
34202 60083
34302 52473
34402 42583
34502 26100
34602 25730
34702 18368
34802 37811
34902 26533
35002 25434
35102 51396
35202 4892
35302 1495
35402 42977
35502 21564
35602 39095
35702 26906
35802 62312
35902 38139
