102 13933
202 18714
302 9845
402 60530
502 18333
602 62400
702 48070
802 4675
902 55445
1002 31146
1102 56633
1202 17910
1302 37397
1402 64808
1502 24686
1602 20310
1702 14698
1802 61031
1902 32073
2002 18434
2102 29729
2202 60121
2302 5723
2402 45721
2502 49158
2602 50284
2702 29756
2802 17945
2902 52015
3002 18183
3102 29015
3202 33684
3302 27932
3402 8797
3502 12867
3602 54976
3702 45620
3802 62659
3902 47779
4002 31338
4102 17071
4202 44765
4302 36518
4402 13476
4502 50418
4602 21598
4702 28352
4802 36959
4902 33384
5002 63734
5102 32436
5202 63493
5302 65284
5402 46782
5502 47328
5602 48250
5702 57204
5802 858
5902 8493
6002 56842
6102 2122
6202 14712
6302 42417
6402 50980
6502 47614
6602 14735
6702 2596
6802 53407
6902 3120
7002 47143
7102 28194
7202 40717
7302 19123
7402 59778
7502 50462
7602 62346
7702 57673
7802 43474
7902 22744
8002 33635
8102 27175
8202 50661
8302 13211
8402 55626
8502 50352
8602 13513
8702 57762
8802 38057
8902 892
9002 6652
9102 63666
9202 60528
9302 24096
9402 6030
9502 575
9602 57442
9702 65410
9802 3284
9902 27769
10002 48465
10102 24382
10202 29245
10302 40175
10402 49039
10502 35262
10602 37433
10702 23662
10802 62509
10902 44852
11002 20687
11102 25449
11202 16422
11302 47080
11402 9017
11502 49874
11602 64001
11702 63406
11802 28954
11902 4771
12002 26589
12102 41909
12202 42050
12302 5466
12402 31819
12502 39938
12602 19257
12702 20950
12802 17920
12902 6222
13002 38413
13102 24080
13202 29762
13302 31275
13402 22371
13502 37512
13602 59027
13702 24539
13802 25664
13902 26408
14002 39538
14102 58432
14202 4659
14302 4194
14402 52969
14502 27697
14602 15961
14702 52507
14802 1449
14902 16055
15002 61070
15102 32031
15202 5401
15302 3495
15402 60762
15502 53205
15602 22730
15702 44865
15802 37832
15902 59019
16002 10571
16102 22340
16202 58965
16302 36343
16402 30634
16502 13104
16602 60382
16702 1155
16802 47139
16902 33369
17002 10582
17102 40553
17202 21853
17302 11637
17402 29137
17502 38619
17602 49003
17702 60567
17802 62321
17902 37048
18002 10806
18102 34432
18202 57551
18302 35231
18402 42096
18502 32823
18602 12502
18702 18656
18802 29230
18902 21254
19002 39309
19102 30530
19202 42257
19302 47569
19402 27951
19502 37692
19602 14090
19702 8833
19802 29079
19902 61528
20002 10047
20102 61738
20202 6918
20302 56658
20402 18185
20502 60032
20602 35846
20702 6177
20802 31831
20902 14548
21002 7728
21102 44213
21202 27528
21302 65291
21402 14636
21502 15470
21602 40175
21702 13707
21802 64026
21902 16329
22002 15995
22102 59409
22202 18458
22302 54966
22402 26062
22502 18402
22602 21619
22702 63132
22802 39077
22902 57523
23002 11251
23102 44217
23202 13276
23302 61793
23402 12309
23502 64743
23602 23969
23702 47573
23802 50789
23902 1494
24002 16447
24102 59898
24202 39194
24302 41500
24402 3433
24502 1089
24602 21677
24702 8345
24802 31437
24902 31955
25002 293
25102 5312
25202 44277
25302 47298
25402 38686
25502 57405
25602 10487
25702 28626
25802 39315
25902 40658
26002 29637
26102 61990
26202 47333
26302 29375
26402 60744
26502 24905
26602 24895
26702 28988
26802 44915
26902 17725
27002 25072
27102 36087
27202 58433
27302 29852
27402 48619
27502 12457
27602 17946
27702 50128
27802 24577
27902 3681
28002 43447
28102 2312
28202 49574
28302 38346
28402 30020
28502 691
28602 40588
28702 10181
28802 32563
28902 38612
29002 38744
29102 13175
29202 52350
29302 45919
29402 49091
29502 6802
29602 12882
29702 31210
29802 33825
29902 64804
30002 29044
30102 37379
30202 55429
30302 52483
30402 41053
30502 29253
30602 56473
30702 15531
30802 2972
30902 5186
31002 51374
31102 50919
31202 32007
31302 48578
31402 59354
31502 12954
31602 41970
31702 51151
31802 25267
31902 42044
32002 58822
32102 11791
32202 56459
32302 21458
32402 8373
32502 48460
32602 5401
32702 4835
32802 63278
32902 49638
33002 13024
33102 19201
33202 35783
33302 8913
33402 56238
33502 39976
33602 73
33702 8296
33802 9319
33902 64725
34002 25910
34102 61619
34202 64666
34302 4587
34402 13884
34502 35475
34602 56878
34702 15154
34802 45760
34902 47061
35002 26786
35102 23200
35202 41228
35302 10019
35402 34463
