102 40562
202 43055
302 58128
402 21286
502 25720
602 65323
702 53944
802 57125
902 7877
1002 46824
1102 17491
1202 27079
1302 40194
1402 58677
1502 13329
1602 47104
1702 12932
1802 6365
1902 109
2002 3134
2102 47174
2202 28299
2302 4295
2402 5018
2502 49638
2602 5232
2702 61861
2802 4129
2902 15826
3002 61035
3102 59635
3202 34813
3302 45187
3402 14258
3502 11141
3602 60920
3702 26627
3802 31000
3902 4890
4002 36738
4102 16760
4202 14600
4302 59967
4402 2224
4502 5186
4602 46146
4702 30512
4802 57301
4902 48649
5002 49384
5102 60463
5202 19931
5302 29945
5402 47442
5502 23947
5602 9440
5702 1742
5802 47937
5902 63293
6002 38816
6102 4028
6202 40818
6302 11992
6402 2808
6502 36057
6602 36616
6702 36742
6802 42015
6902 56907
7002 32519
7102 50868
7202 32523
7302 8327
7402 20383
7502 14128
7602 32238
7702 59431
7802 21836
7902 48769
8002 54456
8102 56763
8202 954
8302 61058
8402 52313
8502 16216
8602 50215
8702 18637
8802 3676
8902 10813
9002 2956
9102 39638
9202 40367
9302 10833
9402 55668
9502 44236
9602 37512
9702 11461
9802 30642
9902 48192
10002 45511
10102 11068
10202 255
10302 29912
10402 7885
10502 60366
10602 42464
10702 33364
10802 23225
10902 16125
11002 1569
11102 33734
11202 60378
11302 8957
11402 61280
11502 12814
11602 54282
11702 27738
11802 44411
11902 10971
12002 38226
12102 33822
12202 54
12302 16219
12402 16033
12502 48188
12602 53902
12702 9700
12802 26038
12902 61427
13002 17160
13102 14340
13202 32586
13302 55357
13402 24737
13502 35983
13602 13430
13702 41373
13802 47195
13902 25218
14002 25350
14102 47010
14202 59923
14302 36897
14402 30011
14502 63226
14602 3942
14702 58965
14802 13198
14902 24950
15002 31647
15102 27312
15202 40592
15302 17306
15402 33955
15502 64128
15602 20425
15702 56668
15802 42093
15902 7272
16002 62702
16102 26118
16202 47865
16302 10525
16402 22709
16502 36795
16602 22859
16702 18816
16802 32522
16902 19600
17002 25759
17102 19583
17202 5172
17302 2942
17402 54663
17502 31360
17602 37004
17702 58142
17802 28541
17902 48868
18002 33721
18102 15490
18202 22653
18302 53959
18402 18368
18502 13268
18602 42115
18702 49587
18802 38038
18902 26292
19002 7224
19102 23769
19202 31943
19302 33075
19402 12181
19502 3826
19602 44162
19702 28370
19802 28963
19902 2682
20002 40499
20102 33706
20202 61699
20302 57557
20402 42028
20502 3019
20602 63662
20702 15308
20802 52662
20902 12997
21002 63060
21102 21860
21202 55022
21302 24907
21402 16068
21502 30310
21602 56620
21702 9794
21802 63664
21902 15501
22002 27855
22102 29069
22202 34852
22302 13277
22402 64880
22502 33993
22602 26448
22702 64151
22802 59996
22902 48642
23002 4388
23102 50459
23202 27564
23302 54715
23402 61039
23502 2627
23602 44219
23702 60088
23802 21370
23902 11500
24002 8512
24102 16352
24202 40204
24302 52239
24402 31756
24502 51915
24602 1454
24702 18609
24802 19827
24902 8271
25002 23821
25102 7754
25202 5720
25302 20396
25402 34641
25502 22325
25602 28225
25702 10403
25802 57758
25902 14457
26002 37429
26102 55995
26202 19693
26302 6125
26402 130
26502 64994
26602 29700
26702 23734
26802 787
26902 19391
27002 39873
27102 32173
27202 16338
27302 49875
27402 22861
27502 57026
27602 14430
27702 64714
27802 33208
27902 7909
28002 3018
28102 62732
28202 2352
28302 8880
28402 32075
28502 41774
28602 60049
28702 46277
28802 2317
28902 41733
29002 19007
29102 8487
29202 21011
29302 4599
29402 16983
29502 38178
29602 41555
29702 25031
29802 20719
29902 9456
30002 8959
30102 63659
30202 22324
30302 42238
30402 18098
30502 39781
30602 44887
30702 14502
30802 13921
30902 23457
31002 33560
31102 20598
31202 45262
31302 57293
31402 46501
31502 21373
31602 14006
31702 5674
31802 433
31902 15237
32002 61631
32102 23301
32202 51102
32302 57551
32402 25837
32502 56026
32602 34330
32702 30824
32802 9055
32902 59811
33002 51718
33102 7702
33202 62010
33302 29380
33402 41120
33502 39369
33602 25309
33702 23059
33802 13511
33902 18886
34002 22857
34102 55957
34202 35262
34302 45665
34402 43269
34502 5976
34602 3559
34702 26456
34802 46645
34902 1569
35002 46891
35102 44036
35202 12264
35302 55700
35402 57753
35502 46845
35602 13209
35702 60180
35802 1392
35902 27560
36002 14818
36102 231
36202 28287
36302 44294
36402 19545
36502 38642
36602 8458
36702 43638
36802 22911
36902 34545
37002 47821
37102 48038
37202 5833
37302 31705
37402 16701
37502 16440
37602 63021
37702 23649
37802 14617
37902 31655
38002 14328
38102 55869
38202 54066
38302 42703
38402 20304
38502 12966
38602 8103
38702 50711
38802 14701
38902 37780
39002 39620
39102 14885
39202 37263
39302 13162
39402 38465
39502 39082
39602 50894
39702 63152
39802 40440
39902 245
40002 32657
40102 51884
40202 28613
40302 6205
40402 25434
40502 40770
40602 54483
40702 54979
40802 13752
40902 49578
41002 47810
41102 23136
41202 58490
41302 6059
41402 21501
41502 65007
41602 81
41702 43032
41802 54742
41902 65156
42002 37902
42102 64291
42202 16312
42302 9660
42402 41562
42502 34425
42602 17177
42702 60078
42802 2446
42902 33480
43002 54821
43102 21563
43202 54563
43302 38744
43402 62701
43502 40125
43602 65218
43702 31641
43802 3297
43902 26173
44002 10753
44102 41179
44202 14392
44302 64035
44402 19930
44502 7300
44602 44968
44702 54044
44802 40576
44902 23488
45002 21579
45102 32438
45202 60835
45302 61071
45402 2756
45502 7303
45602 30751
45702 10279
45802 38644
45902 50820
46002 63283
46102 59663
46202 27741
46302 44446
46402 45219
46502 9053
46602 31365
46702 12600
46802 46818
46902 47729
47002 39148
47102 35079
47202 4350
47302 23508
47402 37626
47502 47948
47602 56400
47702 50271
47802 36078
47902 57013
48002 42247
48102 16788
48202 34604
48302 24743
48402 17567
48502 12848
48602 63198
48702 44006
48802 37154
48902 47177
49002 43481
49102 24708
49202 34527
49302 23661
49402 14506
49502 54822
49602 62129
49702 31975
49802 64853
49902 50610
50002 11384
50102 47358
50202 27273
50302 23734
50402 24194
50502 47673
50602 47643
50702 40280
50802 9046
50902 53099
51002 23642
51102 55706
51202 1132
51302 34703
51402 27214
51502 26432
51602 44473
51702 31071
51802 47193
51902 59892
52002 50309
52102 15259
52202 40387
52302 51287
52402 37849
52502 29714
52602 57669
52702 60283
52802 50656
52902 20336
53002 22483
53102 46210
53202 14593
53302 8947
53402 52091
53502 63154
53602 17196
53702 5639
53802 47183
53902 27311
54002 14203
54102 38570
54202 13446
54302 51268
54402 6542
54502 29566
54602 15621
54702 8953
54802 52775
54902 22950
55002 11370
55102 1071
55202 33910
55302 41811
55402 48086
55502 16703
55602 37618
55702 15134
55802 37981
55902 44642
56002 37500
56102 36552
56202 61572
56302 35002
56402 35009
56502 41324
56602 18200
56702 47637
56802 58911
56902 41824
57002 53797
57102 16545
57202 38096
57302 65435
57402 23541
57502 730
57602 34988
57702 10714
57802 8521
57902 21836
58002 20960
58102 44661
58202 8840
58302 54843
58402 42981
58502 46238
58602 64187
58702 11893
58802 28598
58902 42668
59002 23604
59102 46944
59202 35353
59302 24839
59402 19485
59502 3829
59602 15339
59702 27096
59802 57538
59902 36126
60002 4969
60102 35966
60202 46457
60302 51397
60402 35363
60502 56267
60602 28820
60702 50667
60802 5788
60902 21784
61002 5028
61102 26997
61202 44057
61302 36927
61402 63883
61502 43327
61602 27296
61702 14113
61802 2206
61902 60210
62002 47272
62102 38104
62202 10678
62302 32166
62402 46272
62502 26153
62602 23315
62702 4053
62802 2858
62902 31546
63002 47133
63102 25792
63202 35961
63302 5407
63402 57624
63502 32153
63602 44236
63702 24213
63802 17562
63902 34232
64002 12195
64102 54869
64202 48337
64302 7727
64402 61790
64502 40268
64602 410
64702 31275
64802 52598
64902 8887
65002 15755
65102 13049
65202 21264
65302 24186
65402 54414
65502 58103
65602 7887
65702 62345
65802 61065
65902 25030
66002 48043
66102 60542
66202 2185
66302 46138
66402 6441
66502 7371
66602 20978
66702 51468
66802 9543
66902 30614
67002 26015
67102 5211
67202 45663
67302 6004
67402 8788
67502 37204
67602 1064
67702 2059
67802 10042
67902 5836
68002 47423
68102 25439
68202 34518
68302 33257
68402 10050
68502 7838
68602 46053
68702 49010
68802 22065
68902 44930
69002 4705
69102 12183
69202 39028
69302 61814
69402 26221
69502 57435
69602 58035
69702 21271
69802 3504
69902 58581
70002 47738
70102 15408
70202 63856
70302 46065
70402 8469
70502 7230
70602 51175
70702 40251
70802 10060
70902 23658
71002 43019
71102 35779
71202 469
71302 11872
71402 36139
71502 28768
71602 10537
71702 41234
71802 52433
71902 28427
72002 45680
72102 22299
72202 25622
72302 45560
72402 31686
72502 36014
72602 50858
72702 62333
72802 55790
72902 34052
73002 50929
73102 43096
73202 15165
73302 35195
73402 4908
73502 23922
73602 42414
73702 37773
73802 48429
73902 10402
74002 53412
74102 38121
74202 57886
74302 27466
74402 8692
74502 22177
74602 55125
74702 25678
74802 40268
74902 65010
75002 17922
75102 12874
75202 5513
75302 58265
75402 35903
75502 4448
75602 10634
75702 62013
75802 1664
75902 35253
76002 51870
76102 40155
76202 6081
76302 64633
76402 40846
76502 4245
76602 11459
76702 33962
76802 4732
76902 28970
77002 29451
77102 56189
77202 43945
77302 51120
77402 36127
77502 26646
77602 42153
77702 61626
77802 19674
77902 35966
78002 29565
78102 47926
78202 65483
78302 43689
78402 12775
78502 32423
78602 53684
78702 26879
78802 49233
78902 27857
79002 45805
79102 23541
79202 45094
79302 15603
79402 56977
79502 25498
79602 60191
79702 32847
79802 40078
79902 50137
80002 10347
80102 50469
80202 30933
80302 42009
80402 31948
80502 47950
80602 55379
80702 7217
80802 50936
80902 31366
81002 11446
81102 6917
81202 59129
81302 34273
81402 52654
81502 56461
81602 35500
81702 60485
81802 20493
81902 11808
82002 9280
82102 31207
82202 4932
82302 35083
82402 16563
82502 32692
82602 34006
82702 47244
82802 45605
82902 44164
83002 48510
83102 8802
83202 60972
83302 35471
83402 33072
83502 60463
83602 40176
83702 6491
83802 36014
83902 11467
84002 31886
84102 27606
84202 1682
84302 35630
84402 35439
84502 59783
84602 55589
84702 20499
84802 29058
84902 43412
85002 7281
85102 52879
85202 50002
85302 39914
85402 41275
85502 12244
85602 26538
85702 21269
85802 57641
85902 12929
86002 6860
86102 9686
86202 55453
86302 62411
86402 3984
86502 63575
86602 16481
86702 45559
86802 27948
86902 1094
87002 19761
87102 49344
87202 2459
87302 3919
87402 64165
87502 14557
87602 24145
87702 26631
87802 23457
87902 38685
88002 45329
88102 10435
88202 5031
88302 20281
88402 39672
88502 18096
88602 17962
88702 28428
88802 31224
88902 62707
89002 36860
89102 4082
89202 38241
89302 55965
89402 8444
89502 43163
89602 3208
89702 8224
89802 3851
89902 46990
90002 19486
90102 43478
90202 13215
90302 22537
90402 12187
90502 19405
90602 41709
90702 63269
