102 22614
202 19412
302 3258
402 53848
502 10048
602 15075
702 10913
802 14874
902 30154
1002 12166
1102 1366
1202 42910
1302 1036
1402 41173
1502 61742
1602 13638
1702 37602
1802 19214
1902 9601
2002 3814
2102 44033
2202 21456
2302 2574
2402 52988
2502 27487
2602 18068
2702 29062
2802 18369
2902 22297
3002 43854
3102 35673
3202 37884
3302 35184
3402 15997
3502 12401
3602 7467
3702 22995
3802 2439
3902 37581
4002 6045
4102 39004
4202 55358
4302 40154
4402 6468
4502 5005
4602 56073
4702 60433
4802 40439
4902 45939
5002 61538
5102 28748
5202 61854
5302 50985
5402 62777
5502 19701
5602 42626
5702 24984
5802 9195
5902 15823
6002 29564
6102 16642
6202 25750
6302 30476
6402 54594
6502 22717
6602 43715
6702 58778
6802 42210
6902 11547
7002 16831
7102 17947
7202 11273
7302 25473
7402 4719
7502 53909
7602 14567
7702 17165
7802 19890
7902 18325
8002 28146
8102 1131
8202 6609
8302 64244
8402 35091
8502 1757
8602 42831
8702 47366
8802 59025
8902 52197
9002 57718
9102 59325
9202 47889
9302 64064
9402 8941
9502 38155
9602 27850
9702 57094
9802 56696
9902 30563
10002 52606
10102 46497
10202 36313
10302 43222
10402 11746
10502 54875
10602 16311
10702 8760
10802 28245
10902 18492
11002 47925
11102 43536
11202 7622
11302 53419
11402 60288
11502 3821
11602 46709
11702 15839
11802 30355
11902 6097
12002 5897
12102 36259
12202 1474
12302 42316
12402 23651
12502 55028
12602 7284
12702 60678
12802 33375
12902 44890
13002 64642
13102 34123
13202 564
13302 14871
13402 29559
13502 14916
13602 65384
13702 26108
13802 7443
13902 41164
14002 38084
14102 38777
14202 27649
14302 3349
14402 60759
14502 34171
14602 24987
14702 4200
14802 46686
14902 64805
15002 10922
15102 17000
15202 5337
15302 23734
15402 40935
15502 20178
15602 58136
15702 31156
15802 34155
15902 22557
16002 55309
16102 65453
16202 57490
16302 26709
16402 55486
16502 47414
16602 57017
16702 4791
16802 10396
16902 26639
17002 41944
17102 37211
17202 24769
17302 58246
17402 19223
17502 40692
17602 8445
17702 26541
17802 29748
17902 12620
18002 62372
18102 56611
18202 38953
18302 13863
18402 53813
18502 48270
18602 65373
18702 28266
18802 20509
18902 4609
19002 2168
19102 15069
19202 61990
19302 34339
19402 43804
19502 28541
19602 21603
19702 6115
19802 52092
19902 25705
20002 3476
20102 10475
20202 5771
20302 55345
20402 2563
20502 2789
20602 46454
20702 27964
20802 3321
20902 21664
21002 16513
21102 45006
21202 46871
21302 48655
21402 59937
21502 7526
21602 15730
21702 14666
21802 37324
21902 10414
22002 48454
22102 25091
22202 32977
22302 47757
22402 16963
22502 57330
22602 9252
22702 50840
22802 23599
22902 64163
23002 13808
23102 53890
23202 22263
23302 36684
23402 60821
23502 41333
23602 32853
23702 56154
23802 9226
23902 26609
24002 6540
24102 20445
24202 1657
24302 18638
24402 2157
24502 39617
24602 63008
24702 42872
24802 58098
24902 34038
25002 17981
25102 45597
25202 26557
25302 25797
25402 17607
25502 39104
25602 39023
25702 35364
25802 52612
25902 26134
26002 56848
26102 1389
26202 57415
26302 7697
26402 25780
26502 56972
26602 22732
26702 42518
26802 56577
26902 8925
27002 61283
27102 41214
27202 16452
27302 27549
27402 10166
27502 2457
27602 10650
27702 27615
27802 33757
27902 5822
28002 63485
28102 50339
28202 6798
28302 8500
28402 58701
28502 13974
28602 13343
28702 9899
28802 63068
28902 23533
29002 44385
29102 39375
29202 3222
29302 46663
29402 41654
29502 36883
29602 51447
29702 12855
29802 48928
29902 39344
30002 3886
30102 27755
30202 13270
30302 21230
30402 52806
30502 22228
30602 24653
30702 1671
30802 57930
30902 61531
31002 25389
31102 52483
31202 11278
31302 9353
31402 59143
31502 21124
31602 36763
31702 17175
31802 16920
31902 35523
32002 59701
32102 14162
32202 53488
32302 60189
32402 12517
32502 62102
32602 53077
32702 44383
32802 63962
32902 14402
33002 52221
33102 49410
33202 22912
33302 42368
33402 1700
33502 14776
33602 52013
33702 12074
33802 17731
33902 50525
34002 39605
34102 62662
34202 33387
34302 31125
34402 27843
34502 1426
34602 49011
34702 18869
34802 36768
34902 630
35002 42323
35102 1127
35202 25735
35302 36969
35402 60482
35502 11374
35602 11445
35702 44296
35802 18776
35902 28147
36002 7766
36102 36701
36202 6834
36302 23113
36402 4356
36502 60372
36602 43755
36702 10369
36802 25898
36902 58250
37002 43006
37102 55539
37202 13584
37302 1950
37402 49314
37502 7344
37602 21900
37702 55898
37802 32095
37902 46287
38002 47510
38102 20320
38202 12535
38302 36817
38402 39
38502 61842
38602 37609
38702 18988
38802 57828
38902 45075
39002 40221
39102 9854
39202 57570
39302 9574
39402 42472
39502 50562
39602 15041
39702 33921
39802 28390
39902 40871
40002 27925
40102 62018
40202 18480
40302 26386
40402 11389
40502 10143
40602 30902
40702 15297
40802 23462
40902 33458
41002 20732
41102 1265
41202 12740
41302 19508
41402 49051
41502 14463
41602 25482
41702 11536
41802 16518
41902 24095
42002 15148
42102 61040
42202 53395
42302 32023
42402 19629
42502 55454
42602 16124
42702 50926
42802 57949
42902 33176
43002 39961
43102 45877
43202 47264
43302 13812
43402 11905
43502 58326
43602 33626
43702 19021
43802 16345
43902 29737
44002 21598
44102 481
44202 47017
44302 50175
44402 40734
44502 18379
44602 46283
44702 24041
44802 21321
44902 51339
45002 5381
45102 64279
45202 63352
45302 33433
45402 61040
45502 32761
45602 28485
45702 44378
45802 3519
45902 22214
46002 9097
46102 19691
46202 20668
46302 60857
