102 29050
202 33639
302 59872
402 27929
502 61255
602 17685
702 25954
802 37242
902 49253
1002 31180
1102 11759
1202 46278
1302 7406
1402 25565
1502 32995
1602 19271
1702 21641
1802 24042
1902 33935
2002 19399
2102 27486
2202 64321
2302 20644
2402 60931
2502 8676
2602 61508
2702 36235
2802 26273
2902 38651
3002 6302
3102 48650
3202 17449
3302 37866
3402 260
3502 64839
3602 25306
3702 8079
3802 41912
3902 45914
4002 25100
4102 18763
4202 38480
4302 6525
4402 11052
4502 53242
4602 22291
4702 29855
4802 32559
4902 44859
5002 40197
5102 64182
5202 61547
5302 64134
5402 12063
5502 9342
5602 46533
5702 32422
5802 61377
5902 64305
6002 57346
6102 64415
6202 47569
6302 14932
6402 15737
6502 41443
6602 46856
6702 30243
6802 50466
6902 45739
7002 6915
7102 10548
7202 49338
7302 26528
7402 39658
7502 49002
7602 35772
7702 8230
7802 4854
7902 22353
8002 23155
8102 42859
8202 16164
8302 50676
8402 56063
8502 54508
8602 52373
8702 41695
8802 21125
8902 23092
9002 33976
9102 25932
9202 1842
9302 32982
9402 35755
9502 30401
9602 18405
9702 22513
9802 31764
9902 46443
10002 27357
10102 42372
10202 37313
10302 64735
10402 51912
10502 17502
10602 34454
10702 20362
10802 63324
10902 39452
11002 24349
11102 50791
11202 60793
11302 34917
11402 46462
11502 27959
11602 14400
11702 17748
11802 11453
11902 5349
12002 48204
12102 31063
12202 49110
12302 36783
12402 46337
12502 30212
12602 56165
12702 33349
12802 31127
12902 40889
13002 33900
13102 50545
13202 32635
13302 15199
13402 27543
13502 7616
13602 2058
13702 19300
13802 61827
13902 16638
14002 2374
14102 34097
14202 49401
14302 50393
14402 54604
14502 52400
14602 4103
14702 39108
14802 63552
14902 41554
15002 11316
15102 18552
15202 974
15302 44355
15402 4473
15502 47942
15602 29656
15702 11533
15802 21299
15902 28216
16002 30868
16102 24111
16202 60245
16302 64998
16402 48121
16502 20255
16602 17191
16702 13331
16802 2575
16902 59101
17002 37795
17102 39340
17202 19957
17302 24710
17402 23532
17502 38477
17602 61274
17702 47994
17802 22670
17902 18677
18002 52809
18102 9853
18202 3164
18302 39791
18402 58372
18502 11475
18602 844
18702 48928
18802 22799
18902 48512
19002 48755
19102 9373
19202 48549
19302 2713
19402 609
19502 17008
19602 55853
19702 23679
19802 34724
19902 51805
20002 56775
20102 27330
20202 27991
20302 14506
20402 3500
20502 8484
20602 28122
20702 35647
20802 37409
20902 52006
21002 16306
21102 57429
21202 60624
21302 52389
21402 8967
21502 6778
21602 42248
21702 4133
21802 1489
21902 33280
22002 55663
22102 10234
22202 41502
22302 65020
22402 17611
22502 62791
22602 31208
22702 21818
22802 32416
22902 22715
23002 8208
23102 60272
23202 43229
23302 8697
23402 36276
23502 64040
23602 271
23702 35233
23802 50486
23902 32509
24002 29215
24102 13255
24202 37881
24302 52288
24402 57416
24502 20951
24602 61015
24702 49692
24802 6547
24902 49511
25002 393
25102 4193
25202 31648
25302 34835
25402 39282
25502 13328
25602 45895
25702 23901
25802 36505
25902 60534
26002 5749
26102 32817
26202 5727
26302 15590
26402 35590
26502 55306
26602 63181
26702 37572
26802 9439
26902 7567
27002 11880
27102 26438
27202 40382
27302 7807
27402 34347
27502 14829
27602 53547
27702 5073
27802 22152
27902 46459
28002 33721
28102 8284
28202 4252
28302 53496
28402 6582
28502 55157
28602 63682
28702 41710
28802 26771
28902 32053
29002 5650
29102 45566
29202 27731
29302 58490
29402 32691
29502 27525
29602 16346
29702 59486
29802 22490
29902 56985
30002 8078
30102 61239
30202 23841
30302 19278
30402 54897
30502 8619
30602 45773
30702 11550
30802 43786
30902 23560
31002 65416
31102 46049
31202 63762
31302 23717
31402 25901
31502 53696
31602 40424
31702 62352
31802 12167
31902 36047
32002 62431
32102 24549
32202 3673
32302 40028
32402 11212
32502 28967
32602 41925
32702 17188
32802 42570
32902 13228
33002 1257
33102 54619
33202 25179
33302 55877
33402 51375
33502 44923
33602 5292
33702 36037
33802 31987
33902 23056
34002 58498
34102 9732
34202 50405
34302 2074
34402 41837
34502 30096
