102 17969
202 6489
302 25632
402 55513
502 41790
602 22603
702 39596
802 14517
902 17366
1002 60
1102 14805
1202 35217
1302 36705
1402 46053
1502 64721
1602 13185
1702 55500
1802 18053
1902 48116
2002 2821
2102 10133
2202 9269
2302 61581
2402 33317
2502 21535
2602 30040
2702 3003
2802 50285
2902 27165
3002 13922
3102 47665
3202 42591
3302 4969
3402 2433
3502 18647
3602 5717
3702 6606
3802 11983
3902 3841
4002 41470
4102 61010
4202 64695
4302 38481
4402 58529
4502 41103
4602 50212
4702 12344
4802 12838
4902 4914
5002 28336
5102 12999
5202 44415
5302 32591
5402 27101
5502 63405
5602 8881
5702 23993
5802 40536
5902 7200
6002 18513
6102 63344
6202 17913
6302 21657
6402 11801
6502 16788
6602 58357
6702 9445
6802 10339
6902 63989
7002 59957
7102 28042
7202 38270
7302 23347
7402 47270
7502 3235
7602 18519
7702 26273
7802 22052
7902 49216
8002 25017
8102 23610
8202 53049
8302 10847
8402 39914
8502 15060
8602 32110
8702 52396
8802 18121
8902 29202
9002 17349
9102 14987
9202 38687
9302 17511
9402 41028
9502 64666
9602 34547
9702 50235
9802 25617
9902 14794
10002 28991
10102 31040
10202 15571
10302 28220
10402 37836
10502 14991
10602 40204
10702 32079
10802 58854
10902 32509
11002 64469
11102 55893
11202 10381
11302 45799
11402 49352
11502 44077
11602 12006
11702 50820
11802 38899
11902 5062
12002 64083
12102 52575
12202 51023
12302 56735
12402 391
12502 56077
12602 45947
12702 44095
12802 63649
12902 49384
13002 26765
13102 64167
13202 56507
13302 42365
13402 43911
13502 11436
13602 59466
13702 30049
13802 19153
13902 24553
14002 36
14102 33301
14202 52024
14302 28356
14402 33714
14502 61210
14602 60626
14702 64830
14802 24177
14902 21262
15002 6658
15102 11410
15202 5666
15302 9421
15402 34385
15502 32108
15602 15623
15702 58870
15802 29518
15902 57120
16002 33198
16102 29470
16202 54874
16302 43010
16402 24394
16502 53481
16602 11426
16702 12883
16802 57809
16902 29555
17002 38571
17102 3887
17202 11269
17302 34173
17402 25171
17502 6479
17602 12872
17702 35950
17802 47273
17902 21346
18002 28575
18102 10763
18202 25831
18302 31106
18402 39152
18502 55200
18602 14396
18702 43076
18802 52373
18902 54459
19002 4219
19102 14944
19202 53250
19302 57582
19402 12096
19502 23551
19602 33138
19702 40974
19802 42278
19902 48548
20002 1272
20102 54485
20202 60264
20302 33134
20402 42853
20502 24277
20602 40634
20702 14490
20802 41024
20902 40427
21002 11806
21102 48845
21202 12557
21302 51567
21402 54656
21502 9385
21602 41424
21702 16
21802 45644
21902 39654
22002 27236
22102 59738
22202 7146
22302 650
22402 62425
22502 36796
22602 5040
22702 3421
22802 51797
22902 64711
23002 54821
23102 13654
23202 16580
23302 19193
23402 15190
23502 48985
23602 37946
23702 51868
23802 6601
23902 49806
24002 53828
24102 39448
24202 23616
24302 32743
24402 16534
24502 9791
24602 48523
24702 56154
24802 36367
24902 1612
25002 7228
25102 2357
25202 8057
25302 30846
25402 33921
25502 319
25602 58790
25702 11233
25802 7277
25902 9190
26002 32463
26102 6131
26202 61030
26302 10866
26402 13703
26502 57310
26602 51299
26702 1423
26802 29574
26902 38534
27002 54689
27102 59348
27202 11381
27302 49721
27402 41852
27502 17541
27602 18428
27702 56562
27802 18369
27902 5903
28002 14346
28102 13577
28202 47841
28302 24893
28402 31680
28502 54453
28602 44788
28702 38742
28802 17863
28902 64219
29002 21285
29102 21640
29202 24515
29302 22015
29402 64439
29502 56544
29602 45206
29702 36173
29802 32437
29902 54270
30002 37664
30102 34561
30202 4578
30302 43597
30402 63954
30502 25343
30602 56795
30702 48559
