102 58212
202 501
302 42420
402 49426
502 46697
602 63893
702 16185
802 981
902 65369
1002 32194
1102 8023
1202 20425
1302 152
1402 52102
1502 56454
1602 38065
1702 14059
1802 53603
1902 6512
2002 3578
2102 13108
2202 44326
2302 26254
2402 7401
2502 45357
2602 11815
2702 25803
2802 49349
2902 53869
3002 6702
3102 13699
3202 20570
3302 32317
3402 17004
3502 33133
3602 34778
3702 45786
3802 3086
3902 14564
4002 9648
4102 24771
4202 45724
4302 19393
4402 14754
4502 39026
4602 55348
4702 35132
4802 58070
4902 42502
5002 64253
5102 37697
5202 39046
5302 33115
5402 47934
5502 13509
5602 15558
5702 35513
5802 44101
5902 45771
6002 44344
6102 59620
6202 28419
6302 19294
6402 55996
6502 61748
6602 12173
6702 32104
6802 54405
6902 2286
7002 41186
7102 27472
7202 45952
7302 45745
7402 60100
7502 7895
7602 25637
7702 11485
7802 34352
7902 11303
8002 62891
8102 41401
8202 21233
8302 20789
8402 41985
8502 24222
8602 27313
8702 27561
8802 27052
8902 48755
9002 28617
9102 57706
9202 54181
9302 26438
9402 35100
9502 61140
9602 63670
9702 12230
9802 62469
9902 11396
10002 29885
10102 12562
10202 56374
10302 51188
10402 25429
10502 57492
10602 53511
10702 33754
10802 8118
10902 20389
11002 47689
11102 11546
11202 39069
11302 61067
11402 16816
11502 13137
11602 34435
11702 38944
11802 45404
11902 47981
12002 36317
12102 33752
12202 25176
12302 40072
12402 54675
12502 8533
12602 29120
12702 54048
12802 45175
12902 6219
13002 24404
13102 43082
13202 32162
13302 6002
13402 50908
13502 34354
13602 163
13702 250
13802 39810
13902 65474
14002 52252
14102 17732
14202 19519
14302 17661
14402 9102
14502 57974
14602 33375
14702 58559
14802 54083
14902 35725
15002 22395
15102 63040
15202 28825
15302 28520
15402 41208
15502 56792
15602 53200
15702 17388
15802 53865
15902 60298
16002 43380
16102 3470
16202 41789
16302 65213
16402 28420
16502 65457
16602 38789
16702 32449
16802 34971
16902 18383
17002 14931
17102 47342
17202 38337
17302 21716
17402 54202
17502 48525
17602 23633
17702 29049
17802 26525
17902 48424
18002 29014
18102 32567
18202 54850
18302 8668
18402 32120
18502 28654
18602 41483
18702 45431
18802 34564
18902 37543
19002 52982
19102 45749
19202 23020
19302 33452
19402 42055
19502 7055
19602 24907
19702 4838
19802 51648
19902 54448
20002 25496
20102 55530
20202 43615
20302 55692
20402 12059
20502 61247
20602 45056
20702 8492
20802 5493
20902 20176
21002 34256
21102 2684
21202 12524
21302 4450
21402 59552
21502 33208
21602 52085
21702 19630
21802 64318
21902 37748
22002 32946
22102 37519
22202 49222
22302 21209
22402 37459
22502 39454
22602 55551
22702 2822
22802 28927
22902 36386
23002 41645
23102 30163
23202 7714
23302 63021
23402 60835
23502 59529
23602 41146
23702 6319
23802 38425
23902 37146
24002 53572
24102 25266
24202 4888
24302 33414
24402 11706
24502 994
24602 7195
24702 35284
24802 43690
24902 38504
25002 18616
25102 23983
25202 7488
25302 53539
25402 48695
25502 44892
25602 717
25702 31622
25802 2364
25902 21563
26002 48116
26102 33446
26202 16222
26302 38044
26402 3415
26502 45967
26602 13459
26702 8428
26802 14887
26902 28056
27002 45634
27102 21297
27202 25941
27302 11847
27402 38646
27502 35608
27602 5408
27702 34088
27802 13393
27902 50448
28002 38980
28102 36744
28202 41383
28302 48814
28402 19306
28502 49714
28602 32202
28702 62274
28802 32576
28902 6920
29002 30653
29102 39341
29202 52882
29302 21411
29402 22550
29502 273
29602 43464
29702 2854
29802 10226
29902 4568
30002 65108
30102 25797
30202 508
30302 45733
30402 16425
30502 187
30602 57892
30702 8262
30802 39463
30902 58628
31002 60543
31102 53508
31202 34629
31302 25288
31402 6171
31502 27234
31602 59995
31702 65430
31802 42135
31902 64791
32002 52106
32102 39865
32202 39387
32302 20802
32402 8
32502 22999
32602 46371
32702 22830
32802 16790
32902 46034
33002 7823
33102 7519
33202 26324
33302 27631
33402 48326
33502 30143
33602 21966
33702 53943
33802 41395
33902 55718
34002 49668
34102 46103
34202 47335
34302 4646
34402 33263
34502 23819
34602 38403
34702 58768
34802 25959
34902 42219
35002 41125
35102 24885
35202 35471
35302 586
35402 9439
35502 18089
35602 39442
35702 3066
35802 28149
35902 5092
36002 21938
36102 17442
36202 65453
36302 13663
36402 60553
36502 24281
36602 43669
36702 34873
36802 5992
36902 11452
37002 15902
37102 4349
37202 29790
37302 5731
37402 22550
37502 65206
37602 65042
37702 11751
37802 48730
37902 2577
38002 8792
38102 31778
38202 4661
38302 8589
38402 40469
38502 42502
38602 10176
38702 39948
38802 30239
38902 64052
39002 5688
39102 18645
39202 30657
39302 60842
39402 42236
39502 15443
39602 8741
39702 37752
39802 26245
39902 33230
40002 58419
40102 24297
40202 44180
40302 47251
40402 55244
40502 33155
40602 51419
40702 2061
40802 6769
40902 24473
41002 47021
41102 63146
41202 752
41302 47764
41402 24322
41502 27870
41602 40835
41702 43276
41802 56930
41902 810
42002 41973
42102 63862
42202 30489
42302 26426
42402 39719
42502 31617
42602 47524
42702 23381
42802 64748
42902 31626
43002 9090
43102 22659
43202 5667
43302 43745
43402 42933
43502 34863
43602 60798
43702 62999
43802 33713
43902 31129
44002 59169
44102 29339
44202 63987
44302 31014
44402 2728
44502 36038
44602 17686
44702 40245
44802 24350
44902 62966
45002 52640
45102 24382
45202 53820
45302 2215
45402 19118
45502 52954
45602 50075
45702 14260
45802 14056
45902 40892
46002 33313
46102 57450
46202 4645
46302 16276
46402 28010
46502 18100
46602 9115
46702 58556
46802 47422
46902 54194
47002 34805
47102 21533
47202 37890
47302 1352
47402 56827
47502 51799
47602 7900
47702 61611
47802 29164
47902 46126
48002 22981
48102 64518
48202 1237
48302 59362
48402 63901
48502 2641
48602 18884
48702 58965
48802 63019
48902 53317
49002 28936
49102 39689
49202 27926
49302 54316
49402 46114
49502 7120
49602 3172
49702 14565
49802 27920
49902 7796
50002 62273
50102 63079
50202 158
50302 6895
50402 16653
50502 57105
50602 24435
50702 42797
50802 7722
50902 10847
51002 7618
51102 46837
51202 18314
51302 25654
51402 48676
51502 34611
51602 21389
51702 64296
51802 63219
51902 746
52002 56349
52102 32423
52202 25498
52302 50321
52402 22721
52502 31737
52602 51621
52702 19639
52802 36766
52902 16240
53002 42275
53102 45569
53202 11258
53302 28719
53402 9789
53502 30767
53602 11432
53702 20999
53802 40636
53902 32669
54002 54339
54102 5511
54202 57497
54302 45894
54402 31917
54502 59349
54602 17627
54702 60734
54802 65056
54902 56434
55002 46468
55102 4281
55202 57730
55302 56889
55402 5040
55502 36920
55602 64264
55702 27944
55802 11134
55902 20602
56002 36099
56102 39653
56202 3535
56302 52527
56402 20960
56502 9425
56602 48940
56702 47199
56802 47658
56902 34235
57002 6189
57102 13136
57202 2122
57302 60184
57402 10616
57502 11936
57602 50922
57702 53125
57802 51205
57902 56835
58002 14697
58102 11723
58202 23503
58302 63302
58402 10069
58502 8988
58602 50521
58702 2100
58802 12323
58902 59038
59002 8198
59102 58476
59202 64062
59302 11041
59402 974
59502 27187
59602 8470
59702 23214
59802 12059
59902 48082
60002 8493
60102 64424
60202 55406
60302 8786
60402 50430
60502 33793
60602 33175
60702 12472
60802 35836
60902 46792
61002 24282
61102 4958
61202 33763
61302 64750
61402 62696
61502 62066
61602 18955
61702 54086
61802 20332
61902 28491
62002 38226
62102 5474
62202 55626
62302 5004
62402 30180
62502 50017
62602 31755
62702 1193
62802 48869
62902 34031
63002 40567
63102 38015
63202 35830
63302 35946
63402 38622
63502 49803
63602 42001
63702 42706
63802 40847
63902 25950
64002 35254
64102 46543
64202 12119
64302 31246
64402 26969
64502 22048
64602 10637
64702 40591
64802 43956
64902 64837
65002 7158
65102 18762
65202 53515
65302 28545
65402 37482
65502 58909
65602 9231
65702 20695
65802 1475
65902 31905
66002 58486
66102 20402
66202 778
66302 57092
66402 6079
66502 26884
66602 37088
66702 56469
66802 14141
66902 16026
67002 50026
67102 9500
67202 21764
67302 59986
67402 45839
67502 45872
67602 17348
67702 45230
67802 62756
67902 18188
68002 25156
68102 16842
68202 10627
68302 42453
68402 39819
68502 33745
68602 47085
68702 23262
68802 58365
68902 55182
69002 11997
69102 52649
69202 11776
69302 2329
69402 205
69502 13023
69602 42915
69702 62802
69802 58553
69902 62138
70002 36238
70102 5372
70202 13852
70302 44682
70402 18455
70502 14688
70602 43765
70702 3929
70802 48671
70902 13903
71002 59719
71102 48144
71202 61139
71302 62619
71402 6839
71502 24924
71602 27033
71702 34623
71802 40700
71902 32499
72002 2827
72102 64186
72202 22239
72302 46309
72402 30972
72502 42686
72602 24942
72702 61815
72802 30054
72902 3289
73002 1968
73102 34307
73202 24270
73302 31134
73402 14848
73502 9051
73602 62059
73702 11029
73802 63566
73902 54443
74002 52089
74102 13414
74202 39029
74302 61570
74402 21594
74502 7003
74602 45701
74702 31945
74802 21740
74902 56978
75002 10004
75102 24743
75202 7753
75302 6583
75402 58469
75502 4988
75602 38166
75702 5663
75802 17499
75902 626
76002 59919
76102 41214
76202 10319
76302 49471
76402 13345
76502 33451
76602 59091
76702 58215
76802 24486
76902 64240
77002 62120
77102 5257
77202 41078
77302 43926
77402 5858
77502 29095
77602 30218
77702 54110
77802 27811
77902 56708
78002 58176
78102 39884
78202 14159
78302 42573
78402 27448
78502 53582
78602 43737
78702 19965
78802 32567
78902 2808
79002 12575
79102 36459
79202 53284
79302 1966
79402 42119
79502 13817
79602 28907
79702 49856
79802 7947
79902 61322
80002 29509
80102 45109
80202 23641
80302 51328
80402 13004
80502 60533
80602 5347
80702 62294
80802 59256
80902 3707
81002 45531
81102 26611
81202 9942
81302 17573
81402 15603
81502 10981
81602 15130
81702 44686
81802 6224
81902 46884
82002 21791
82102 41715
82202 7081
82302 45766
82402 55854
82502 19402
82602 58269
82702 12607
82802 52503
82902 64461
83002 20638
83102 38745
83202 14267
83302 13140
83402 32677
83502 62913
83602 57559
83702 26480
83802 50287
83902 48318
84002 12632
84102 62192
84202 39503
84302 34061
84402 39541
84502 156
84602 20848
84702 57991
84802 20347
84902 14273
85002 20218
85102 21624
85202 48689
85302 19080
85402 64349
85502 16776
85602 19697
85702 43372
85802 17848
85902 59533
86002 21657
86102 46173
86202 48911
86302 25959
86402 53569
86502 64482
86602 12696
86702 45031
86802 17937
86902 33954
87002 42740
87102 18644
87202 57012
87302 42235
87402 24612
87502 43464
87602 61089
87702 31744
87802 50875
87902 20995
88002 24901
88102 42700
88202 35491
88302 15724
88402 1841
88502 15402
88602 46173
88702 2018
88802 49133
88902 1605
89002 8486
89102 56385
89202 27591
89302 53520
89402 20967
89502 11360
89602 19936
89702 14875
89802 5441
89902 7569
90002 38464
90102 26797
