102 40402
202 35156
302 9513
402 13332
502 54305
602 20374
702 23396
802 47791
902 49727
1002 1127
1102 52662
1202 52999
1302 40631
1402 28282
1502 12285
1602 29516
1702 42263
1802 41764
1902 24432
2002 42136
2102 627
2202 37491
2302 18324
2402 42760
2502 50867
2602 20595
2702 50796
2802 39388
2902 44039
3002 31296
3102 13812
3202 63410
3302 49239
3402 49486
3502 35209
3602 28364
3702 17447
3802 35668
3902 27980
4002 30970
4102 13611
4202 26458
4302 8030
4402 57649
4502 1597
4602 63608
4702 10090
4802 8070
4902 54682
5002 20983
5102 45895
5202 14684
5302 29700
5402 62807
5502 43015
5602 33531
5702 924
5802 14571
5902 38607
6002 30569
6102 1905
6202 38878
6302 28598
6402 29715
6502 39073
6602 19309
6702 35785
6802 64670
6902 33854
7002 60878
7102 16307
7202 56381
7302 56052
7402 49770
7502 22369
7602 23417
7702 40986
7802 28947
7902 18038
8002 48618
8102 37658
8202 22699
8302 13217
8402 36683
8502 10710
8602 41202
8702 53211
8802 45156
8902 17423
9002 3335
9102 60630
9202 259
9302 49105
9402 33880
9502 31835
9602 5287
9702 5188
9802 35882
9902 32914
10002 65126
10102 49295
10202 47246
10302 9767
10402 17219
10502 30252
10602 30476
10702 35071
10802 16628
10902 25309
11002 14011
11102 19680
11202 38043
11302 62145
11402 16933
11502 23995
11602 46207
11702 26777
11802 25669
11902 54410
12002 45249
12102 17363
12202 54401
12302 61577
12402 16927
12502 883
12602 6969
12702 27567
12802 9874
12902 29555
13002 10620
13102 47753
13202 1356
13302 60966
13402 45647
13502 44882
13602 12019
13702 7461
13802 46919
13902 45074
14002 27722
14102 53254
14202 52358
14302 30325
14402 42419
14502 8535
14602 59878
14702 31349
14802 49321
14902 2554
15002 25467
15102 49734
15202 48180
15302 9691
15402 27469
15502 39660
15602 33301
15702 6608
15802 13686
15902 24851
16002 16349
16102 49833
16202 22768
16302 19686
16402 44470
16502 14554
16602 62027
16702 2563
16802 4472
16902 10664
17002 27973
17102 17817
17202 17856
17302 54847
17402 38926
17502 51763
17602 8940
17702 63556
17802 8450
17902 9462
18002 44164
18102 46962
18202 58783
18302 43239
18402 13880
18502 12932
18602 40455
18702 4846
18802 20914
18902 22170
19002 22330
19102 4210
19202 12687
19302 37401
19402 57730
19502 52393
19602 134
19702 37015
19802 46113
19902 48044
20002 7570
20102 63282
20202 32630
20302 30436
20402 37424
20502 39186
20602 55409
20702 3723
20802 1795
20902 52345
21002 18989
21102 39293
21202 29958
21302 4563
21402 3675
21502 30769
21602 57653
21702 32675
21802 30446
21902 16858
22002 63126
22102 9943
22202 53603
22302 25912
22402 44440
22502 42377
22602 27170
22702 28120
22802 3943
22902 18307
23002 53862
23102 31967
23202 55758
23302 23038
23402 27457
23502 59152
23602 185
23702 61654
23802 61986
23902 44371
24002 36266
24102 57023
24202 39543
24302 18226
24402 17586
24502 24601
24602 54702
24702 18092
24802 2687
24902 34053
25002 6085
25102 33784
25202 50110
25302 37363
25402 39842
25502 20960
25602 30094
25702 10106
25802 7601
25902 20429
26002 51466
26102 19189
26202 32952
26302 12468
26402 20835
26502 42380
26602 11434
26702 31087
26802 10771
26902 11468
27002 25990
27102 64532
27202 24376
27302 7239
27402 17885
27502 48571
27602 12765
27702 47911
27802 18305
27902 56481
28002 44699
28102 54184
28202 53817
28302 53546
28402 59049
28502 47137
28602 30801
28702 63697
28802 59514
28902 63489
29002 63746
29102 19920
29202 17963
29302 36023
29402 13125
29502 9808
29602 5753
29702 10477
29802 10873
29902 30654
30002 53920
30102 2431
30202 60564
30302 5857
30402 11952
30502 32379
30602 11686
30702 2610
30802 45538
30902 4324
31002 64097
31102 50639
31202 64572
31302 2073
31402 52345
31502 5477
31602 10023
31702 41318
31802 35346
31902 56760
32002 30286
32102 41962
32202 59687
32302 42646
32402 39420
32502 33799
32602 9435
32702 19587
32802 31802
32902 40303
33002 7362
33102 27333
33202 37343
33302 21374
33402 51353
33502 40195
33602 64438
33702 48354
33802 36838
33902 53459
34002 13416
34102 5293
34202 7379
34302 27847
34402 44563
34502 28534
34602 33267
34702 6183
34802 42176
34902 33557
35002 59707
35102 41447
35202 25641
35302 56244
35402 53116
35502 17871
35602 10600
35702 13974
35802 24114
35902 52784
36002 59031
36102 43546
36202 36254
36302 41515
36402 34793
36502 57553
36602 46522
36702 14144
36802 54328
36902 45003
37002 773
37102 24955
37202 42392
37302 63339
37402 35277
37502 18038
37602 46129
37702 20815
37802 4588
37902 13433
38002 55261
38102 33834
38202 13426
38302 9025
38402 44986
38502 23969
38602 5402
38702 58091
38802 15230
38902 38726
39002 12086
39102 58797
39202 29258
39302 43583
39402 62576
39502 63514
39602 9111
39702 64449
39802 2112
39902 7309
40002 59031
40102 48285
40202 27366
40302 47294
40402 30019
40502 60986
40602 27286
40702 8007
40802 48487
40902 63249
41002 4174
41102 22998
41202 45343
41302 6503
41402 30321
41502 15240
41602 37194
41702 6181
41802 6701
41902 51361
42002 15647
42102 55714
42202 47240
42302 8420
42402 40408
42502 38406
42602 36059
42702 17814
42802 49273
42902 57819
43002 64975
43102 37228
43202 25354
43302 54676
43402 34198
43502 24404
43602 29784
43702 61466
43802 6529
43902 53564
44002 14474
44102 55374
44202 12312
44302 5546
44402 25687
44502 3261
44602 59591
44702 64573
44802 55852
44902 45941
45002 22251
45102 29743
45202 24277
45302 35589
45402 12100
45502 44396
45602 55447
45702 35818
45802 10004
45902 60754
46002 23144
46102 2862
46202 21554
46302 27159
46402 17844
46502 53921
46602 15633
46702 21272
46802 10229
46902 12736
47002 14165
47102 63252
47202 4621
47302 35650
47402 40008
47502 7894
47602 29684
47702 25558
47802 24042
47902 13478
48002 23345
48102 42079
48202 57928
48302 24950
48402 49437
48502 30770
48602 8570
48702 45358
48802 42509
48902 41655
49002 1158
49102 53016
49202 44538
49302 22523
49402 51789
49502 18194
49602 31577
49702 9320
49802 7525
49902 32192
50002 46625
50102 32519
50202 56700
50302 27747
50402 11428
50502 20735
50602 10653
50702 29200
50802 32665
50902 9647
51002 5445
51102 62986
51202 18853
51302 4889
51402 28894
51502 29500
51602 53821
51702 37949
51802 1400
51902 45128
52002 19154
52102 33229
52202 13235
52302 63256
52402 40487
52502 57458
52602 56034
52702 1929
52802 13750
52902 35223
53002 51456
53102 28594
53202 12546
53302 48277
53402 6889
53502 26588
53602 57864
53702 61326
53802 18286
53902 29791
54002 42192
54102 59704
54202 11954
54302 52491
54402 56469
54502 16696
54602 58954
54702 32724
54802 47399
54902 34216
55002 55975
55102 10155
55202 16848
55302 39245
55402 23624
55502 908
55602 64683
55702 10042
55802 22451
55902 6655
56002 43713
56102 33279
56202 42639
56302 4193
56402 45771
56502 33234
56602 59524
56702 53329
56802 51492
56902 27067
57002 61333
57102 53027
57202 4461
57302 21427
57402 55039
57502 51957
57602 36119
57702 19016
57802 40033
57902 43273
58002 60973
58102 59110
58202 44331
58302 65147
58402 28962
58502 29404
58602 19927
58702 60204
58802 9579
58902 33149
59002 31682
59102 37801
59202 50668
59302 19384
59402 52714
59502 6752
59602 57911
59702 17425
59802 24999
59902 41475
60002 44921
60102 32041
60202 4532
60302 33603
60402 30254
60502 47210
60602 5418
60702 29783
60802 24647
60902 26451
61002 27417
61102 54450
61202 10482
61302 54523
61402 59085
61502 16093
61602 57220
61702 34358
61802 26927
61902 11132
62002 48103
62102 62785
62202 10226
62302 8694
62402 30827
62502 41393
62602 29286
62702 35561
62802 36089
62902 47663
63002 41475
63102 14712
63202 10910
63302 2403
63402 30476
63502 538
63602 21975
63702 52256
63802 61483
63902 60456
64002 14525
64102 47033
64202 28609
64302 26977
64402 64936
64502 59374
64602 26462
64702 46639
64802 64104
64902 28545
65002 29811
65102 3659
65202 4250
65302 9186
65402 30832
65502 5296
65602 9303
65702 49113
65802 27694
65902 50635
66002 31980
66102 4574
66202 27568
66302 44678
66402 56266
66502 25742
66602 49582
66702 34400
66802 11513
66902 38437
67002 27000
67102 30957
67202 4149
67302 3422
67402 23189
67502 24686
67602 11868
67702 31707
67802 36058
67902 7093
68002 16830
68102 40600
68202 38410
68302 27576
68402 8082
68502 1595
68602 58163
68702 51031
68802 1023
68902 59314
69002 51055
69102 31381
69202 6007
69302 15577
69402 20456
69502 63293
69602 31716
69702 20105
69802 18388
69902 65408
70002 12571
70102 59756
70202 1691
70302 31631
70402 58585
70502 35304
70602 4979
70702 37567
70802 56400
70902 30833
71002 29128
71102 38613
71202 22686
71302 22549
71402 30449
71502 50635
71602 58463
71702 45456
71802 27401
71902 47293
72002 36693
72102 27848
72202 39371
72302 37303
72402 41687
72502 57214
72602 1502
72702 44139
72802 34198
72902 47462
73002 10132
73102 65154
73202 28506
73302 911
73402 34592
73502 42799
73602 46951
73702 8276
73802 9559
73902 48963
74002 20807
74102 63860
74202 34166
74302 21510
74402 36919
74502 12139
74602 62272
74702 57051
74802 17238
74902 22117
75002 28536
75102 18511
75202 33142
75302 32084
75402 10000
75502 20397
75602 22094
75702 63542
75802 10297
75902 32836
76002 13644
76102 11956
76202 44982
76302 52191
76402 14607
76502 34225
76602 21888
76702 53580
76802 53985
76902 47476
77002 51872
77102 64065
77202 59141
77302 17577
77402 63386
77502 63309
77602 46916
77702 40436
77802 31545
77902 32082
78002 8930
78102 42967
78202 25433
78302 28434
78402 45398
78502 38755
78602 49876
78702 32817
78802 50598
78902 57418
79002 52010
79102 38480
79202 41079
79302 1189
79402 36407
79502 54159
79602 40528
79702 3470
79802 11065
79902 2177
80002 8544
80102 60174
80202 13350
80302 6605
80402 63915
80502 40166
80602 37307
80702 33310
80802 30646
80902 15624
81002 29437
81102 13417
81202 23833
81302 7268
81402 13798
81502 56630
81602 39935
81702 59563
81802 7956
81902 8113
82002 2053
82102 47396
82202 12154
82302 25255
82402 61605
82502 16994
82602 29306
82702 55297
82802 61267
82902 50798
83002 9053
83102 14427
83202 23848
83302 24065
83402 28552
83502 24170
83602 3815
83702 51090
83802 6262
83902 47820
84002 8270
84102 38588
84202 12074
84302 13835
84402 8138
84502 25262
84602 59723
84702 23426
84802 4934
84902 2666
85002 17061
85102 58400
85202 14907
85302 28088
85402 18038
85502 14549
85602 23536
85702 61594
85802 57192
85902 26293
86002 23296
86102 12490
86202 30388
86302 49541
86402 24765
86502 32709
86602 55059
86702 9025
86802 26150
86902 49859
87002 9796
87102 54566
87202 27649
87302 63707
87402 20586
87502 470
87602 39679
87702 10199
87802 17915
87902 51063
88002 47093
88102 25608
88202 18709
88302 5032
88402 26438
88502 12952
88602 45664
88702 5636
88802 13509
88902 374
89002 26911
89102 28584
89202 6293
89302 13581
89402 16067
89502 3022
89602 32966
89702 51770
89802 57520
89902 26476
90002 7211
90102 4505
