102 17969
202 35475
302 3021
402 60653
502 57670
602 30337
702 48073
802 8081
902 63722
1002 34193
1102 57495
1202 35630
1302 50465
1402 24248
1502 44759
1602 29806
1702 33648
1802 23978
1902 62607
2002 42252
2102 60159
2202 61805
2302 63878
2402 41676
2502 9145
2602 28803
2702 20045
2802 51176
2902 47846
3002 19879
3102 24848
3202 58833
3302 47323
3402 24332
3502 56904
3602 4638
3702 43759
3802 18072
3902 2510
4002 37793
4102 42928
4202 47087
4302 20996
4402 61714
4502 26352
4602 6037
4702 61454
4802 49972
4902 13159
5002 22657
5102 40486
5202 6541
5302 30443
5402 18692
5502 57786
5602 43444
5702 5414
5802 7976
5902 64351
6002 47111
6102 12809
6202 17150
6302 20751
6402 7437
6502 25249
6602 50993
6702 29977
6802 10495
6902 15858
7002 6528
7102 49366
7202 34319
7302 6046
7402 2708
7502 13428
7602 58961
7702 49163
7802 11789
7902 24792
8002 42266
8102 33052
8202 33523
8302 9317
8402 23737
8502 38513
8602 63663
8702 18006
8802 3662
8902 738
9002 37609
9102 65344
9202 50168
9302 43396
9402 16890
9502 27218
9602 6708
9702 50165
9802 14202
9902 57194
10002 9358
10102 54516
10202 33806
10302 53654
10402 47138
10502 46430
10602 34750
10702 11579
10802 52792
10902 44830
11002 35018
11102 22301
11202 52191
11302 59255
11402 22941
11502 7207
11602 23348
11702 2694
11802 3095
11902 10073
12002 55806
12102 2135
12202 65044
12302 54030
12402 8735
12502 38303
12602 1669
12702 48310
12802 38676
12902 55112
13002 56595
13102 22517
13202 64476
13302 41626
13402 56366
13502 46457
13602 40222
13702 8430
13802 56123
13902 13798
14002 44463
14102 19743
14202 42187
14302 2374
14402 47938
14502 22645
14602 21778
14702 8327
14802 27008
14902 28733
15002 45954
15102 34071
15202 19948
15302 13193
15402 18152
15502 52786
15602 15646
15702 62679
15802 43845
15902 14774
16002 38418
16102 63717
16202 8613
16302 21850
16402 29528
16502 46799
16602 33167
16702 33483
16802 16738
16902 52651
17002 9209
17102 50862
17202 54366
17302 22511
17402 19117
17502 37165
17602 4288
17702 32004
17802 51607
17902 26703
18002 1530
18102 20659
18202 28871
18302 1100
18402 38088
18502 26160
18602 4316
18702 47095
18802 18741
18902 6690
19002 56546
19102 22018
19202 48180
19302 41659
19402 46404
19502 15040
19602 339
19702 9011
19802 41019
19902 23656
20002 29239
20102 63783
20202 38782
20302 63604
20402 20562
20502 13991
20602 20688
20702 37200
20802 27045
20902 65044
21002 2350
21102 55699
21202 44438
21302 33613
21402 50584
21502 45593
21602 31273
21702 10193
21802 34254
21902 36152
22002 56883
22102 47969
22202 4122
22302 47455
22402 7397
22502 23935
22602 49569
22702 63730
22802 2132
22902 11715
23002 50603
23102 59659
23202 13302
23302 49668
23402 19718
23502 42605
23602 24318
23702 34435
23802 28354
23902 44479
24002 45497
24102 11576
24202 3319
24302 32496
24402 46621
24502 64454
24602 59186
24702 62676
24802 38671
24902 55183
25002 8399
25102 55796
25202 20285
25302 36991
25402 38401
25502 24460
25602 54523
25702 37846
25802 18246
25902 40108
26002 45860
26102 168
26202 36704
26302 36229
26402 16301
26502 39260
26602 12401
26702 8180
26802 62265
26902 28016
27002 55754
27102 61543
27202 41709
27302 6673
27402 61122
27502 39581
27602 46481
27702 40409
27802 14560
27902 16764
28002 626
28102 3284
28202 59562
28302 53063
28402 43052
28502 12730
28602 23016
28702 48007
28802 9355
28902 30375
29002 49351
29102 8188
29202 36843
29302 27271
29402 34584
29502 1661
29602 26518
29702 50998
29802 41449
29902 42294
30002 37824
30102 20347
30202 16056
30302 9102
30402 43406
30502 10129
30602 23258
30702 28643
30802 14823
30902 35266
31002 55258
31102 8320
31202 25133
31302 39898
31402 10981
31502 41994
31602 59754
31702 5162
31802 4868
31902 20221
32002 49928
32102 27630
32202 9976
32302 44713
32402 34
32502 48646
32602 55641
32702 45630
32802 3514
32902 41615
33002 43379
33102 21751
33202 3416
33302 18708
33402 55090
33502 56661
33602 13686
33702 63949
33802 17205
33902 32199
34002 43505
34102 32137
34202 63506
34302 7947
34402 6770
34502 37051
34602 31984
34702 6221
34802 22698
34902 35995
35002 64825
35102 49665
35202 17135
35302 44506
35402 939
35502 47392
35602 64611
35702 6570
35802 28279
35902 2166
36002 6211
36102 56222
36202 37720
36302 7121
36402 6106
36502 60419
36602 10119
36702 37434
36802 23630
36902 64670
37002 61067
37102 63964
37202 32954
37302 3627
37402 22554
37502 11634
37602 9842
37702 36507
37802 8285
37902 7440
38002 20099
38102 5624
38202 2160
38302 36711
38402 17329
38502 22376
38602 11643
38702 58537
38802 15509
38902 22424
39002 59602
39102 46606
39202 21070
39302 41655
39402 28691
39502 54573
39602 47470
39702 9087
39802 17203
39902 8581
40002 25648
40102 11264
40202 19332
40302 11224
40402 61819
40502 40378
40602 14547
40702 25516
40802 52294
40902 56032
41002 47083
41102 15287
41202 35727
41302 50581
41402 15028
41502 60780
41602 64520
41702 46509
41802 39751
41902 22404
42002 49889
42102 9094
42202 62617
42302 48065
42402 45840
42502 8136
42602 55727
42702 60484
42802 53678
42902 16578
43002 21540
43102 11764
43202 65213
43302 38310
43402 8098
43502 30880
43602 44908
43702 43694
43802 15539
43902 48059
44002 60348
44102 1497
44202 23137
44302 51672
44402 42414
44502 20350
44602 53136
44702 36585
44802 18423
44902 20537
45002 19682
45102 41935
45202 42547
45302 15676
45402 11960
45502 26624
45602 46956
45702 24331
45802 64839
45902 36945
46002 58002
46102 61467
46202 10894
46302 13711
46402 2648
46502 64171
46602 31784
46702 47175
46802 42978
46902 10941
47002 15127
47102 7886
47202 58680
47302 36941
47402 11610
47502 47460
47602 18801
47702 13339
47802 44000
47902 58723
48002 61140
48102 54826
48202 901
48302 37403
48402 57512
48502 12945
48602 16447
48702 49976
48802 34098
48902 1149
49002 48146
49102 34831
49202 48285
49302 24491
49402 11846
49502 42635
49602 25827
49702 52516
49802 26462
49902 20782
50002 35086
50102 9429
50202 56505
50302 13056
50402 51558
50502 29244
50602 16096
50702 12270
50802 55451
50902 43763
51002 45648
51102 5821
51202 46322
51302 40133
51402 58106
51502 3831
51602 9170
51702 18192
51802 57540
51902 37175
52002 45922
52102 15053
52202 62070
52302 65345
52402 65330
52502 31110
52602 61519
52702 25377
52802 2819
52902 11714
53002 25760
53102 83
53202 64460
53302 20084
53402 5431
53502 59569
53602 25244
53702 50913
53802 63836
53902 38338
54002 7670
54102 5322
54202 35405
54302 9552
54402 6837
54502 20665
54602 45611
54702 59641
54802 10357
54902 29935
55002 24586
55102 63187
55202 36976
55302 12852
55402 51545
55502 11305
55602 51556
55702 46056
55802 63302
55902 40102
56002 27153
56102 31510
56202 7168
56302 20092
56402 21716
56502 5730
56602 47263
56702 40108
56802 39430
56902 44062
57002 21404
57102 29493
57202 53987
57302 13856
57402 44695
57502 30435
57602 50323
57702 29673
57802 55620
57902 13832
58002 37464
58102 26861
58202 4772
58302 50017
58402 29339
58502 35827
58602 62381
58702 25424
58802 29800
58902 5024
59002 32000
59102 64741
59202 57674
59302 30455
59402 40951
59502 30990
59602 62785
59702 65122
59802 35458
59902 10074
60002 46978
60102 38797
60202 4597
60302 64307
60402 15081
60502 55464
60602 49532
60702 29931
60802 52208
60902 51018
61002 58408
61102 45323
61202 36211
61302 32528
61402 25733
61502 6589
61602 37847
61702 488
61802 13480
61902 34912
62002 35152
62102 45979
62202 38160
62302 35340
62402 11384
62502 7127
62602 24637
62702 56452
62802 30026
62902 60646
63002 24830
63102 19869
63202 35245
63302 48879
63402 28271
63502 10307
63602 4389
63702 55181
63802 39066
63902 25871
64002 5861
64102 35850
64202 10284
64302 61281
64402 50332
64502 32625
64602 20912
64702 52188
64802 47693
64902 34152
65002 25438
65102 5216
65202 11030
65302 13843
65402 38689
65502 40210
65602 39759
65702 13700
65802 38756
65902 2521
66002 54111
66102 10178
66202 51180
66302 14960
66402 35362
66502 24129
66602 8110
66702 43179
66802 43518
66902 63075
67002 34824
67102 45479
67202 8864
67302 52914
67402 22615
67502 7883
67602 16631
67702 17322
67802 43610
67902 992
68002 17422
68102 38318
68202 33314
68302 39492
68402 17013
68502 35656
68602 46459
68702 11965
68802 26769
68902 45234
69002 12903
69102 45920
69202 51676
69302 1672
69402 13801
69502 23116
69602 64572
69702 49868
69802 15661
69902 26286
70002 2780
70102 56389
70202 12164
70302 61837
70402 65141
70502 406
70602 13605
70702 6425
70802 54877
70902 46848
71002 11053
71102 34986
71202 55444
71302 17717
71402 30707
71502 2607
71602 55985
71702 15046
71802 7632
71902 65057
72002 64331
72102 11611
72202 30853
72302 10902
72402 26887
72502 8963
72602 22092
72702 55635
72802 12135
72902 17987
73002 43144
73102 64689
73202 37963
73302 63431
73402 25256
73502 8663
73602 57610
73702 6435
73802 6660
73902 4246
74002 34158
74102 25701
74202 23835
74302 467
74402 49087
74502 48108
74602 44613
74702 10956
74802 1491
74902 53704
75002 41040
75102 62401
75202 5357
75302 9566
75402 57694
75502 2364
75602 13344
75702 8279
75802 59288
75902 3756
76002 20833
76102 33023
76202 17909
76302 60111
76402 1775
76502 50655
76602 37068
76702 8816
76802 60100
76902 26641
77002 32251
77102 6532
77202 56469
77302 49443
77402 20926
77502 55225
77602 34751
77702 45140
77802 42767
77902 40768
78002 789
78102 33861
78202 16822
78302 29398
78402 52905
78502 4832
78602 33526
78702 13336
78802 37606
78902 30705
79002 40449
79102 38028
79202 26912
79302 30809
79402 58338
79502 9371
79602 23439
79702 54390
79802 8375
79902 2973
80002 13257
80102 56985
80202 9300
80302 58292
80402 54306
80502 9019
80602 16726
80702 40269
80802 13818
80902 55906
81002 40135
81102 1241
81202 5400
81302 52901
81402 26226
81502 29239
81602 22269
81702 39837
81802 25718
81902 4971
82002 28194
82102 25038
82202 1221
82302 27836
82402 10063
82502 53532
82602 58254
82702 33875
82802 17920
82902 58798
83002 30434
83102 9962
83202 39739
83302 34092
83402 43516
83502 19478
83602 61750
83702 16214
83802 49536
83902 49106
84002 26226
84102 16229
84202 22064
84302 32651
84402 56993
84502 63530
84602 45172
84702 11346
84802 27619
84902 56448
85002 1428
85102 15213
85202 32527
85302 8407
85402 9792
85502 11408
85602 40113
85702 9345
85802 57832
85902 15794
86002 15998
86102 54573
86202 24578
86302 3113
86402 11007
86502 25528
86602 54040
86702 23718
86802 18303
86902 41639
87002 54873
87102 51347
87202 63617
87302 2746
87402 16944
87502 45395
87602 10753
87702 49650
87802 9258
87902 14083
88002 42430
88102 57947
88202 43629
88302 41711
88402 30502
88502 63570
88602 63899
88702 8737
88802 51105
88902 2434
89002 58313
89102 20994
89202 8753
89302 9717
89402 50658
89502 7713
89602 7729
89702 46200
89802 11819
89902 58109
90002 25963
90102 32728
