102 17075
202 1207
302 62415
402 64333
502 18474
602 22672
702 56135
802 19051
902 22117
1002 36645
1102 10689
1202 51409
1302 59061
1402 20086
1502 37909
1602 61508
1702 38513
1802 48
1902 51403
2002 63172
2102 28605
2202 21504
2302 6363
2402 65460
2502 9173
2602 62950
2702 4717
2802 32760
2902 18508
3002 22814
3102 61482
3202 55633
3302 49309
3402 36475
3502 45411
3602 20910
3702 29939
3802 24764
3902 24548
4002 56920
4102 32793
4202 24456
4302 57693
4402 9763
4502 15682
4602 60386
4702 10232
4802 24007
4902 21379
5002 46231
5102 60943
5202 65242
5302 6233
5402 11430
5502 45631
5602 9295
5702 20797
5802 26122
5902 18236
6002 9939
6102 28699
6202 59101
6302 58554
6402 2766
6502 22487
6602 65135
6702 4380
6802 25550
6902 43283
7002 56844
7102 18085
7202 24241
7302 28488
7402 43543
7502 47224
7602 47615
7702 25568
7802 13749
7902 15541
8002 47129
8102 26432
8202 4971
8302 3080
8402 19596
8502 48611
8602 10712
8702 63232
8802 1595
8902 54673
9002 3571
9102 4116
9202 8238
9302 4833
9402 10793
9502 2773
9602 514
9702 23082
9802 24099
9902 26331
10002 23949
10102 5967
10202 49973
10302 51840
10402 13755
10502 59778
10602 51660
10702 26078
10802 14649
10902 15485
11002 58734
11102 32327
11202 15159
11302 37918
11402 40529
11502 6393
11602 38336
11702 17110
11802 64498
11902 65313
12002 37680
12102 19727
12202 13367
12302 53356
12402 49570
12502 35697
12602 54505
12702 51348
12802 39595
12902 36321
13002 27085
13102 20913
13202 42909
13302 22193
13402 27926
13502 63158
13602 8449
13702 36735
13802 62461
13902 32013
14002 7942
14102 3144
14202 35043
14302 47070
14402 31727
14502 64313
14602 28324
14702 407
14802 7343
14902 40777
15002 47275
15102 3017
15202 15001
15302 43872
15402 19970
15502 15950
15602 560
15702 30985
15802 65313
15902 24654
16002 31962
16102 11224
16202 31664
16302 53131
16402 50953
16502 9646
16602 11927
16702 55527
16802 12720
16902 37461
17002 53828
17102 21506
17202 64280
17302 50736
17402 8590
17502 40753
17602 55217
17702 61903
17802 44800
17902 41176
18002 45966
18102 18001
18202 15108
18302 40164
18402 54329
18502 55277
18602 14896
18702 559
18802 11359
18902 64077
19002 4610
19102 23159
19202 41097
19302 25141
19402 21666
19502 59848
19602 12879
19702 4303
19802 17373
19902 10269
20002 48900
20102 845
20202 63904
20302 60473
20402 61215
20502 48932
20602 24825
20702 49158
20802 48666
20902 25530
21002 32689
21102 49061
21202 170
21302 40483
21402 7915
21502 2605
21602 17279
21702 20911
21802 7871
21902 250
22002 52
22102 20288
22202 17045
22302 44708
22402 6650
22502 47653
22602 57253
22702 46166
22802 45128
22902 20332
23002 34601
23102 52486
23202 36801
23302 35368
23402 47999
23502 5569
23602 41275
23702 32988
23802 25982
23902 36572
24002 43050
24102 12839
24202 23372
24302 6845
24402 12720
24502 32901
24602 60212
24702 2651
24802 62743
24902 42049
25002 6949
25102 53097
25202 65332
25302 53787
25402 2476
25502 25145
25602 42751
25702 56319
25802 1495
25902 19606
26002 31563
26102 1606
26202 47271
26302 55102
26402 34982
26502 48398
26602 6629
26702 45757
26802 14412
26902 45299
27002 36181
27102 12459
27202 1821
27302 11005
27402 53182
27502 7740
27602 5682
27702 43635
27802 48260
27902 304
28002 40714
28102 53401
28202 18870
28302 36857
28402 22505
28502 16161
28602 64008
28702 34516
28802 34312
28902 6838
29002 33948
29102 57937
29202 25320
29302 64474
29402 40413
29502 9137
29602 27479
29702 22421
29802 51694
29902 16118
30002 30979
30102 14496
30202 2248
30302 61680
30402 3376
30502 40805
30602 46263
30702 44856
30802 60013
30902 25932
31002 38659
31102 50258
31202 23490
31302 24
31402 54700
31502 10736
31602 30491
31702 12195
31802 15796
31902 24561
32002 56541
32102 31640
32202 60926
32302 46873
32402 55765
32502 30106
32602 1617
32702 23065
32802 38171
32902 31497
33002 25741
33102 25934
33202 4022
33302 9138
33402 18302
33502 13281
33602 11245
33702 49841
33802 54777
33902 40621
34002 10047
34102 23276
34202 10220
34302 38383
34402 36969
34502 19935
34602 27889
34702 11779
34802 6958
34902 38773
35002 65059
35102 29992
35202 39985
35302 16530
35402 5086
35502 50772
35602 60015
35702 8511
35802 27730
35902 62701
36002 28968
36102 14516
36202 25738
36302 34729
36402 25799
36502 24080
36602 41857
36702 37469
36802 3044
36902 58910
37002 62440
37102 29069
37202 30796
37302 7437
37402 53906
37502 37153
37602 36240
37702 2533
37802 47312
37902 50475
38002 10525
38102 5235
38202 26502
38302 13268
38402 25678
38502 15530
38602 62019
38702 13990
38802 51044
38902 9993
39002 60397
39102 31427
39202 16559
39302 54840
39402 2452
39502 30968
39602 31501
39702 60580
39802 39840
39902 20694
40002 54913
40102 9357
40202 4242
40302 63687
40402 43057
40502 10117
40602 51749
40702 11274
40802 57576
40902 52610
41002 8017
41102 32240
41202 60862
41302 60061
41402 63486
41502 64167
41602 51045
41702 30907
41802 6373
41902 23299
42002 15769
42102 40556
42202 35340
42302 35404
42402 45733
42502 29990
42602 30464
42702 42847
42802 15508
42902 18663
43002 42322
43102 37179
43202 10920
43302 49830
43402 11679
43502 52321
43602 15453
43702 13817
43802 21976
43902 36783
44002 875
44102 62835
44202 57432
44302 39960
44402 14273
44502 21568
44602 21096
44702 12182
44802 32074
44902 22194
45002 41081
45102 8324
45202 64337
45302 52329
45402 62679
45502 9304
45602 45897
45702 37003
45802 62081
45902 12142
46002 19720
46102 45618
46202 29549
46302 25832
46402 25381
46502 51450
46602 25864
46702 1499
46802 26549
46902 55821
47002 5066
47102 53729
47202 13219
47302 30486
47402 49289
47502 51856
47602 17277
47702 27580
47802 46663
47902 45008
48002 48688
48102 28482
48202 57747
48302 24320
48402 11275
48502 28519
48602 41924
48702 55213
48802 31198
48902 8600
49002 33860
49102 12602
49202 33530
49302 64696
49402 30225
49502 38664
49602 28040
49702 24582
49802 35420
49902 6103
50002 11163
50102 20265
50202 40471
50302 44876
50402 23486
50502 44412
50602 8033
50702 49689
50802 505
50902 23067
51002 37912
51102 50514
51202 11264
51302 49469
51402 38304
51502 13056
51602 45647
51702 62281
51802 58906
51902 34740
52002 29706
52102 58837
52202 145
52302 8668
52402 28856
52502 2419
52602 49600
52702 61937
52802 12828
52902 37754
53002 20919
53102 12298
53202 48957
53302 50281
53402 39263
53502 3380
53602 57899
53702 21924
53802 14723
53902 18456
54002 9229
54102 52099
54202 48063
54302 25800
54402 1788
54502 10568
54602 56933
54702 8371
54802 10463
54902 47542
55002 2623
55102 23961
55202 13100
55302 56163
55402 12346
55502 44798
55602 10491
55702 22912
55802 35835
55902 30551
56002 21732
56102 28315
56202 61320
56302 41886
56402 61350
56502 33796
56602 21489
56702 31812
56802 35977
56902 23340
57002 40486
57102 16510
57202 50484
57302 64515
57402 32410
57502 18878
57602 9778
57702 16558
57802 9650
57902 26017
58002 13691
58102 28553
58202 51439
58302 64400
58402 21951
58502 18806
58602 44270
58702 4131
58802 943
58902 40575
59002 50127
59102 46866
59202 39684
59302 48450
59402 28791
59502 58309
59602 9663
59702 678
59802 7465
59902 25484
60002 64282
60102 18944
60202 27413
60302 51758
60402 7137
60502 13714
60602 29966
60702 53614
60802 48710
60902 20791
61002 11231
61102 48805
61202 39624
61302 27759
61402 36365
61502 62185
61602 13110
61702 41860
61802 46113
61902 40412
62002 41703
62102 17215
62202 50824
62302 43451
62402 3534
62502 46903
62602 8234
62702 50013
62802 19881
62902 55236
63002 14417
63102 3373
63202 60392
63302 46327
63402 60767
63502 16515
63602 23701
63702 64736
63802 35174
63902 51596
64002 61740
64102 36188
64202 1384
64302 63
64402 24743
64502 48352
64602 49829
64702 30844
64802 62429
64902 27536
65002 6204
65102 9296
65202 9945
65302 52363
65402 47694
65502 52027
65602 58508
65702 27257
65802 9613
65902 30036
66002 10260
66102 56045
66202 27111
66302 2678
66402 60904
66502 56651
66602 19822
66702 29078
66802 27424
66902 36094
67002 45943
67102 26763
67202 6481
67302 42630
67402 21005
67502 23512
67602 9065
67702 26126
67802 11877
67902 33962
68002 22028
68102 17958
68202 22211
68302 5407
68402 38300
68502 21920
68602 18456
68702 44264
68802 36156
68902 22877
69002 6606
69102 43242
69202 57932
69302 240
69402 10204
69502 38515
69602 11128
69702 37773
69802 59590
69902 8818
70002 13928
70102 15578
70202 50556
70302 62196
70402 3658
70502 65400
70602 14599
70702 30962
70802 64204
70902 43114
71002 45175
71102 38317
71202 28696
71302 59887
71402 62951
71502 10408
71602 20297
71702 13439
71802 13659
71902 29625
72002 8588
72102 43028
72202 47730
72302 14745
72402 9521
72502 171
72602 20848
72702 26959
72802 36562
72902 33255
73002 30905
73102 22179
73202 45374
73302 35631
73402 61443
73502 13371
73602 25448
73702 15276
73802 57479
73902 61969
74002 26620
74102 26820
74202 40486
74302 58411
74402 9383
74502 64416
74602 25640
74702 12128
74802 56736
74902 59502
75002 44675
75102 24745
75202 53662
75302 42509
75402 37693
75502 34431
75602 21802
75702 24113
75802 34813
75902 16709
76002 48425
76102 57214
76202 833
76302 51914
76402 39931
76502 5953
76602 32979
76702 40066
76802 60559
76902 13630
77002 43086
77102 47177
77202 47862
77302 21811
77402 26810
77502 42195
77602 5557
77702 47976
77802 23660
77902 16782
78002 55676
78102 64470
78202 1473
78302 53334
78402 21156
78502 63127
78602 10086
78702 22481
78802 43592
78902 41199
79002 59330
79102 2538
79202 12971
79302 4607
79402 19142
79502 13889
79602 26277
79702 41171
79802 57999
79902 63582
80002 19746
80102 48467
80202 10340
80302 41533
80402 35566
80502 49339
80602 41972
80702 1874
80802 33271
80902 63759
81002 4729
81102 59161
81202 1289
81302 48509
81402 17713
81502 35404
81602 51296
81702 26001
81802 10551
81902 19889
82002 7410
82102 25725
82202 1209
82302 5931
82402 60766
82502 37283
82602 1007
82702 40226
82802 4911
82902 10453
83002 26066
83102 56090
83202 36194
83302 63114
83402 8961
83502 3739
83602 28983
83702 45562
83802 33072
83902 2665
84002 34275
84102 13691
84202 6437
84302 42220
84402 54481
84502 26075
84602 31368
84702 61190
84802 33707
84902 46252
85002 62922
85102 22315
85202 5744
85302 36158
85402 23008
85502 37259
85602 17021
85702 62723
85802 59259
85902 31118
86002 2008
86102 21474
86202 12453
86302 3107
86402 30305
86502 11551
86602 6710
86702 6248
86802 33700
86902 25842
87002 17622
87102 5040
87202 27856
87302 7594
87402 65341
87502 1241
87602 12772
87702 28869
87802 58229
87902 5436
88002 48847
88102 12370
88202 50071
88302 38628
88402 16491
88502 27755
88602 39613
88702 38763
88802 36684
88902 41963
89002 30362
89102 26629
89202 1511
89302 47003
89402 41769
89502 63574
89602 65416
89702 31446
89802 40483
89902 55100
90002 12751
90102 43097
