102 26919
202 25530
302 59827
402 8253
502 45642
602 48663
702 24832
802 271
902 30683
1002 54373
1102 38436
1202 8652
1302 36335
1402 58933
1502 19133
1602 15268
1702 42528
1802 21624
1902 37884
2002 34298
2102 37337
2202 34247
2302 50963
2402 29769
2502 65520
2602 20364
2702 54864
2802 20084
2902 22831
3002 19402
3102 24262
3202 21779
3302 50361
3402 63236
3502 16366
3602 48967
3702 21152
3802 31781
3902 31566
4002 11025
4102 18004
4202 28702
4302 32641
4402 40260
4502 33336
4602 29432
4702 33682
4802 47953
4902 31956
5002 21579
5102 9741
5202 29061
5302 40713
5402 50005
5502 11579
5602 47413
5702 47370
5802 32825
5902 35110
6002 35474
6102 27658
6202 58488
6302 30419
6402 33308
6502 38305
6602 20516
6702 36772
6802 61453
6902 62857
7002 37935
7102 7217
7202 56820
7302 37073
7402 57679
7502 60408
7602 13358
7702 32738
7802 43011
7902 34007
8002 957
8102 28764
8202 34252
8302 20896
8402 23043
8502 59274
8602 39847
8702 52007
8802 52836
8902 35106
9002 43250
9102 62754
9202 9999
9302 49996
9402 23304
9502 20222
9602 52147
9702 4971
9802 46039
9902 25109
10002 8106
10102 29012
10202 2317
10302 20628
10402 49373
10502 20196
10602 42503
10702 48243
10802 63001
10902 49599
11002 14401
11102 30273
11202 30211
11302 63134
11402 60870
11502 45118
11602 25324
11702 24862
11802 55345
11902 21513
12002 20015
12102 64175
12202 38584
12302 4233
12402 27670
12502 41471
12602 18418
12702 15374
12802 14206
12902 37788
13002 30378
13102 34554
13202 37407
13302 2950
13402 38534
13502 48118
13602 18568
13702 36737
13802 56751
13902 26692
14002 26816
14102 20340
14202 21584
14302 20414
14402 60209
14502 329
14602 38064
14702 55073
14802 58132
14902 34756
15002 23213
15102 8118
15202 13926
15302 51147
15402 33196
15502 59579
15602 10875
15702 47640
15802 4821
15902 450
16002 9389
16102 5698
16202 28285
16302 26410
16402 16369
16502 46020
16602 18636
16702 37623
16802 44263
16902 58206
17002 36566
17102 56582
17202 33512
17302 53495
17402 42618
17502 36256
17602 47126
17702 18237
17802 25457
17902 33834
18002 14838
18102 27714
18202 3360
18302 17862
18402 6667
18502 37776
18602 12679
18702 16690
18802 27901
18902 5435
19002 25372
19102 26086
19202 50551
19302 27459
19402 52510
19502 1744
19602 28293
19702 4551
19802 30571
19902 37896
20002 26675
20102 6263
20202 26101
20302 14432
20402 55594
20502 64565
20602 56011
20702 51891
20802 13097
20902 7300
21002 43783
21102 20762
21202 43901
21302 32337
21402 1060
21502 16335
21602 19958
21702 22365
21802 25965
21902 35450
22002 60014
22102 13671
22202 29470
22302 18477
22402 11885
22502 30118
22602 12919
22702 54612
22802 20428
22902 61318
23002 18705
23102 44567
23202 17296
23302 27192
23402 40639
23502 63633
23602 52666
23702 46241
23802 12945
23902 39712
24002 29333
24102 64824
24202 52874
24302 34087
24402 47439
24502 36978
24602 46052
24702 61953
24802 16499
24902 58298
25002 27429
25102 25103
25202 61563
25302 56
25402 25594
25502 28088
25602 63864
25702 31927
25802 26076
25902 31817
26002 16743
26102 11444
26202 65481
26302 631
26402 32676
26502 50575
26602 16121
26702 15134
26802 55057
26902 53558
27002 35623
27102 44883
27202 6054
27302 17909
27402 61984
27502 31190
27602 22836
27702 64551
27802 51697
27902 43213
28002 29698
28102 8407
28202 59430
28302 29132
28402 51755
28502 43766
28602 35610
28702 29049
28802 29072
28902 39261
29002 25560
29102 2283
29202 53261
29302 4989
29402 46106
29502 42220
29602 6473
29702 19712
29802 44260
29902 64231
30002 49892
30102 33041
30202 26259
30302 56335
30402 4854
30502 62278
30602 10684
30702 2530
30802 5053
30902 45096
31002 64080
31102 43896
31202 38383
31302 25789
31402 51730
31502 32394
31602 15019
31702 7885
31802 56043
31902 34408
32002 19475
32102 59256
32202 28254
32302 51601
32402 32426
32502 26520
32602 36628
32702 31291
32802 60250
32902 32830
33002 451
33102 45733
33202 33385
33302 13953
33402 12958
33502 41707
33602 12231
33702 27661
33802 8814
33902 56596
34002 14565
34102 6254
34202 43919
34302 19162
34402 11916
34502 40910
34602 32521
34702 4422
34802 58561
34902 48629
35002 4498
35102 40853
35202 63754
35302 49994
35402 47136
35502 9212
35602 41749
35702 34803
35802 44639
35902 20636
36002 19330
36102 36968
36202 52760
36302 14667
36402 65012
36502 25469
36602 41351
36702 43740
36802 2835
36902 15984
37002 31004
37102 17989
37202 23195
37302 7152
37402 53619
37502 27071
37602 17119
37702 9652
37802 4272
37902 58280
38002 13242
38102 39044
38202 7629
38302 49558
38402 17754
38502 16682
38602 1674
38702 12958
38802 35631
38902 29361
39002 47961
39102 33300
39202 63642
39302 54038
39402 13274
39502 50392
39602 57643
39702 53425
39802 56671
39902 54128
40002 23673
40102 4399
40202 54123
40302 25686
40402 9834
40502 59500
40602 64953
40702 28288
40802 59670
40902 24216
41002 15676
41102 1015
41202 30161
41302 42582
41402 40873
41502 29222
41602 61148
41702 48424
41802 22010
41902 35654
42002 42008
42102 63320
42202 55321
42302 39575
42402 39677
42502 9069
42602 62173
42702 23593
42802 65145
42902 4290
43002 47707
43102 49888
43202 5571
43302 46487
43402 30716
43502 8459
43602 18742
43702 49981
43802 31864
43902 61789
44002 15791
44102 36123
44202 28979
44302 30041
44402 13646
44502 2368
44602 31253
44702 7985
44802 22921
44902 42913
45002 17882
45102 65019
45202 46833
45302 30714
45402 2138
45502 31617
45602 58953
45702 11801
45802 7937
45902 8471
46002 9554
46102 57056
46202 44093
46302 10349
46402 40213
46502 12472
46602 10633
46702 2611
46802 44045
46902 5142
47002 62412
47102 32508
47202 24138
47302 5468
47402 48075
47502 48534
47602 31535
47702 43823
47802 11407
47902 251
48002 49771
48102 57923
48202 1149
48302 18506
48402 60149
48502 63812
48602 48443
48702 35950
48802 4599
48902 34579
49002 36795
49102 5139
49202 51707
49302 29981
49402 58657
49502 55036
49602 10484
49702 24197
49802 31381
49902 5820
50002 43865
50102 334
50202 63678
50302 33411
50402 45656
50502 42684
50602 16979
50702 62033
50802 482
50902 59329
51002 32440
51102 49372
51202 28102
51302 40332
51402 58017
51502 9262
51602 60416
51702 22867
51802 28215
51902 49813
52002 51294
52102 47195
52202 56579
52302 33656
52402 11538
52502 3937
52602 46149
52702 53214
52802 13085
52902 33201
53002 6920
53102 63604
53202 43493
53302 54924
53402 55794
53502 21406
53602 46695
53702 55564
53802 12691
53902 8188
54002 11061
54102 49094
54202 26336
54302 44309
54402 59448
54502 32017
54602 601
54702 6271
54802 7539
54902 56457
55002 21397
55102 30414
55202 35813
55302 21653
55402 32831
55502 40670
55602 53921
55702 39337
55802 21033
55902 29779
56002 34200
56102 47277
56202 8865
56302 60721
56402 60894
56502 65107
56602 53597
56702 44097
56802 54973
56902 25432
57002 54490
57102 35728
57202 33757
57302 19636
57402 160
57502 63275
57602 24328
57702 47712
57802 40595
57902 48101
58002 31948
58102 43511
58202 21134
58302 37962
58402 35482
58502 14145
58602 17917
58702 45832
58802 4436
58902 41603
59002 11829
59102 55083
59202 15379
59302 58796
59402 4275
59502 32821
59602 61073
59702 3601
59802 35710
59902 40091
60002 29737
60102 22387
60202 39411
60302 57469
60402 62021
60502 27992
60602 35882
60702 20208
60802 26969
60902 64310
61002 34471
61102 63644
61202 43077
61302 50243
61402 20514
61502 4627
61602 8825
61702 1307
61802 53876
61902 29780
62002 31732
62102 30168
62202 14520
62302 27534
62402 33554
62502 14020
62602 3023
62702 3205
62802 11746
62902 33188
63002 59848
63102 9088
63202 27858
63302 58890
63402 55341
63502 38822
63602 22593
63702 28650
63802 59034
63902 41683
64002 48638
64102 59891
64202 55805
64302 40267
64402 16720
64502 11397
64602 26487
64702 9604
64802 28644
64902 51095
65002 31698
65102 37546
65202 58273
65302 27886
65402 51576
65502 4299
65602 52569
65702 62418
65802 44845
65902 10637
66002 40841
66102 60494
66202 60394
66302 30831
66402 49731
66502 34280
66602 54864
66702 54055
66802 60104
66902 52727
67002 6458
67102 35094
67202 26054
67302 49166
67402 6828
67502 24084
67602 7027
67702 22290
67802 40710
67902 51419
68002 19790
68102 64561
68202 11855
68302 18827
68402 57512
68502 46178
68602 22848
68702 24424
68802 38573
68902 35853
69002 37839
69102 40428
69202 36450
69302 32906
69402 57222
69502 48675
69602 50713
69702 46457
69802 32160
69902 14519
70002 38310
70102 20081
70202 61466
70302 9103
70402 64153
70502 47253
70602 58498
70702 42432
70802 62782
70902 35127
71002 39283
71102 16738
71202 30885
71302 47030
71402 46502
71502 5343
71602 38978
71702 13977
71802 51550
71902 50427
72002 55732
72102 10085
72202 30726
72302 9206
72402 39297
72502 18144
72602 61630
72702 46897
72802 31080
72902 36674
73002 34680
73102 39883
73202 47521
73302 20902
73402 24220
73502 28222
73602 26313
73702 40966
73802 58898
73902 12412
74002 27330
74102 23654
74202 40510
74302 48702
74402 58205
74502 26264
74602 47659
74702 12913
74802 46578
74902 48067
75002 38846
75102 51055
75202 44152
75302 23851
75402 25266
75502 37646
75602 34408
75702 35395
75802 54736
75902 59566
76002 22252
76102 15026
76202 48446
76302 3577
76402 22668
76502 40586
76602 27774
76702 38571
76802 40594
76902 32883
77002 20704
77102 24289
77202 34149
77302 1468
77402 14967
77502 45891
77602 27362
77702 4057
77802 55806
77902 38651
78002 37201
78102 34416
78202 48403
78302 42336
78402 36092
78502 3207
78602 23521
78702 16584
78802 9391
78902 48972
79002 49487
79102 35346
79202 54812
79302 48548
79402 34296
79502 33504
79602 33508
79702 57487
79802 46461
79902 47649
80002 52695
80102 27085
80202 18116
80302 56211
80402 17081
80502 52086
80602 20548
80702 52923
80802 17767
80902 59078
81002 7251
81102 59072
81202 23495
81302 17485
81402 40237
81502 40407
81602 9867
81702 56425
81802 57592
81902 23792
82002 44588
82102 36285
82202 30259
82302 9055
82402 19508
82502 64291
82602 51035
82702 63915
82802 1729
82902 37637
83002 39120
83102 40721
83202 3355
83302 23290
83402 10164
83502 36570
83602 65043
83702 253
83802 20155
83902 26053
84002 5398
84102 61034
84202 22713
84302 24051
84402 55973
84502 37004
84602 53931
84702 62273
84802 6972
84902 6577
85002 39932
85102 24410
85202 41685
85302 12127
85402 19441
85502 25414
85602 56437
85702 6728
85802 31691
85902 12184
86002 40852
86102 44967
86202 12646
86302 23835
86402 40993
86502 17022
86602 29691
86702 50460
86802 24067
86902 52867
87002 31957
87102 33974
87202 64263
87302 48893
87402 45569
87502 36011
87602 5224
87702 46711
87802 47838
87902 34876
88002 22759
88102 32767
88202 12556
88302 7646
88402 34207
88502 64249
88602 5545
88702 7580
88802 13277
88902 12232
89002 8757
89102 48459
89202 45622
89302 42336
89402 35907
89502 604
89602 42705
89702 31477
89802 44431
89902 44444
90002 6786
90102 8294
90202 46728
90302 50098
90402 10271
90502 64772
90602 50317
