102 50974
202 47932
302 41128
402 54678
502 23419
602 16130
702 8345
802 44252
902 19641
1002 62383
1102 50922
1202 57518
1302 26126
1402 4689
1502 54832
1602 33620
1702 14113
1802 4525
1902 33115
2002 4327
2102 17331
2202 51886
2302 50877
2402 11046
2502 53663
2602 19770
2702 18635
2802 16539
2902 49524
3002 60326
3102 54175
3202 46296
3302 52350
3402 50144
3502 44810
3602 64825
3702 46291
3802 30282
3902 21715
4002 55709
4102 35062
4202 29104
4302 42693
4402 39687
4502 9485
4602 18799
4702 3877
4802 28145
4902 7791
5002 14403
5102 6864
5202 9855
5302 47952
5402 60568
5502 57680
5602 42693
5702 27464
5802 62992
5902 5737
6002 8943
6102 20930
6202 41421
6302 48001
6402 32847
6502 17654
6602 39772
6702 11926
6802 8270
6902 52090
7002 47719
7102 20263
7202 27178
7302 24165
7402 3910
7502 23546
7602 55935
7702 47060
7802 38073
7902 54275
8002 26784
8102 62247
8202 44497
8302 49401
8402 14654
8502 41187
8602 38680
8702 45679
8802 54520
8902 4879
9002 60924
9102 22116
9202 49639
9302 42858
9402 52878
9502 36818
9602 49928
9702 63788
9802 18969
9902 57331
10002 31637
10102 39272
10202 27795
10302 49749
10402 14771
10502 6004
10602 44209
10702 32308
10802 32881
10902 17407
11002 59161
11102 30492
11202 3207
11302 23416
11402 50845
11502 49607
11602 32813
11702 44594
11802 36068
11902 7667
12002 35362
12102 945
12202 41042
12302 31953
12402 30727
12502 19897
12602 36424
12702 56790
12802 12119
12902 56653
13002 60958
13102 16216
13202 61103
13302 52132
13402 38524
13502 5656
13602 30369
13702 39915
13802 61061
13902 12810
14002 5896
14102 58504
14202 50296
14302 7205
14402 30707
14502 44186
14602 7214
14702 11304
14802 32067
14902 43600
15002 14954
15102 28656
15202 15050
15302 58765
15402 64136
15502 56346
15602 6453
15702 61511
15802 60578
15902 12962
16002 2172
16102 21944
16202 25101
16302 27910
16402 64602
16502 34876
16602 43604
16702 32614
16802 49218
16902 54100
17002 53231
17102 24609
17202 6054
17302 34490
17402 33695
17502 19717
17602 29475
17702 43977
17802 62671
17902 27225
18002 7460
18102 6903
18202 21185
18302 6972
18402 34759
18502 50427
18602 46741
18702 33011
18802 45848
18902 31297
19002 6232
19102 1607
19202 34295
19302 15305
19402 3734
19502 29227
19602 38759
19702 10821
19802 7054
19902 15581
20002 30726
20102 53608
20202 39291
20302 43137
20402 1723
20502 59934
20602 18806
20702 5020
20802 30046
20902 36442
21002 41776
21102 41562
21202 1757
21302 63050
21402 11286
21502 15149
21602 28465
21702 61741
21802 32061
21902 28821
22002 15575
22102 43214
22202 47691
22302 16430
22402 11198
22502 37867
22602 2276
22702 37711
22802 55894
22902 53095
23002 20260
23102 13468
23202 49101
23302 48622
23402 33623
23502 24803
23602 29368
23702 32518
23802 5310
23902 54635
24002 58639
24102 29443
24202 15820
24302 38015
24402 48980
24502 54007
24602 8315
24702 45517
24802 43658
24902 3774
25002 32869
25102 8193
25202 22482
25302 52222
25402 7938
25502 34385
25602 3824
25702 63190
25802 59487
25902 63569
26002 12413
26102 8714
26202 62576
26302 33870
26402 48224
26502 42061
26602 30228
26702 21123
26802 28618
26902 4104
27002 2195
27102 5597
27202 6780
27302 17847
27402 7289
27502 32553
27602 5613
27702 13568
27802 18897
27902 11386
28002 31908
28102 44640
28202 43700
28302 24742
28402 18629
28502 57196
28602 53021
28702 35735
28802 51247
28902 45663
29002 64968
29102 56619
29202 48798
29302 65300
29402 37561
29502 44776
29602 48596
29702 49222
29802 18853
29902 62059
30002 53938
30102 22863
30202 9044
30302 57165
30402 52418
30502 6420
30602 57782
30702 47654
30802 48035
30902 172
31002 21696
31102 24843
31202 64440
31302 59776
31402 37288
31502 15221
31602 51098
31702 33032
31802 2779
31902 55427
32002 64622
32102 4875
32202 10256
32302 44545
32402 11572
32502 16258
32602 50487
32702 65103
32802 28458
32902 32731
33002 52016
33102 43858
33202 55518
33302 40706
33402 4140
33502 30523
33602 64331
33702 36079
33802 37162
33902 59651
34002 58600
34102 55749
34202 52072
34302 3571
34402 31559
34502 43198
34602 43646
34702 40662
34802 20475
34902 14622
35002 33585
35102 21858
35202 44082
35302 58196
35402 407
35502 42561
35602 26331
35702 33822
35802 60540
35902 26855
36002 8639
36102 954
36202 12334
36302 59067
36402 62957
36502 19599
36602 6739
36702 13260
36802 1067
36902 65341
37002 6290
37102 59012
37202 43195
37302 59138
37402 7148
37502 5137
37602 53133
37702 22282
37802 3077
37902 19734
38002 8715
38102 57329
38202 23095
38302 46738
38402 65413
38502 5656
38602 43171
38702 44165
38802 32186
38902 44419
39002 9789
39102 20159
39202 31713
39302 12736
39402 53573
39502 45397
39602 8755
39702 22987
39802 23237
39902 42955
40002 5975
40102 24574
40202 26676
40302 15779
40402 48893
40502 8351
40602 55207
40702 8781
40802 50333
40902 14841
41002 38552
41102 63338
41202 64827
41302 25176
41402 6499
41502 14480
41602 28716
41702 22331
41802 22710
41902 17638
42002 10268
42102 23226
42202 14495
42302 55266
42402 1391
42502 24367
42602 21386
42702 12942
42802 14940
42902 46101
43002 31032
43102 9822
43202 5882
43302 46418
43402 65410
43502 59167
43602 37886
43702 59274
43802 43079
43902 17068
44002 5195
44102 19617
44202 40947
44302 41271
44402 3257
44502 43901
44602 62171
44702 43170
44802 24373
44902 63427
45002 44840
45102 52322
45202 44497
45302 27274
45402 568
45502 63610
45602 19433
45702 62724
45802 23402
45902 65119
46002 44727
46102 22265
46202 8549
46302 54834
46402 42028
46502 14359
46602 11341
46702 64400
46802 15559
46902 15460
47002 44537
47102 49168
47202 15977
47302 12679
47402 64243
47502 28531
47602 53141
47702 5796
47802 63010
47902 18200
48002 6556
48102 28006
48202 62769
48302 7368
48402 37953
48502 24581
48602 38525
48702 19029
48802 57055
48902 41734
49002 31769
49102 586
49202 48838
49302 25878
49402 50285
49502 31833
49602 7906
49702 49493
49802 15532
49902 60083
50002 59920
50102 30313
50202 58392
50302 47952
50402 27911
50502 28922
50602 12980
50702 42149
50802 5562
50902 18500
51002 21961
51102 34871
51202 13892
51302 11775
51402 34524
51502 25933
51602 57861
51702 47319
51802 26556
51902 15517
52002 40646
52102 14358
52202 29235
52302 25666
52402 22725
52502 45013
52602 40995
52702 32009
52802 10308
52902 21010
53002 23637
53102 43312
53202 37877
53302 31904
53402 32914
53502 58421
53602 32956
53702 8681
53802 52827
53902 13976
54002 44521
54102 59636
54202 35271
54302 13841
54402 31466
54502 57489
54602 18659
54702 60004
54802 48313
54902 40673
55002 53306
55102 3401
55202 45566
55302 6738
55402 53172
55502 57979
55602 41119
55702 63355
55802 23637
55902 19072
56002 27907
56102 8554
56202 48710
56302 16250
56402 14190
56502 51287
56602 37222
56702 31686
56802 39382
56902 55678
57002 37738
57102 55200
57202 45973
57302 33270
57402 33900
57502 32810
57602 9766
57702 34835
57802 22902
57902 20066
58002 10056
58102 11155
58202 33579
58302 28528
58402 60423
58502 49374
58602 58655
58702 48805
58802 60077
58902 41683
59002 19209
59102 2866
59202 42594
59302 34192
59402 53694
59502 35092
59602 42184
59702 17495
59802 145
59902 27361
60002 30940
60102 41971
60202 19441
60302 4122
60402 62124
60502 15605
60602 60458
60702 7716
60802 59260
60902 49175
61002 9350
61102 22498
61202 62442
61302 15834
61402 29398
61502 57252
61602 44233
61702 42000
61802 36019
61902 4424
62002 59385
62102 45427
62202 50434
62302 10721
62402 53195
62502 41405
62602 9390
62702 49007
62802 14402
62902 52843
63002 44274
63102 1337
63202 6186
63302 42426
63402 49911
63502 2837
63602 6566
63702 36022
63802 37444
63902 22151
64002 20111
64102 27371
64202 23821
64302 33555
64402 39449
64502 44297
64602 55431
64702 57502
64802 2664
64902 11946
65002 3442
65102 9666
65202 22576
65302 3602
65402 41788
65502 13266
65602 63388
65702 57121
65802 77
65902 40149
66002 27582
66102 42534
66202 24408
66302 12934
66402 22619
66502 47231
66602 41016
66702 3906
66802 8216
66902 2741
67002 49474
67102 57369
67202 30020
67302 54640
67402 40924
67502 40938
67602 40687
67702 1616
67802 65107
67902 61994
68002 41858
68102 29174
68202 60506
68302 44210
68402 32437
68502 22371
68602 47766
68702 21214
68802 41680
68902 12291
69002 43764
69102 8359
69202 17215
69302 63461
69402 25214
69502 33682
69602 10830
69702 3922
69802 24912
69902 37034
70002 49200
70102 42511
70202 44542
70302 60871
70402 31302
70502 37074
70602 13673
70702 10430
70802 23569
70902 14045
71002 53905
71102 61537
71202 51670
71302 64991
71402 56088
71502 34249
71602 15901
71702 10471
71802 2628
71902 61529
72002 10477
72102 24719
72202 4741
72302 52622
72402 34860
72502 12872
72602 7887
72702 1867
72802 56157
72902 19182
73002 3377
73102 41230
73202 37674
73302 1313
73402 15669
73502 55879
73602 43630
73702 57877
73802 51916
73902 5907
74002 41206
74102 1615
74202 24004
74302 55065
74402 3090
74502 65274
74602 54544
74702 64418
74802 51171
74902 28438
75002 48951
75102 43214
75202 25369
75302 39058
75402 29096
75502 12333
75602 12007
75702 42082
75802 57223
75902 26047
76002 43804
76102 45375
76202 10186
76302 31820
76402 60651
76502 64428
76602 46191
76702 27355
76802 10950
76902 59265
77002 34352
77102 43567
77202 37506
77302 19631
77402 15242
77502 11684
77602 16238
77702 30820
77802 45776
77902 61650
78002 19743
78102 50270
78202 4095
78302 46818
78402 2450
78502 38718
78602 56010
78702 10118
78802 24694
78902 54553
79002 61582
79102 27043
79202 48939
79302 3656
79402 25722
79502 1515
79602 60221
79702 62549
79802 39337
79902 19842
80002 56425
80102 10920
80202 33453
80302 46305
80402 4986
80502 33800
80602 32185
80702 38989
80802 61389
80902 52389
81002 31085
81102 3806
81202 24284
81302 26408
81402 48639
81502 8512
81602 6147
81702 49652
81802 58181
81902 45127
82002 20365
82102 1249
82202 6320
82302 12223
82402 25889
82502 36859
82602 43271
82702 62994
82802 36483
82902 52755
83002 63735
83102 12520
83202 51837
83302 10782
83402 57163
83502 55516
83602 12478
83702 47790
83802 27064
83902 58791
84002 29178
84102 46683
84202 15842
84302 65196
84402 42939
84502 63340
84602 35698
84702 64142
84802 35970
84902 32374
85002 50279
85102 42656
85202 16054
85302 18056
85402 15998
85502 41308
85602 39934
85702 1087
85802 11725
85902 25927
86002 26835
86102 6382
86202 54707
86302 27130
86402 12599
86502 36737
86602 51717
86702 23155
86802 63886
86902 19198
87002 37032
87102 6753
87202 62107
87302 14128
87402 46772
87502 64813
87602 13514
87702 45772
87802 41323
87902 47795
88002 46212
88102 43534
88202 58741
88302 42262
88402 24341
88502 33911
88602 54341
88702 32709
88802 12755
88902 22965
89002 20202
89102 27393
89202 16874
89302 58837
89402 18304
89502 58900
89602 34667
89702 23244
89802 1104
89902 1271
90002 13715
90102 59384
