102 31271
202 29012
302 62429
402 29599
502 60251
602 36741
702 28409
802 65340
902 19978
1002 5513
1102 941
1202 18285
1302 59837
1402 55544
1502 47437
1602 34738
1702 42049
1802 53969
1902 329
2002 32317
2102 46928
2202 19479
2302 43969
2402 57084
2502 1509
2602 36232
2702 52752
2802 10930
2902 39875
3002 59590
3102 32654
3202 26687
3302 15128
3402 42951
3502 53449
3602 32199
3702 62739
3802 14744
3902 1192
4002 37818
4102 2387
4202 37551
4302 25541
4402 33774
4502 50813
4602 3453
4702 56827
4802 46042
4902 54991
5002 32559
5102 13350
5202 7586
5302 20217
5402 36887
5502 43638
5602 40634
5702 34632
5802 621
5902 30482
6002 12736
6102 12685
6202 62357
6302 8637
6402 52721
6502 54969
6602 38845
6702 41392
6802 45088
6902 41165
7002 23715
7102 62226
7202 28984
7302 23062
7402 8724
7502 55808
7602 11163
7702 7865
7802 51400
7902 32107
8002 34764
8102 51235
8202 65437
8302 48081
8402 57652
8502 55123
8602 34519
8702 1447
8802 54555
8902 58407
9002 19453
9102 22895
9202 14963
9302 26444
9402 16118
9502 29586
9602 24409
9702 28611
9802 21197
9902 62158
10002 42562
10102 13143
10202 23321
10302 33851
10402 56167
10502 37
10602 9438
10702 57645
10802 18534
10902 54011
11002 65230
11102 63610
11202 61483
11302 24088
11402 53345
11502 41249
11602 53915
11702 20850
11802 54534
11902 49500
12002 59026
12102 46686
12202 9253
12302 3342
12402 32881
12502 61797
12602 15732
12702 10361
12802 1999
12902 29108
13002 59376
13102 54822
13202 42013
13302 42211
13402 57610
13502 5060
13602 27702
13702 23193
13802 22365
13902 25981
14002 43577
14102 50433
14202 16753
14302 38911
14402 63539
14502 39433
14602 30914
14702 45586
14802 49013
14902 50755
15002 15196
15102 16185
15202 8614
15302 11085
15402 30674
15502 43675
15602 29203
15702 23062
15802 30377
15902 53025
16002 47360
16102 10273
16202 64815
16302 31244
16402 49137
16502 44760
16602 3856
16702 39750
16802 8375
16902 6860
17002 38740
17102 55211
17202 62906
17302 12990
17402 28014
17502 7646
17602 40440
17702 48098
17802 7640
17902 6924
18002 14294
18102 57162
18202 1102
18302 54541
18402 29335
18502 45282
18602 59515
18702 56367
18802 19081
18902 60096
19002 65014
19102 28757
19202 30162
19302 21758
19402 56526
19502 61161
19602 15313
19702 10679
19802 11481
19902 53769
20002 6361
20102 14870
20202 44654
20302 4965
20402 370
20502 40664
20602 24200
20702 62010
20802 43006
20902 1502
21002 26880
21102 23555
21202 3093
21302 3073
21402 39568
21502 15683
21602 10245
21702 39544
21802 7801
21902 35637
22002 7008
22102 13373
22202 42376
22302 24060
22402 12909
22502 60498
22602 37593
22702 17566
22802 27992
22902 24285
23002 20147
23102 23141
23202 33511
23302 27698
23402 61792
23502 22550
23602 35913
23702 10177
23802 61653
23902 22876
24002 63453
24102 793
24202 61003
24302 51302
24402 21927
24502 16054
24602 48145
24702 61675
24802 3992
24902 2213
25002 8523
25102 6340
25202 52943
25302 58891
25402 59430
25502 9069
25602 56434
25702 6512
25802 36970
25902 65523
26002 59916
26102 25894
26202 1296
26302 61250
26402 44875
26502 22148
26602 27596
26702 1410
26802 19216
26902 44478
27002 42109
27102 21241
27202 51902
27302 44537
27402 14515
27502 30676
27602 8931
27702 15025
27802 37853
27902 12264
28002 49234
28102 48860
28202 25727
28302 17574
28402 40874
28502 15972
28602 2313
