102 45813
202 2330
302 19578
402 13950
502 54972
602 38739
702 57484
802 11466
902 13337
1002 62303
1102 47861
1202 58730
1302 48225
1402 7281
1502 37509
1602 46227
1702 32695
1802 18051
1902 48191
2002 22510
2102 42897
2202 33552
2302 59177
2402 13824
2502 2804
2602 10478
2702 37655
2802 41877
2902 20919
3002 22981
3102 13916
3202 11434
3302 10015
3402 2017
3502 58392
3602 62982
3702 14522
3802 7624
3902 5153
4002 21086
4102 40798
4202 39508
4302 35072
4402 48975
4502 18568
4602 55
4702 45326
4802 25102
4902 28338
5002 34995
5102 44948
5202 9828
5302 27523
5402 30834
5502 27479
5602 30069
5702 46427
5802 46685
5902 11923
6002 52350
6102 18713
6202 1187
6302 51259
6402 1557
6502 17811
6602 32235
6702 24377
6802 35071
6902 42151
7002 15587
7102 45337
7202 63476
7302 29729
7402 22123
7502 41611
7602 11860
7702 50829
7802 61533
7902 7882
8002 38434
8102 8954
8202 46210
8302 56963
8402 38007
8502 14905
8602 4798
8702 14521
8802 28916
8902 41666
9002 53286
9102 49645
9202 63499
9302 47608
9402 13289
9502 27885
9602 28911
9702 13337
9802 42299
9902 30838
10002 34666
10102 9093
10202 16959
10302 5103
10402 31632
10502 62306
10602 30888
10702 65226
10802 55740
10902 35455
11002 8183
11102 48298
11202 45989
11302 35724
11402 32629
11502 18439
11602 37316
11702 22012
11802 7018
11902 19834
12002 30755
12102 54500
12202 24214
12302 9034
12402 29398
12502 7766
12602 39804
12702 44681
12802 7130
12902 18924
13002 42080
13102 51958
13202 61501
13302 12712
13402 45887
13502 59987
13602 17398
13702 37287
13802 25233
13902 22254
14002 16567
14102 42543
14202 5687
14302 27109
14402 1977
14502 26460
14602 40179
14702 5447
14802 31336
14902 16902
15002 26622
15102 51239
15202 26427
15302 9930
15402 9200
15502 61768
15602 57006
15702 6304
15802 28506
15902 57683
16002 20690
16102 38064
16202 43055
16302 13278
16402 50962
16502 31256
16602 60106
16702 40055
16802 57254
16902 13198
17002 17640
17102 57576
17202 50234
17302 36606
17402 26918
17502 46427
17602 52223
17702 55743
17802 11306
17902 39286
18002 30938
18102 11292
18202 50335
18302 36979
18402 32931
18502 52018
18602 26488
18702 50935
18802 32642
18902 34262
19002 11280
19102 35063
19202 5857
19302 33542
19402 1035
19502 1910
19602 27005
19702 24079
19802 4245
19902 8127
20002 24329
20102 64582
20202 35521
20302 11774
20402 21207
20502 9263
20602 25919
20702 56719
20802 30996
20902 55066
21002 40810
21102 62423
21202 22890
21302 17755
21402 38849
21502 43190
21602 29747
21702 40116
21802 39966
21902 4591
22002 51939
22102 52260
22202 35316
22302 22225
22402 59550
22502 50443
22602 14360
22702 59482
22802 42595
22902 8889
23002 28780
23102 55130
23202 26268
23302 20251
23402 2146
23502 19543
23602 32366
23702 26378
23802 40344
23902 49862
24002 14538
24102 44159
24202 64419
24302 22869
24402 1681
24502 65444
24602 47309
24702 39132
24802 34730
24902 47702
25002 37524
25102 15054
25202 6463
25302 24716
25402 37041
25502 52259
25602 49712
25702 48095
25802 61984
25902 65428
26002 30137
26102 51290
26202 23937
26302 4921
26402 12615
26502 6203
26602 58222
26702 44127
26802 7989
26902 48093
27002 33872
27102 24731
27202 9206
27302 65039
27402 28211
27502 57728
27602 55279
27702 4533
27802 61355
27902 10221
28002 60116
28102 62710
28202 19433
28302 26318
28402 57934
28502 14502
28602 1762
28702 28023
28802 47798
28902 61261
29002 19751
29102 39812
29202 49838
29302 61899
29402 60682
29502 64315
29602 24467
29702 32729
29802 29243
29902 43284
30002 52953
30102 58309
30202 527
30302 16530
30402 64532
30502 38707
30602 38695
30702 37800
30802 2364
30902 64958
31002 20679
31102 1465
31202 34444
31302 24680
31402 10336
31502 18298
31602 63247
31702 59025
31802 33408
31902 41654
32002 55580
32102 63502
32202 42637
32302 51733
32402 52333
32502 63892
32602 50153
32702 13074
32802 56701
32902 7220
33002 27347
33102 53762
33202 39894
33302 18381
33402 14949
33502 43217
33602 6820
33702 39389
33802 26350
33902 53507
34002 34104
34102 26995
34202 17437
34302 64780
34402 48125
34502 17226
34602 54716
34702 44161
34802 63201
34902 24116
35002 56678
35102 44223
35202 30043
35302 13347
35402 35444
35502 8658
35602 63208
35702 58107
35802 35450
35902 26910
36002 41311
36102 64449
36202 36330
36302 4760
36402 44975
36502 761
36602 9577
36702 3809
36802 50416
36902 58212
37002 42417
37102 49303
37202 21311
37302 16297
37402 6362
37502 19093
37602 28585
37702 30054
37802 8594
37902 19099
38002 122
38102 5209
38202 13074
38302 60550
38402 39202
38502 64046
38602 6439
38702 11315
38802 56515
38902 21921
39002 51288
39102 57068
39202 11794
39302 29747
39402 20514
39502 10958
39602 54188
39702 4433
39802 27029
39902 17729
40002 18859
40102 30263
40202 22613
40302 24001
40402 9650
40502 58702
40602 9767
40702 39559
40802 63406
40902 63175
41002 38513
41102 17666
41202 62288
41302 6094
41402 2939
41502 19798
41602 34389
41702 39462
41802 3838
41902 2981
42002 41990
42102 3674
42202 26479
42302 24429
42402 35480
42502 38320
42602 31817
42702 17416
42802 640
42902 37425
43002 60728
43102 47596
43202 43472
43302 20708
43402 29466
43502 19687
43602 32908
43702 38728
43802 41724
43902 25579
44002 2027
44102 46118
44202 27691
44302 34823
44402 5947
44502 49564
44602 5452
44702 4051
44802 29774
44902 28869
45002 24187
45102 34048
45202 65337
45302 64753
45402 38087
45502 16053
45602 31038
45702 14225
45802 30379
45902 8500
46002 6826
46102 7881
46202 50309
46302 39268
46402 40061
46502 41977
46602 11627
46702 64506
46802 19899
46902 288
47002 49222
47102 4831
47202 8782
47302 24952
47402 24035
47502 24335
47602 48201
47702 43022
47802 27358
47902 12679
48002 28380
48102 9139
48202 50086
48302 45919
48402 19480
48502 24970
48602 48216
48702 59238
48802 42577
48902 501
49002 54579
49102 24722
49202 30301
49302 24474
49402 29494
49502 64920
49602 40733
49702 38539
49802 64590
49902 26462
50002 35393
50102 38481
50202 37658
50302 36915
50402 55938
50502 33956
50602 44363
50702 55511
50802 3731
50902 33212
51002 5345
51102 25856
51202 59433
51302 9054
51402 36905
51502 44757
51602 1473
51702 63322
51802 28167
51902 43284
52002 65072
52102 13654
52202 53706
52302 19207
52402 16305
52502 43554
52602 42540
52702 42614
52802 20299
52902 5347
53002 12609
53102 24219
53202 57552
53302 17845
53402 24564
53502 47476
53602 35548
53702 8063
53802 20470
53902 32776
54002 3798
54102 23523
54202 3876
54302 59529
54402 20592
54502 53334
54602 21254
54702 19782
54802 33646
54902 32061
55002 61926
55102 49088
55202 32617
55302 60665
55402 56219
55502 25107
55602 32726
55702 4183
55802 42919
55902 65186
56002 19711
56102 32304
56202 24573
56302 25174
56402 54053
56502 2201
56602 30785
56702 33457
56802 45715
56902 48601
57002 14870
57102 44704
57202 15630
57302 36380
57402 60101
57502 65104
57602 20122
57702 32942
57802 48292
57902 51019
58002 8051
58102 46567
58202 46613
58302 55946
58402 55573
58502 25424
58602 19621
58702 58012
58802 24805
58902 64932
59002 33282
59102 10915
59202 24164
59302 29358
59402 7717
59502 56563
59602 151
59702 4840
59802 58346
59902 56471
60002 43210
60102 8671
60202 54089
60302 35749
60402 38709
60502 7038
60602 11739
60702 48615
60802 15091
60902 11579
61002 64890
61102 34835
61202 65437
61302 34910
61402 26650
61502 7858
61602 26188
61702 57513
61802 7254
61902 44465
62002 61656
62102 34320
62202 45411
62302 55026
62402 6151
62502 46968
62602 57173
62702 2399
62802 24160
62902 59786
63002 30750
63102 43302
63202 13408
63302 45180
63402 11038
63502 37502
63602 14963
63702 15726
63802 15018
63902 32895
64002 27976
64102 34128
64202 62399
64302 33073
64402 21350
64502 25728
64602 44090
64702 41895
64802 61686
64902 27645
65002 56170
65102 18772
65202 58033
65302 40589
65402 19220
65502 46677
65602 478
65702 27559
65802 64774
65902 5641
66002 48998
66102 15905
66202 11681
66302 12155
66402 21465
66502 43937
66602 25732
66702 33433
66802 59708
66902 49893
67002 65021
67102 20565
67202 18816
67302 39371
67402 65067
67502 21032
67602 51496
67702 3520
67802 46092
67902 11654
68002 3157
68102 56166
68202 10941
68302 40833
68402 27239
68502 53129
68602 38095
68702 293
68802 51635
68902 33274
69002 11217
69102 21524
69202 23343
69302 6745
69402 64853
69502 26810
69602 44208
69702 31298
69802 2674
69902 45241
70002 40781
70102 40378
70202 7339
70302 2009
70402 57658
70502 29528
70602 45993
70702 32705
70802 1199
70902 47641
71002 42177
71102 41406
71202 9746
71302 27264
71402 17877
71502 32597
71602 36932
71702 29835
71802 5527
71902 40578
72002 35222
72102 53272
72202 40180
72302 20045
72402 20809
72502 38835
72602 64886
72702 38198
72802 57394
72902 59236
73002 8382
73102 27302
73202 33364
73302 30840
73402 61038
73502 45309
73602 41650
73702 10214
73802 13646
73902 18424
74002 7827
74102 45155
74202 23941
74302 41368
74402 49596
74502 24560
74602 38119
74702 41481
74802 16825
74902 22994
75002 416
75102 12263
75202 77
75302 22082
75402 34543
75502 32275
75602 8146
75702 32763
75802 54969
75902 59925
76002 38508
76102 1838
76202 36503
76302 26343
76402 34594
76502 31370
76602 8741
76702 21458
76802 30487
76902 43890
77002 5083
77102 58329
77202 34897
77302 12452
77402 54195
77502 15414
77602 29723
77702 54252
77802 42869
77902 48999
78002 2689
78102 24406
78202 51885
78302 6065
78402 62810
78502 5430
78602 40646
78702 34388
78802 11380
78902 29783
79002 38044
79102 57869
79202 21197
79302 2135
79402 39457
79502 4235
79602 35666
79702 25842
79802 54665
79902 38356
80002 38793
80102 33421
80202 45687
80302 12054
80402 53745
80502 24734
80602 17189
80702 6936
80802 12761
80902 51794
81002 26296
81102 38565
81202 46400
81302 64369
81402 27304
81502 29283
81602 51349
81702 25278
81802 5897
81902 48898
82002 56952
82102 53510
82202 42093
82302 43758
82402 61884
82502 59518
82602 61954
82702 11141
82802 3653
82902 6848
83002 23978
83102 18935
83202 41738
83302 29303
83402 29352
83502 3493
83602 18786
83702 37078
83802 8195
83902 58460
84002 24953
84102 20323
84202 58388
84302 53075
84402 8934
84502 27135
84602 12672
84702 55538
84802 35356
84902 35421
85002 26723
85102 16538
85202 64014
85302 43089
85402 32930
85502 3968
85602 63290
85702 57133
85802 26555
85902 11335
86002 14249
86102 14170
86202 44305
86302 26001
86402 7622
86502 18508
86602 20647
86702 2786
86802 49904
86902 30956
87002 64958
87102 16701
87202 56273
87302 55538
87402 53937
87502 11365
87602 57507
87702 23278
87802 29527
87902 38699
88002 11035
88102 31475
88202 32077
88302 39923
88402 5231
88502 40960
88602 46656
88702 29995
88802 35047
88902 63978
89002 3108
89102 28386
89202 34037
89302 55176
89402 36656
89502 49464
89602 26890
89702 13756
89802 13565
89902 49401
90002 58899
90102 24856
90202 25580
90302 37406
90402 1547
