102 49053
202 36814
302 7019
402 64144
502 24889
602 1361
702 25946
802 42516
902 31938
1002 64015
1102 15816
1202 56077
1302 38364
1402 29797
1502 22166
1602 52834
1702 36971
1802 50901
1902 35408
2002 48906
2102 28194
2202 10441
2302 19069
2402 24431
2502 17221
2602 41269
2702 25162
2802 39184
2902 20719
3002 34964
3102 50780
3202 41955
3302 51725
3402 19308
3502 37641
3602 7532
3702 62467
3802 29646
3902 29826
4002 48512
4102 33977
4202 39955
4302 55435
4402 10522
4502 64348
4602 63336
4702 60664
4802 43548
4902 14009
5002 1328
5102 10946
5202 12395
5302 45928
5402 64004
5502 61334
5602 11947
5702 22022
5802 6385
5902 61945
6002 12222
6102 63080
6202 8488
6302 60795
6402 18554
6502 11518
6602 35967
6702 28087
6802 53280
6902 47304
7002 40969
7102 33504
7202 9197
7302 25559
7402 34717
7502 28564
7602 37010
7702 38482
7802 21676
7902 57835
8002 56787
8102 18174
8202 56794
8302 44661
8402 61611
8502 24646
8602 44683
8702 40852
8802 41028
8902 47561
9002 22269
9102 55750
9202 42329
9302 15749
9402 7477
9502 64613
9602 52668
9702 51421
9802 57656
9902 52476
10002 19357
10102 25764
10202 33394
10302 2652
10402 53289
10502 22165
10602 41017
10702 22217
10802 11868
10902 10953
11002 62885
11102 62722
11202 12979
11302 14341
11402 55995
11502 61068
11602 49917
11702 21785
11802 65398
11902 25879
12002 9491
12102 24257
12202 8437
12302 32612
12402 16337
12502 27569
12602 38205
12702 29863
12802 57428
12902 33724
13002 61559
13102 36916
13202 16542
13302 5941
13402 2628
13502 49237
13602 59841
13702 38027
13802 27811
13902 54807
14002 50163
14102 30349
14202 64827
14302 46184
14402 50039
14502 55262
14602 20953
14702 55583
14802 48933
14902 35247
15002 13306
15102 5112
15202 2677
15302 30772
15402 13425
15502 58897
15602 63884
15702 1508
15802 32197
15902 40467
16002 42213
16102 49998
16202 58398
16302 34224
16402 47059
16502 8599
16602 2401
16702 29542
16802 62884
16902 8546
17002 31048
17102 39016
17202 44516
17302 31731
17402 40277
17502 22026
17602 59862
17702 5387
17802 52203
17902 59934
18002 54347
18102 55533
18202 58322
18302 57309
18402 60232
18502 6915
18602 10964
18702 6775
18802 31715
18902 33329
19002 1809
19102 41825
19202 60533
19302 62886
19402 62263
19502 51444
19602 19528
19702 2127
19802 65283
19902 34881
20002 60482
20102 46054
20202 860
20302 6572
20402 31029
20502 25642
20602 17606
20702 12240
20802 40364
20902 53878
21002 64772
21102 45031
21202 57393
21302 44349
21402 42951
21502 41401
21602 35073
21702 55348
21802 17463
21902 35670
22002 52920
22102 51358
22202 65472
22302 35198
22402 3167
22502 18557
22602 16324
22702 8533
22802 21363
22902 20544
23002 8378
23102 50589
23202 29844
23302 741
23402 52927
23502 9058
23602 58211
23702 15580
23802 57331
23902 9411
24002 26853
24102 60710
24202 45757
24302 27268
24402 52195
24502 52545
24602 1337
24702 14592
24802 41809
24902 58431
25002 12059
25102 28552
25202 16725
25302 61583
25402 48866
25502 967
25602 17498
25702 41250
25802 30951
25902 38824
26002 6645
26102 8910
26202 23160
26302 34618
26402 25832
26502 3435
26602 2483
26702 19248
26802 18404
26902 28430
27002 13667
27102 779
27202 14100
27302 21679
27402 61820
27502 54331
27602 3956
27702 56182
27802 5490
27902 9394
28002 46414
28102 41794
28202 9172
28302 7603
28402 35315
28502 19026
28602 61310
28702 22383
28802 19220
28902 53502
29002 25028
29102 14349
29202 34663
29302 53361
29402 48054
29502 22280
29602 26983
29702 34870
29802 7680
29902 13393
30002 48121
30102 32699
30202 13233
30302 42578
30402 45902
30502 63340
30602 54863
30702 13972
30802 27179
30902 6871
31002 49566
31102 12103
31202 406
31302 29710
31402 38382
31502 4044
31602 47023
31702 24831
31802 29960
31902 11719
32002 54661
32102 45059
32202 7540
32302 43116
32402 46910
32502 58370
32602 48045
32702 23205
32802 21077
32902 51865
33002 54828
33102 56062
33202 29257
33302 56449
33402 52753
33502 17681
33602 2350
33702 35221
33802 51974
33902 8716
34002 33520
34102 39437
34202 49178
34302 25152
34402 10249
34502 31445
34602 33559
34702 14253
34802 63199
34902 64697
35002 27935
35102 17785
35202 51315
35302 4855
35402 41436
35502 32367
35602 20706
35702 15003
35802 63776
35902 1404
36002 48796
36102 2670
36202 44206
36302 42980
36402 57677
36502 65019
36602 12346
36702 37538
36802 63460
36902 1544
37002 13153
37102 15117
37202 35305
37302 53845
37402 62867
37502 16081
37602 5835
37702 11632
37802 39624
37902 14635
38002 7922
38102 3424
38202 63410
38302 1942
38402 43095
38502 15110
38602 18794
38702 12582
38802 6622
38902 50488
39002 52587
39102 56402
39202 2620
39302 61352
39402 11892
39502 21178
39602 27149
39702 14378
39802 54358
39902 50962
40002 58292
40102 7431
40202 48463
40302 15718
40402 59488
40502 26507
40602 38722
40702 19151
40802 3082
40902 8469
41002 28760
41102 40364
41202 5924
41302 54335
41402 3457
41502 17215
41602 12034
41702 264
41802 51112
41902 25301
42002 13046
42102 34510
42202 37439
42302 25308
42402 4828
42502 58245
42602 59799
42702 19915
42802 54758
42902 12756
43002 1937
43102 14352
43202 43180
43302 59357
43402 27961
43502 25052
43602 44827
43702 48066
43802 31122
43902 49274
44002 43910
44102 25739
44202 13037
44302 21418
44402 55296
44502 15103
44602 43802
44702 63670
44802 55032
44902 18380
45002 35889
45102 40732
45202 16173
45302 24826
45402 2133
45502 13168
45602 7358
45702 40134
45802 20529
45902 60949
46002 7967
46102 11156
46202 21520
46302 18464
46402 55808
46502 4009
46602 20558
46702 46087
46802 5594
46902 10284
47002 40279
47102 57300
47202 50800
47302 48514
47402 39615
47502 3286
47602 17826
47702 11468
47802 42751
47902 30838
48002 37288
48102 19831
48202 9565
48302 51210
48402 12101
48502 61117
48602 37191
48702 51830
48802 29330
48902 18033
49002 35946
49102 51354
49202 52961
49302 55540
49402 38023
49502 52752
49602 4015
49702 20270
49802 62300
49902 28646
50002 47863
50102 25696
50202 61750
50302 28389
50402 1743
50502 46123
50602 51394
50702 46451
50802 13809
50902 4283
51002 36792
51102 65099
51202 53004
51302 7316
51402 39876
51502 6127
51602 6939
51702 49781
51802 26569
51902 49519
52002 14542
52102 4382
52202 22988
52302 1019
52402 42690
52502 47674
52602 40605
52702 44332
52802 47114
52902 25874
53002 57038
53102 20909
53202 41403
53302 4639
53402 3322
53502 9992
53602 12365
53702 39304
53802 63658
53902 23096
54002 13369
54102 2489
54202 36486
54302 56048
54402 17972
54502 47721
54602 60040
54702 60452
54802 56501
54902 32330
55002 35520
55102 1053
55202 56338
55302 50027
55402 48057
55502 37285
55602 49332
55702 1086
55802 37261
55902 43341
56002 62426
56102 51381
56202 10411
56302 13694
56402 28066
56502 17614
56602 36197
56702 49438
56802 40908
56902 56187
57002 9238
57102 4043
57202 4479
57302 44682
57402 43676
57502 59607
57602 62891
57702 48854
57802 9124
57902 54793
58002 19656
58102 64953
58202 37054
58302 36025
58402 59718
58502 33132
58602 60366
58702 28916
58802 47951
58902 59221
59002 28848
59102 29467
59202 22294
59302 38379
59402 59395
59502 18478
59602 35167
59702 47326
59802 31474
59902 12731
60002 39330
60102 28468
60202 37560
60302 33818
60402 8650
60502 20471
60602 8788
60702 46087
60802 638
60902 9555
61002 2949
61102 52092
61202 34782
61302 18438
61402 57337
61502 33950
61602 62621
61702 31711
61802 13565
61902 8680
62002 20064
62102 43600
62202 48024
62302 20633
62402 63770
62502 7651
62602 45055
62702 14998
62802 9033
62902 12046
63002 59656
63102 24680
63202 65491
63302 25893
63402 12653
63502 38432
63602 2582
63702 57542
63802 48567
63902 4807
64002 29983
64102 6761
64202 51962
64302 47388
64402 50533
64502 56298
64602 62913
64702 15736
64802 42629
64902 64309
65002 12034
65102 17288
65202 38049
65302 5110
65402 48134
65502 20269
65602 50247
65702 34244
65802 19496
65902 25744
66002 22310
66102 7816
66202 34203
66302 41903
66402 23351
66502 46521
66602 14257
66702 40230
66802 57279
66902 32375
67002 58564
67102 19829
67202 33594
67302 54294
67402 1829
67502 42952
67602 8378
67702 22078
67802 49056
67902 11980
68002 19656
68102 63108
68202 35040
68302 34888
68402 23329
68502 50828
68602 56603
68702 34380
68802 32244
68902 26995
69002 29694
69102 65378
69202 42896
69302 39595
69402 51694
69502 13335
69602 43932
69702 56727
69802 49423
69902 6624
70002 61119
70102 9075
70202 63027
70302 18080
70402 38072
70502 14770
70602 61589
70702 20214
70802 33306
70902 1024
71002 17983
71102 23865
71202 15209
71302 12445
71402 13303
71502 43361
71602 39719
71702 29154
71802 12883
71902 54593
72002 453
72102 65118
72202 4880
72302 63585
72402 17790
72502 40777
72602 33685
72702 53737
72802 11529
72902 52819
73002 42035
73102 26599
73202 24410
73302 4293
73402 29519
73502 48337
73602 4877
73702 45198
73802 13868
73902 4924
74002 25257
74102 45361
74202 46631
74302 33187
74402 55134
74502 42033
74602 30127
74702 14253
74802 37518
74902 54937
75002 17223
75102 44695
75202 19037
75302 61223
75402 50822
75502 55027
75602 41614
75702 30037
75802 32559
75902 18181
76002 45737
76102 36321
76202 9891
76302 6048
76402 40224
76502 20180
76602 57862
76702 52949
76802 27906
76902 15109
77002 26315
77102 31391
77202 30964
77302 25192
77402 22911
77502 45305
77602 39213
77702 28371
77802 578
77902 51968
78002 21547
78102 13804
78202 28738
78302 12037
78402 8832
78502 4303
78602 16641
78702 4490
78802 16365
78902 36825
79002 41586
79102 15692
79202 38138
79302 35892
79402 3321
79502 54147
79602 35827
79702 14793
79802 56283
79902 56261
80002 57900
80102 27219
80202 61844
80302 13516
80402 14497
80502 46060
80602 7442
80702 46439
80802 21243
80902 9190
81002 32981
81102 23315
81202 58209
81302 50187
81402 17700
81502 33922
81602 61793
81702 52098
81802 50917
81902 29151
82002 58309
82102 44320
82202 2896
82302 23177
82402 449
82502 23333
82602 29669
82702 7392
82802 9698
82902 37044
83002 5580
83102 13602
83202 47274
83302 56048
83402 31423
83502 46656
83602 65380
83702 31087
83802 32250
83902 47683
84002 49829
84102 3744
84202 5732
84302 16687
84402 55687
84502 19156
84602 19323
84702 37605
84802 25681
84902 54654
85002 50537
85102 35987
85202 38447
85302 15637
85402 57317
85502 39301
85602 9098
85702 17086
85802 58746
85902 42916
86002 22577
86102 3002
86202 819
86302 23819
86402 46421
86502 54409
86602 59572
86702 3811
86802 32879
86902 10177
87002 15187
87102 12093
87202 12050
87302 11366
87402 38808
87502 5147
87602 15001
87702 25771
87802 13375
87902 36720
88002 60142
88102 21889
88202 57728
88302 9807
88402 60802
88502 15347
88602 13053
88702 60238
88802 35423
88902 23762
89002 11847
89102 28709
89202 51367
89302 10104
89402 29201
89502 30599
89602 18189
89702 50350
89802 22850
89902 15694
90002 13995
90102 56869
