102 13933
202 36303
302 8304
402 16590
502 6093
602 32130
702 44739
802 12539
902 27339
1002 34037
1102 25292
1202 40114
1302 31100
1402 14238
1502 44630
1602 10806
1702 62977
1802 47247
1902 6867
2002 36882
2102 23213
2202 4099
2302 29021
2402 54199
2502 34294
2602 46618
2702 44208
2802 37946
2902 29815
3002 1283
3102 38309
3202 17400
3302 27455
3402 65292
3502 50131
3602 32372
3702 40252
3802 50173
3902 59923
4002 26852
4102 30317
4202 2098
4302 8349
4402 9783
4502 53094
4602 7786
4702 16540
4802 55944
4902 39577
5002 35758
5102 38570
5202 51393
5302 34568
5402 45467
5502 40546
5602 6585
5702 8595
5802 41137
5902 59380
6002 49393
6102 4159
6202 47
6302 63501
6402 22892
6502 14203
6602 8212
6702 9620
6802 48402
6902 10203
7002 12342
7102 33152
7202 16154
7302 51199
7402 39634
7502 54077
7602 56123
7702 61594
7802 130
7902 1727
8002 21385
8102 13652
8202 29243
8302 55664
8402 52844
8502 8360
8602 32399
8702 5016
8802 21414
8902 43995
9002 10276
9102 43724
9202 39090
9302 35158
9402 8916
9502 50517
9602 12560
9702 27485
9802 1366
9902 12239
10002 42415
10102 31105
