102 14172
202 43576
302 58856
402 35524
502 44725
602 48443
702 64474
802 39786
902 47309
1002 17810
1102 872
1202 40216
1302 59935
1402 28191
1502 64421
1602 19702
1702 59632
1802 59418
1902 52046
2002 17683
2102 41469
2202 7986
2302 8672
2402 59783
2502 47177
2602 59095
2702 33118
2802 61698
2902 28616
3002 3290
3102 53604
3202 6778
3302 48928
3402 32082
3502 28461
3602 12053
3702 19255
3802 7571
3902 49482
4002 44175
4102 21329
4202 41746
4302 49567
4402 7315
4502 58724
4602 1744
4702 21754
4802 58883
4902 14552
5002 47163
5102 61460
5202 63258
5302 63606
5402 50766
5502 20147
5602 6748
5702 12792
5802 58568
5902 18863
6002 34515
6102 27285
6202 47523
6302 30612
6402 51394
6502 44708
6602 63718
6702 23910
6802 41423
6902 4831
7002 56063
7102 6617
7202 49447
7302 17428
7402 55034
7502 30061
7602 16356
7702 25875
7802 50920
7902 15398
8002 6264
8102 2938
8202 28303
8302 45741
8402 29053
8502 14923
8602 40009
8702 10846
8802 39086
8902 4260
9002 40005
9102 51676
9202 36994
9302 915
9402 33300
9502 58952
9602 12565
9702 51131
9802 42087
9902 64734
10002 4559
10102 65477
10202 26388
10302 21843
10402 47141
10502 41473
10602 36529
10702 4199
10802 22659
10902 10060
11002 3557
11102 30440
11202 32609
11302 63672
11402 7286
11502 63291
11602 7398
11702 7353
11802 52814
11902 32291
12002 13208
12102 11095
12202 41642
12302 27537
12402 2552
12502 64659
12602 29643
12702 27703
12802 60211
12902 54707
13002 6485
13102 15470
13202 3676
13302 42361
13402 16176
13502 17998
13602 47267
13702 25219
13802 22474
13902 64089
14002 30957
14102 56946
14202 24938
14302 14537
14402 25720
14502 4282
14602 61598
14702 28631
14802 54832
14902 20417
15002 42967
15102 4180
15202 63181
15302 24692
15402 63429
15502 50649
15602 21792
15702 58448
15802 15791
15902 49623
16002 8072
16102 47300
16202 7038
16302 64023
16402 54166
16502 55844
16602 33787
16702 12831
16802 23380
16902 47923
17002 33712
17102 53793
17202 23038
17302 4150
17402 37943
17502 47621
17602 50191
17702 47516
17802 44663
17902 59682
18002 40609
18102 35811
18202 59076
18302 57762
18402 13077
18502 29536
18602 28887
18702 36441
18802 39993
18902 60118
19002 6089
19102 35209
19202 59947
19302 31749
19402 6070
19502 11711
19602 8894
19702 50749
19802 54072
19902 20161
20002 17367
20102 11257
20202 6914
20302 5204
20402 46614
20502 9030
20602 20866
20702 19811
20802 7041
20902 33078
21002 8305
21102 57454
21202 44290
21302 41572
21402 39243
21502 40496
21602 39567
21702 57744
21802 41007
21902 6944
22002 19348
22102 55923
22202 6845
22302 26578
22402 21324
22502 17520
22602 16250
22702 17259
22802 39617
22902 32137
23002 62574
23102 34290
23202 45622
23302 44826
23402 41927
23502 58793
23602 29138
23702 51374
23802 16462
23902 31675
24002 26211
24102 29131
24202 49867
24302 15123
24402 20217
24502 1412
24602 18601
24702 47754
24802 17132
24902 44131
25002 35949
25102 40246
25202 26265
25302 28884
25402 3273
25502 42750
25602 25468
25702 45124
25802 18939
25902 17311
26002 55487
26102 28165
26202 13338
26302 11326
26402 39483
26502 47948
26602 22787
26702 62998
26802 59025
26902 46853
27002 53969
27102 40943
27202 54094
27302 62585
27402 14680
27502 64227
27602 48558
27702 6606
27802 50542
27902 44081
28002 44334
28102 23090
28202 53084
28302 64667
28402 25456
28502 58771
28602 56396
28702 33939
28802 28013
28902 43685
29002 44715
29102 19132
29202 1608
29302 45751
29402 3662
29502 54724
29602 60632
29702 3354
29802 3287
29902 45302
30002 1807
30102 13220
30202 13441
30302 12697
30402 26417
30502 28764
