102 45813
202 53678
302 20085
402 60613
502 57184
602 33618
702 49065
802 41773
902 9262
1002 32941
1102 16588
1202 26931
1302 62226
1402 35945
1502 19961
1602 12171
1702 31917
1802 17817
1902 62911
2002 52254
2102 37740
2202 51525
2302 16069
2402 29663
2502 43898
2602 36370
2702 57288
2802 8464
2902 16866
3002 39992
3102 20181
3202 20571
3302 15577
3402 12885
3502 11835
3602 51386
3702 16975
3802 63636
3902 51125
4002 18798
4102 9427
4202 39896
4302 28658
4402 1514
4502 37780
4602 39967
4702 14949
4802 32103
4902 56050
5002 8190
5102 51532
5202 58749
5302 38724
5402 14066
5502 18228
5602 22975
5702 51557
5802 10085
5902 2830
6002 59042
6102 4079
6202 50912
6302 16402
6402 19579
6502 36638
6602 48236
6702 46527
6802 4918
6902 48264
7002 23627
7102 37530
7202 24345
7302 5869
7402 4225
7502 56360
7602 28829
7702 31154
7802 38431
7902 14466
8002 58586
8102 39853
8202 52108
8302 9530
8402 46101
8502 43726
8602 4694
8702 31224
8802 46618
8902 4842
9002 40929
9102 22791
9202 50401
9302 22936
9402 25676
9502 31928
9602 15323
9702 60503
9802 34402
9902 7154
10002 33076
10102 62782
10202 45225
10302 3656
10402 56413
10502 40905
10602 56075
10702 34375
10802 12403
10902 14080
11002 37576
11102 6301
11202 46208
11302 54134
11402 56264
11502 51420
11602 13702
11702 19890
11802 2898
11902 7562
12002 12619
12102 16611
12202 49299
12302 34229
12402 40776
12502 32269
12602 62124
12702 17709
12802 17535
12902 64196
13002 55868
13102 35543
13202 55143
13302 20708
13402 12090
13502 57093
13602 21951
13702 37297
13802 7462
13902 20691
14002 14943
14102 17532
14202 47704
14302 16720
14402 37246
14502 25675
14602 47258
14702 10128
14802 18420
14902 19414
15002 36168
15102 23106
15202 62520
15302 50190
15402 40956
15502 19207
15602 63719
15702 30908
15802 50174
15902 17966
16002 50596
16102 61656
16202 35990
16302 63904
16402 34418
16502 34092
16602 17549
16702 32848
16802 8321
16902 44783
17002 64736
17102 25821
17202 44270
17302 22990
17402 49401
17502 4783
17602 9140
17702 11119
17802 28229
17902 16927
18002 38686
18102 16911
18202 30428
18302 63199
18402 3776
18502 31508
18602 23257
18702 34716
18802 58090
18902 62439
19002 60013
19102 60689
19202 24237
19302 28285
19402 26245
19502 54618
19602 18500
19702 5034
19802 21594
19902 47976
20002 42900
20102 24732
20202 38385
20302 8374
20402 50913
20502 40964
20602 61464
20702 17413
20802 49387
20902 46440
21002 40250
21102 33485
21202 38981
21302 48276
21402 38015
21502 52678
21602 26447
21702 60041
21802 39733
21902 60555
22002 54650
22102 26751
22202 4779
22302 44215
22402 24818
22502 55592
22602 7138
22702 16440
22802 15688
22902 62775
23002 56628
23102 2092
23202 20858
23302 45430
23402 65236
23502 54849
23602 30831
23702 30783
23802 8308
23902 57272
24002 45297
24102 58999
24202 46862
24302 56561
24402 27647
24502 7575
24602 47681
24702 23403
24802 22732
24902 32388
25002 55924
25102 2794
25202 59029
25302 42501
25402 30148
25502 37446
25602 19079
25702 49943
25802 49281
25902 5943
26002 28630
26102 49427
26202 31202
26302 27972
26402 4169
26502 46899
26602 31651
26702 16062
26802 34854
26902 39902
27002 64620
27102 13784
27202 44945
27302 47491
27402 56594
27502 64669
27602 59226
27702 11053
27802 22262
27902 41207
28002 21412
28102 34046
28202 10056
28302 2563
28402 47802
28502 37589
28602 12408
28702 53079
28802 33864
28902 10459
29002 18169
29102 10823
29202 61003
29302 55048
29402 32267
29502 21286
29602 41056
29702 15601
29802 60607
29902 6080
30002 44255
30102 22811
30202 34807
30302 35533
30402 60450
30502 38256
30602 64598
30702 57558
30802 10294
30902 40775
31002 17452
31102 12214
31202 36280
31302 31411
31402 12818
31502 47441
31602 47312
31702 32695
31802 40071
31902 1986
32002 57409
32102 8981
32202 38756
32302 19142
32402 57898
32502 27716
32602 64086
32702 9609
32802 33715
32902 41450
33002 23778
33102 4811
33202 27600
33302 46258
33402 20692
33502 11875
33602 11013
33702 10211
33802 35616
33902 55539
34002 9075
34102 42951
34202 51059
34302 64115
34402 21722
34502 22139
34602 23486
34702 801
34802 49233
34902 9380
35002 44728
35102 3801
35202 25290
35302 17708
35402 43144
35502 22626
35602 50694
35702 44958
35802 62875
35902 41621
36002 5333
36102 12679
36202 20715
36302 8006
36402 59707
36502 43832
36602 2618
36702 19407
36802 13141
36902 36000
37002 26807
37102 32836
37202 58234
37302 35616
37402 54404
37502 37955
37602 346
37702 59200
37802 33438
37902 38068
38002 524
38102 41280
38202 63934
38302 23129
38402 42806
38502 42676
38602 12663
38702 47916
38802 570
38902 62085
39002 57130
39102 29691
39202 2644
39302 28181
39402 31573
39502 54049
39602 657
39702 55166
39802 5974
39902 47595
40002 12543
40102 4752
40202 64031
40302 4980
40402 22555
40502 13606
40602 13296
40702 47983
40802 27239
40902 58638
41002 45080
41102 47921
41202 47302
41302 47978
41402 25787
41502 65151
41602 21882
41702 6226
41802 35535
41902 28941
42002 11648
42102 35126
42202 28760
42302 40974
42402 28626
42502 28312
42602 52129
42702 4119
42802 20859
42902 7914
43002 35872
43102 54257
43202 34652
43302 232
43402 26498
43502 9153
43602 53000
43702 45245
43802 48325
43902 35528
44002 36942
44102 46865
44202 7993
44302 48338
44402 8867
44502 50929
44602 13843
44702 53977
44802 20345
44902 46325
45002 44771
45102 20656
45202 2834
45302 37868
45402 47752
45502 52791
45602 49525
45702 19130
45802 16663
45902 26674
46002 43276
46102 34310
46202 5179
46302 52425
46402 16723
46502 5221
46602 52291
46702 62809
46802 8870
46902 42799
47002 60812
47102 30440
47202 23059
47302 28317
47402 38529
47502 24824
47602 39573
47702 15637
47802 44076
47902 57990
48002 10423
48102 34222
48202 57948
48302 9836
48402 39988
48502 23497
48602 47489
48702 8568
48802 64766
48902 28255
49002 28812
49102 4436
49202 14154
49302 63952
49402 26810
49502 13102
49602 43075
49702 19242
49802 48842
49902 40590
50002 55283
50102 20593
50202 18190
50302 35311
50402 23777
50502 60634
50602 62183
50702 58398
50802 49384
50902 17410
51002 13160
51102 24465
51202 38349
51302 37333
51402 59415
51502 22352
51602 25180
51702 49528
51802 23994
51902 20564
52002 58708
52102 42636
52202 37101
52302 24839
52402 27206
52502 7473
52602 61962
52702 47943
52802 27157
52902 49257
53002 30725
53102 23413
53202 5177
53302 16493
53402 50562
53502 9786
53602 25172
53702 20152
53802 42926
53902 3375
54002 1403
54102 52019
54202 48387
54302 13688
54402 48497
54502 38025
54602 19565
54702 22377
54802 14851
54902 63509
55002 54827
55102 8013
55202 29270
55302 61360
55402 59287
55502 41276
55602 18864
55702 36475
55802 16896
55902 26288
56002 32081
56102 25505
56202 48229
56302 19826
56402 6567
56502 49311
56602 56257
56702 40282
56802 8744
56902 63440
57002 3038
57102 16836
57202 19538
57302 53443
57402 13012
57502 8384
57602 43813
57702 4625
57802 49835
57902 48563
58002 12386
58102 64398
58202 37432
58302 45575
58402 28800
58502 19745
58602 59601
58702 61117
58802 27404
58902 59477
59002 52378
59102 29621
59202 20899
59302 16027
59402 47324
59502 23644
59602 9734
59702 44
59802 51862
59902 4043
60002 31908
60102 6644
60202 44852
60302 53782
60402 40157
60502 59615
60602 23787
60702 16831
60802 56983
60902 6965
61002 18794
61102 43692
61202 37830
61302 54014
61402 7059
61502 40683
61602 23149
61702 491
61802 45527
61902 23808
62002 62239
62102 53807
62202 31167
62302 46563
62402 45895
62502 25100
62602 20951
62702 20045
62802 6267
62902 63227
63002 44074
63102 6517
63202 26168
63302 47993
63402 56402
63502 48033
63602 17223
63702 33471
63802 48029
63902 961
64002 19367
64102 13089
64202 3434
64302 36806
64402 36549
64502 43778
64602 62958
64702 12313
64802 56875
64902 30414
65002 22045
65102 56302
65202 27119
65302 39024
65402 28390
65502 54925
65602 58077
65702 17657
65802 9482
65902 33421
66002 50150
66102 46694
66202 25701
66302 32426
66402 29389
66502 15691
66602 35693
66702 47961
66802 24134
66902 32681
67002 60561
67102 26423
67202 2743
67302 9894
67402 9761
67502 58612
67602 29785
67702 59095
67802 32055
67902 33650
68002 40140
68102 29338
68202 48410
68302 34356
68402 60681
68502 64552
68602 39214
68702 17848
68802 52064
68902 13965
69002 38016
69102 44244
69202 11825
69302 54798
69402 33847
69502 64935
69602 42956
69702 4667
69802 41093
69902 21816
70002 33233
70102 58048
70202 37279
70302 26151
70402 48762
70502 63858
70602 13728
70702 56399
70802 26097
70902 6704
71002 619
71102 21592
71202 50241
71302 47859
71402 15883
71502 35171
71602 19760
71702 47474
71802 21388
71902 51538
72002 63600
72102 2535
72202 50296
72302 47791
72402 57645
72502 22754
72602 61618
72702 25592
72802 63360
72902 48810
73002 51421
73102 55141
73202 44416
73302 20125
73402 18143
73502 53819
73602 14354
73702 11451
73802 56958
73902 15536
74002 1761
74102 55480
74202 16023
74302 60520
74402 40956
74502 50642
74602 8075
74702 14258
74802 12960
74902 13518
75002 2103
75102 1296
75202 59448
75302 54657
75402 42834
75502 26645
75602 39220
75702 2167
75802 1284
75902 24009
76002 2737
76102 9972
76202 31150
76302 19612
76402 41433
76502 2168
76602 54854
76702 35826
76802 52869
76902 30995
77002 44615
77102 20135
77202 30142
77302 41176
77402 61571
77502 60165
77602 51788
77702 20827
77802 2356
77902 41834
78002 30990
78102 29038
78202 45927
78302 14005
78402 59434
78502 56589
78602 20195
78702 3403
78802 53782
78902 44082
79002 44575
79102 44468
79202 9614
79302 41109
79402 17311
79502 41228
79602 18402
79702 10360
79802 32679
79902 60065
80002 56632
80102 30033
80202 27449
80302 24805
80402 40364
80502 29397
80602 14722
80702 56021
80802 21221
80902 64006
81002 35869
81102 52102
81202 31328
81302 42183
81402 16032
81502 20420
81602 16995
81702 27678
81802 34928
81902 53237
82002 34725
82102 42543
82202 45236
82302 20907
82402 27200
82502 53570
82602 51509
82702 57413
82802 64163
82902 59424
83002 48982
83102 19855
83202 15952
83302 32431
83402 9838
83502 40523
83602 1470
83702 52283
83802 31214
83902 30954
84002 1903
84102 56429
84202 607
84302 7528
84402 13953
84502 14010
84602 36304
84702 2528
84802 5472
84902 29172
85002 39088
85102 41177
85202 49969
85302 34734
85402 61477
85502 17589
85602 46662
85702 4774
85802 46157
85902 11801
86002 35906
86102 43908
86202 27217
86302 31400
86402 63240
86502 44800
86602 27324
86702 59471
86802 48594
86902 54777
87002 14047
87102 62812
87202 3602
87302 41209
87402 53406
87502 64198
87602 53391
87702 11428
87802 54609
87902 61850
88002 32844
88102 43151
88202 41470
88302 34914
88402 52503
88502 28590
88602 47918
88702 65396
88802 27290
88902 45406
89002 35813
89102 7749
89202 53171
89302 12030
89402 12557
89502 56399
89602 19625
89702 21561
89802 52897
89902 29470
90002 27126
90102 48318
90202 8655
