102 18964
202 32148
302 15080
402 23513
502 50677
602 10162
702 50932
802 33439
902 58946
1002 13808
1102 55584
1202 31393
1302 61347
1402 48426
1502 8647
1602 60357
1702 17880
1802 3531
1902 26200
2002 24678
2102 34087
2202 37008
2302 1569
2402 26363
2502 41960
2602 58521
2702 5501
2802 65042
2902 52648
3002 35477
3102 8820
3202 26308
3302 46922
3402 13649
3502 54542
3602 41901
3702 48374
3802 18011
3902 48924
4002 50016
4102 23418
4202 29347
4302 53714
4402 48585
4502 44141
4602 53822
4702 14468
4802 21178
4902 12687
5002 33610
5102 38944
5202 24981
5302 28411
5402 10185
5502 34258
5602 15514
5702 63882
5802 32247
5902 64592
6002 2924
6102 34139
6202 46544
6302 36920
6402 56814
6502 23955
6602 43841
6702 64854
6802 22355
6902 59559
7002 65008
7102 53586
7202 62268
7302 7162
7402 50028
7502 9167
7602 14457
7702 42518
7802 40715
7902 42594
8002 16938
8102 64176
8202 41585
8302 1933
8402 43413
8502 38376
8602 6258
8702 29532
8802 5826
8902 37432
9002 49195
9102 42642
9202 56199
9302 39917
9402 48474
9502 916
9602 49376
9702 36060
9802 44683
9902 7408
10002 31909
10102 11775
10202 44426
10302 12320
10402 12736
10502 53081
10602 24995
10702 9400
10802 18069
10902 40664
11002 11112
11102 48005
11202 877
11302 23074
11402 55411
11502 30695
11602 37327
11702 47908
11802 18392
11902 36796
12002 15196
12102 56931
12202 40928
12302 54236
12402 51034
12502 47939
12602 31564
12702 29592
12802 44162
12902 29801
13002 33034
13102 51149
13202 57214
13302 40408
13402 35993
13502 45503
13602 28660
13702 40099
13802 53109
13902 53871
14002 24792
14102 34500
14202 41754
14302 48335
14402 21109
14502 31821
14602 19896
14702 46819
14802 63248
14902 48911
15002 46581
15102 9078
15202 33180
15302 12271
15402 41261
15502 28282
15602 54309
15702 29774
15802 50971
15902 20485
16002 38719
16102 3579
16202 15156
16302 23880
16402 37577
16502 15750
16602 61795
16702 43002
16802 31544
16902 59202
17002 8821
17102 62070
17202 41566
17302 55028
17402 54683
17502 64056
17602 11841
17702 41129
17802 35406
17902 24540
18002 20331
18102 1915
18202 60253
18302 14166
18402 27901
18502 60830
18602 58697
18702 33440
18802 63726
18902 56226
19002 20557
19102 16653
19202 15457
19302 45446
19402 63991
19502 42460
19602 54308
19702 61817
19802 38647
19902 65437
20002 4511
20102 26353
20202 19999
20302 16253
20402 40698
20502 31115
20602 3063
20702 41281
20802 45774
20902 53132
21002 65187
21102 46868
21202 15530
21302 32709
21402 46426
21502 20439
21602 4170
21702 49774
21802 57206
21902 10686
22002 27792
22102 23188
22202 60524
22302 50766
22402 40979
22502 36332
22602 31791
22702 24911
22802 9300
22902 17031
23002 22892
23102 13562
23202 43778
23302 41940
23402 1171
23502 69
23602 7323
23702 57682
23802 20090
23902 3864
24002 21687
24102 14256
24202 37455
24302 32207
24402 12998
24502 25280
24602 28239
24702 58712
24802 19671
24902 45031
25002 27083
25102 32907
25202 28224
25302 54417
25402 20745
25502 51522
25602 11546
25702 51678
25802 45999
25902 16830
26002 8994
26102 10051
26202 6929
26302 41439
26402 64608
26502 55443
26602 15274
26702 8737
26802 16304
26902 12814
27002 42518
27102 33173
27202 19780
27302 30714
27402 24899
27502 44672
27602 62808
27702 35222
27802 33362
27902 20533
28002 61802
28102 56622
28202 5187
28302 49235
28402 61096
28502 52492
28602 52509
28702 23426
28802 42000
28902 4117
29002 13059
29102 26435
29202 39470
29302 296
29402 44838
29502 19280
29602 8231
29702 11298
29802 12347
29902 52172
30002 6779
30102 21908
30202 24532
30302 6571
30402 34847
30502 19675
30602 2275
30702 58078
30802 63164
30902 12311
31002 46992
31102 57371
31202 32354
31302 29970
31402 56656
31502 28249
31602 51677
31702 49724
31802 20886
31902 37777
32002 25509
32102 44665
32202 23997
32302 15090
32402 45212
32502 6149
32602 18246
32702 366
32802 61302
32902 64422
33002 50945
33102 43284
33202 5602
33302 50096
33402 17412
33502 25220
33602 39776
33702 37950
33802 10768
33902 22086
34002 23388
34102 29158
34202 4287
34302 45031
34402 31438
34502 43996
34602 13210
34702 52620
34802 381
34902 40944
35002 2747
35102 47527
35202 47270
35302 17217
35402 1195
35502 27659
35602 41122
35702 1764
35802 64241
35902 23262
36002 23030
36102 56154
36202 31292
36302 7007
36402 22221
36502 62077
36602 54193
36702 7912
36802 26644
36902 44970
37002 36651
37102 9837
37202 26716
