102 23408
202 63046
302 7875
402 17853
502 44915
602 15758
702 36598
802 35566
902 27909
1002 56185
1102 32992
1202 12833
1302 46469
1402 9131
1502 51156
1602 52824
1702 12458
1802 12486
1902 7237
2002 61069
2102 29741
2202 13767
2302 59068
2402 10308
2502 47160
2602 11090
2702 50597
2802 42694
2902 19643
3002 53732
3102 13275
3202 35563
3302 27132
3402 41988
3502 57284
3602 13318
3702 37670
3802 48296
3902 16384
4002 19938
4102 19611
4202 34150
4302 270
4402 37271
4502 40334
4602 33097
4702 42552
4802 35423
4902 54377
5002 46780
5102 16139
5202 35691
5302 29837
5402 4807
5502 770
5602 16036
5702 35136
5802 6116
5902 37288
6002 42652
6102 26960
6202 50133
6302 34252
6402 64420
6502 20599
6602 5650
6702 25274
6802 55364
6902 48520
7002 49819
7102 42243
7202 65164
7302 22806
7402 18163
7502 51103
7602 30416
7702 59777
7802 27281
7902 42546
8002 23764
8102 64035
8202 4248
8302 19068
8402 16027
8502 38203
8602 6230
8702 61054
8802 24817
8902 6255
9002 19035
9102 783
9202 54966
9302 12070
9402 46206
9502 30990
9602 46836
9702 34074
9802 53318
9902 31739
10002 33735
10102 33740
10202 22752
10302 27168
10402 17333
10502 44114
10602 57964
10702 4424
10802 28620
10902 14428
11002 46140
11102 20687
11202 454
11302 41770
11402 38241
11502 50125
11602 7525
11702 55070
11802 14676
11902 32418
12002 49088
12102 41875
12202 44141
12302 10632
12402 34945
12502 60325
12602 21069
12702 26990
12802 20271
12902 11124
13002 1459
13102 33089
13202 41632
13302 10436
13402 6999
13502 8363
13602 10170
13702 55166
13802 60820
13902 21827
14002 17767
14102 36215
14202 13390
14302 27647
14402 11575
14502 62415
14602 746
14702 54873
14802 38223
14902 2280
15002 14232
15102 47679
15202 26905
15302 54612
15402 1924
15502 34626
15602 40076
15702 451
15802 1716
15902 6222
16002 30880
16102 36594
16202 4336
16302 6438
16402 55747
16502 17752
16602 36074
16702 35279
16802 40051
16902 7488
17002 2207
17102 20929
17202 21133
17302 43745
17402 40367
17502 10246
17602 52036
17702 59003
17802 36823
17902 24208
18002 28766
18102 42081
18202 41658
18302 21957
18402 50597
18502 29618
18602 28151
18702 41791
18802 53971
18902 46412
19002 21340
19102 64315
19202 2175
19302 2617
19402 4992
19502 9792
19602 26726
19702 33567
19802 14945
19902 14709
20002 59162
20102 10601
20202 18004
20302 52131
20402 23763
20502 37243
20602 29583
20702 57860
20802 60874
20902 59368
21002 44736
21102 22584
21202 13250
21302 54138
21402 791
21502 47838
21602 5128
21702 42010
21802 42926
21902 40540
22002 17055
22102 772
22202 40616
22302 205
22402 417
22502 4250
22602 46063
22702 27711
22802 14950
22902 51109
23002 3453
23102 29545
23202 53523
23302 59179
23402 32270
23502 43786
23602 46462
23702 60769
23802 1302
23902 30214
24002 40064
24102 41600
24202 44348
24302 64253
24402 6980
24502 8497
24602 65514
24702 23111
24802 43383
24902 12763
25002 24006
25102 62368
25202 4688
25302 38131
25402 47642
25502 39694
25602 40025
25702 48565
25802 664
25902 46955
26002 54609
26102 33920
26202 5980
26302 36292
26402 22106
26502 46601
26602 2750
26702 20296
26802 2698
26902 11310
27002 11358
27102 4865
27202 32911
27302 44263
27402 62716
27502 7465
27602 19466
27702 45581
27802 10267
27902 28972
28002 8587
28102 31336
28202 53917
28302 9777
28402 50680
28502 28737
28602 33665
28702 17880
28802 903
28902 33401
29002 11291
29102 10454
29202 10182
29302 52935
29402 12051
29502 62965
29602 46007
29702 57830
29802 12307
29902 24463
30002 6577
30102 46710
30202 19528
30302 48036
30402 24709
30502 58228
30602 7377
30702 8481
30802 4823
30902 15286
31002 59577
31102 48889
31202 22199
31302 29256
31402 57102
31502 10033
31602 8449
31702 42560
31802 58036
31902 60100
32002 46606
32102 28621
32202 38764
32302 28529
32402 5146
32502 24849
32602 63511
32702 11841
32802 33974
32902 17979
33002 21328
33102 30199
33202 18736
33302 56679
33402 2992
33502 24252
33602 28491
33702 52553
33802 51195
33902 47398
34002 54714
34102 34934
34202 38041
34302 40979
34402 20245
34502 32062
34602 60444
34702 32724
34802 11962
34902 43111
35002 3297
35102 58328
35202 31160
35302 47753
35402 40803
35502 53550
35602 32447
35702 35626
35802 56944
35902 42426
36002 24489
36102 57487
36202 1361
36302 13098
36402 41779
36502 6178
36602 62665
36702 60517
36802 31925
36902 49325
37002 37067
37102 58943
37202 11018
37302 23040
37402 443
37502 37503
37602 47507
37702 55949
37802 55008
37902 38945
38002 49825
38102 25505
38202 32761
38302 64916
38402 52755
38502 9380
38602 64516
38702 25186
38802 47723
38902 46520
39002 8248
39102 27169
39202 15039
39302 10430
39402 13839
39502 24842
39602 15305
39702 37238
39802 39892
39902 48318
40002 12592
40102 61657
40202 58607
40302 63263
40402 8541
40502 17583
40602 40867
40702 11140
40802 63770
40902 15460
41002 38791
41102 26539
41202 52432
41302 22759
41402 49162
41502 35674
41602 21779
41702 57326
41802 45944
41902 28488
42002 18815
42102 3556
42202 43320
42302 13050
42402 51434
42502 21597
42602 29118
42702 11882
42802 43871
42902 5218
43002 33900
43102 57619
43202 52783
43302 18685
43402 15545
43502 65059
43602 42014
43702 1170
43802 28046
43902 53043
44002 57607
44102 9608
44202 9355
44302 56747
44402 64082
44502 59138
44602 11668
44702 26028
44802 25481
44902 24086
45002 34586
45102 56581
45202 1394
45302 22281
45402 15224
45502 13933
45602 4267
45702 50302
45802 39401
45902 49249
46002 14290
46102 57988
46202 21803
46302 55962
46402 16844
46502 53116
46602 19265
46702 28802
46802 53102
46902 10884
47002 65251
47102 34727
47202 32839
47302 60251
47402 59497
47502 38078
47602 53703
47702 44301
47802 25529
47902 21794
48002 18330
48102 2383
48202 50299
48302 25049
48402 29981
48502 59038
48602 3909
48702 53854
48802 31519
48902 7861
49002 21952
49102 54170
49202 56198
49302 22484
49402 5728
49502 42257
49602 29811
49702 44656
49802 354
49902 36439
50002 482
50102 12123
50202 57392
50302 6778
50402 27871
50502 14775
50602 27306
50702 36032
50802 38592
50902 25213
51002 50942
51102 16985
51202 40080
51302 12382
51402 32927
51502 10051
51602 31958
51702 40999
51802 10839
51902 26931
52002 18959
52102 53031
52202 41843
52302 16964
52402 23140
52502 19456
52602 33726
52702 17909
52802 41163
52902 19105
53002 2493
53102 25311
53202 24542
53302 47005
53402 12767
53502 53377
53602 47953
53702 20382
53802 40673
53902 20926
54002 13241
54102 25911
54202 10159
54302 39077
54402 45181
54502 27049
54602 51314
54702 60726
54802 48869
54902 34283
55002 27838
55102 45099
55202 2809
55302 3459
55402 64572
55502 25748
55602 62303
55702 32223
55802 57539
55902 49555
56002 1493
56102 6658
56202 18541
56302 42639
56402 32286
56502 48525
56602 48177
56702 22813
56802 41104
56902 59799
57002 41803
57102 11165
57202 48719
57302 43800
57402 44113
57502 38743
57602 5668
57702 26408
57802 54090
57902 48976
58002 34474
58102 47297
58202 27084
58302 61778
58402 38582
58502 41684
58602 19915
58702 27491
58802 29161
58902 45301
59002 60259
59102 59579
59202 58889
59302 62030
59402 419
59502 21808
59602 62479
59702 35427
59802 12272
59902 29224
60002 60715
60102 21956
60202 61578
60302 10128
60402 28992
60502 46401
60602 63700
60702 15446
60802 47364
60902 17774
61002 44749
61102 52392
61202 40179
61302 31418
61402 44087
61502 42069
61602 58846
61702 62489
61802 13943
61902 25812
62002 60849
62102 19775
62202 63477
62302 961
62402 29020
62502 32965
62602 2916
62702 38331
62802 52712
62902 62183
63002 18019
63102 62695
63202 62997
63302 26009
63402 13697
63502 49583
63602 59688
63702 49111
63802 44129
63902 45111
64002 62298
64102 1209
64202 26463
64302 39214
64402 13075
64502 39217
64602 49233
64702 13493
64802 30608
64902 44935
65002 62053
65102 49156
65202 16642
65302 61872
65402 46566
65502 57963
65602 35311
65702 14508
65802 64554
65902 5250
66002 45698
66102 62895
66202 56943
66302 64866
66402 24990
66502 18709
66602 2446
66702 7955
66802 24888
66902 40201
67002 24034
67102 8152
67202 45875
67302 32300
67402 7351
67502 8684
67602 50784
67702 11057
67802 26576
67902 34976
68002 46186
68102 3886
68202 16261
68302 31815
68402 4676
68502 57742
68602 402
68702 58827
68802 62001
68902 7777
69002 27802
69102 39992
69202 19838
69302 25435
69402 47275
69502 31528
69602 21515
69702 14857
69802 38305
69902 47861
70002 44626
70102 15638
70202 16406
70302 49646
70402 38284
70502 36140
70602 11194
70702 5072
70802 31333
70902 51078
71002 44466
71102 58133
71202 37487
71302 24041
71402 8283
71502 62329
71602 47838
71702 3593
71802 4053
71902 24113
72002 63708
72102 53037
72202 48905
72302 44507
72402 36091
72502 40871
72602 11053
72702 24040
72802 42922
72902 23743
73002 39252
73102 50551
73202 24292
73302 31966
73402 44239
73502 19537
73602 5093
73702 43690
73802 2379
73902 44124
74002 20682
74102 28571
74202 11089
74302 54197
74402 36795
74502 28777
74602 60409
74702 47805
74802 56646
74902 2067
75002 63065
75102 3895
75202 37010
75302 37207
75402 54630
75502 3589
75602 57842
75702 8720
75802 36605
75902 55538
76002 52136
76102 62133
76202 48571
76302 31473
76402 55302
76502 51727
76602 37383
76702 57932
76802 39128
76902 29101
77002 17800
77102 65276
77202 48417
77302 49664
77402 3603
77502 1498
77602 32274
77702 39466
77802 19662
77902 6480
78002 5170
78102 48055
78202 35480
78302 35348
78402 23244
78502 9156
78602 34404
78702 28808
78802 45666
78902 11484
79002 37057
79102 20722
79202 31542
79302 60794
79402 36007
79502 53655
79602 23165
79702 29082
79802 50506
79902 19678
80002 29123
80102 11456
80202 44620
80302 45502
80402 54576
80502 14904
80602 33993
80702 7609
80802 44360
80902 14316
81002 16275
81102 35692
81202 53606
81302 27060
81402 29840
81502 52029
81602 48335
81702 9749
81802 6799
81902 53813
82002 23181
82102 46217
82202 13317
82302 50034
82402 52916
82502 46965
82602 18196
82702 39737
82802 44134
82902 36841
83002 13998
83102 45619
83202 57156
83302 51029
83402 24012
83502 56790
83602 18047
83702 25494
83802 35271
83902 60496
84002 42967
84102 40431
84202 12098
84302 53345
84402 51368
84502 15758
84602 32194
84702 10733
84802 8212
84902 14035
85002 50855
85102 47462
85202 43837
85302 31010
85402 14618
85502 48210
85602 9236
85702 16548
85802 42016
85902 15558
86002 36867
86102 63218
86202 11040
86302 14262
86402 51765
86502 38360
86602 48218
86702 30542
86802 58268
86902 63944
87002 58297
87102 24220
87202 56715
87302 19178
87402 9555
87502 15905
87602 7579
87702 25743
87802 65065
87902 56538
88002 33180
88102 1425
88202 29699
88302 35721
88402 27411
88502 32704
88602 10514
88702 22407
88802 37537
88902 46703
89002 45600
89102 40214
89202 55355
89302 16488
89402 11128
89502 4977
89602 1055
89702 50813
89802 2451
89902 36603
90002 43192
90102 45565
90202 16140
