102 40958
202 8681
302 57830
402 21518
502 20067
602 33702
702 30272
802 39324
902 58292
1002 54095
1102 9442
1202 59579
1302 50195
1402 35851
1502 52387
1602 51328
1702 63419
1802 59348
1902 38700
2002 51238
2102 4525
2202 19898
2302 48230
2402 12787
2502 18819
2602 58993
2702 13093
2802 44225
2902 19536
3002 52680
3102 61764
3202 9842
3302 10701
3402 13834
3502 40640
3602 3661
3702 59686
3802 53729
3902 64006
4002 16931
4102 24340
4202 4417
4302 38642
4402 8296
4502 58813
4602 39879
4702 57804
4802 2839
4902 642
5002 13863
5102 46368
5202 1087
5302 48954
5402 63607
5502 60335
5602 11488
5702 46984
5802 51410
5902 51252
6002 15733
6102 13024
6202 6905
6302 4842
6402 15040
6502 36318
6602 5636
6702 54000
6802 58296
6902 46266
7002 27234
7102 61782
7202 25628
7302 26746
7402 21100
7502 24260
7602 65216
7702 15427
7802 24504
7902 49013
8002 5177
8102 4900
8202 26549
8302 18989
8402 44356
8502 53039
8602 39986
8702 1394
8802 24193
8902 64233
9002 41106
9102 8107
9202 29865
9302 21753
9402 32153
9502 234
9602 15258
9702 55910
9802 2341
9902 20636
10002 24598
10102 36098
10202 63770
10302 48701
10402 1965
10502 22259
10602 11116
10702 639
10802 7328
10902 62182
11002 3227
11102 42555
11202 2312
11302 33540
11402 36848
11502 14002
11602 5336
11702 43291
11802 16902
11902 24929
12002 18524
12102 30036
12202 27053
12302 58728
12402 19606
12502 14376
12602 47363
12702 25635
12802 4810
12902 42310
13002 26133
13102 62875
13202 11546
13302 20173
13402 1761
13502 16607
13602 62277
13702 24882
13802 22321
13902 58466
14002 35912
14102 17231
14202 53228
14302 4036
14402 53183
14502 49506
14602 24953
14702 4924
14802 43194
14902 16556
15002 49311
15102 30554
15202 57037
15302 46402
15402 65236
15502 35753
15602 3023
15702 8468
15802 18956
15902 14682
16002 34687
16102 38632
16202 59886
16302 29856
16402 34705
16502 50957
16602 6029
16702 19774
16802 61356
16902 43336
17002 31778
17102 56419
17202 44756
17302 59520
17402 47370
17502 35151
17602 53641
17702 38763
17802 6231
17902 54246
18002 54694
18102 3210
18202 18407
18302 45998
18402 250
18502 51027
18602 46766
18702 9432
18802 39897
18902 41532
19002 29183
19102 9957
19202 22010
19302 3035
19402 58229
19502 28551
19602 3252
19702 6965
19802 23452
19902 52416
20002 46467
20102 6748
20202 6870
20302 24961
20402 45542
20502 47493
20602 44588
20702 21501
20802 3822
20902 37683
21002 49201
21102 7873
21202 717
21302 63872
21402 36172
21502 56799
21602 49226
21702 43215
21802 58826
21902 36870
22002 34488
22102 49959
22202 36443
22302 51876
22402 17763
22502 46555
22602 24560
22702 19446
22802 51762
22902 20202
23002 63941
23102 28618
23202 37960
23302 39920
23402 63437
23502 58348
23602 49611
23702 33304
23802 45602
23902 46624
24002 46763
24102 33155
24202 4008
24302 18804
24402 42540
24502 42077
24602 24250
24702 44909
24802 4313
24902 51468
25002 35801
25102 1673
25202 5625
25302 36629
25402 20061
25502 35870
25602 25374
25702 38073
25802 9338
25902 54863
26002 27825
26102 50543
26202 40034
26302 7669
26402 39636
26502 54952
26602 64166
26702 6129
26802 13597
26902 45473
27002 51406
27102 362
27202 35722
27302 25518
27402 11898
27502 43882
27602 46025
27702 43967
27802 16517
27902 54520
28002 63695
28102 48190
28202 13846
28302 38042
28402 30833
28502 12079
28602 50018
28702 40579
28802 58061
28902 33428
29002 12690
29102 64745
29202 41748
29302 59718
29402 16770
29502 22667
29602 23095
29702 895
29802 60027
29902 35744
30002 29046
30102 28133
30202 54006
30302 42840
30402 46064
30502 64374
30602 62466
30702 27403
30802 37182
30902 43414
31002 61435
31102 17258
31202 11434
31302 28193
31402 28354
31502 3887
31602 64122
31702 2142
31802 25111
31902 25872
32002 33514
32102 1790
32202 58050
32302 54843
32402 41108
32502 62488
32602 29637
32702 56575
32802 54317
32902 31750
