102 3199
202 59013
302 9092
402 27422
502 36964
602 24185
702 31578
802 8891
902 16878
1002 43153
1102 17864
1202 9392
1302 135
1402 52077
1502 31755
1602 6286
1702 20046
1802 30089
1902 33566
2002 57668
2102 41778
2202 7109
2302 18201
2402 13213
2502 15184
2602 45114
2702 28603
2802 38497
2902 39534
3002 26263
3102 33777
3202 4493
3302 64080
3402 60802
3502 50430
3602 29348
3702 52539
3802 61932
3902 53036
4002 63848
4102 26119
4202 28932
4302 52729
4402 25999
4502 61806
4602 35846
4702 22243
4802 48858
4902 18004
5002 50706
5102 59506
5202 5106
5302 30125
5402 64238
5502 3657
5602 53602
5702 13065
5802 64194
5902 50951
6002 40668
6102 8152
6202 22257
6302 60883
6402 49853
6502 57172
6602 46057
6702 47446
6802 35760
6902 12905
7002 37362
7102 36440
7202 14368
7302 7827
7402 9586
7502 52576
7602 26221
7702 56115
7802 44780
7902 3546
8002 54675
8102 42538
8202 59970
8302 9055
8402 31130
8502 48081
8602 11609
8702 60170
8802 22604
8902 11962
9002 30194
9102 43696
9202 45512
9302 50211
9402 43816
9502 64548
9602 9444
9702 27783
9802 545
9902 52727
10002 14634
10102 26787
10202 14270
10302 46456
10402 41607
10502 5629
10602 22463
10702 6289
10802 55658
10902 43400
11002 46628
11102 36211
11202 31163
11302 12911
11402 18905
11502 60290
11602 4517
11702 16632
11802 63332
11902 25041
12002 40646
12102 31611
12202 40636
12302 24964
12402 6727
12502 42524
12602 18522
12702 57504
12802 41930
12902 25687
13002 45562
13102 61246
13202 60651
13302 52013
13402 50609
13502 27381
13602 12566
13702 16310
13802 44795
13902 22136
14002 6783
14102 34002
14202 29723
14302 1110
14402 8975
14502 34292
14602 29071
14702 44642
14802 50021
14902 7735
15002 3815
15102 52433
15202 44730
15302 28581
15402 12158
15502 29208
15602 33390
15702 47846
15802 15122
15902 43651
16002 15788
16102 22760
16202 31465
16302 28507
16402 30662
16502 2403
16602 40008
16702 4681
16802 3144
16902 41278
17002 50344
17102 47211
17202 33423
17302 6677
17402 32282
17502 16086
17602 24517
17702 51806
17802 38391
17902 25146
18002 19720
18102 42993
18202 57407
18302 9208
18402 35289
18502 41549
18602 43614
18702 5854
18802 41232
18902 30830
19002 10781
19102 176
19202 38543
19302 16440
19402 27403
19502 45355
19602 55901
19702 38892
19802 40967
19902 22546
20002 997
20102 47780
20202 3130
20302 30748
20402 29974
20502 24157
20602 15443
20702 52739
20802 14677
20902 40153
21002 44576
21102 22416
21202 48415
21302 58807
21402 20598
21502 36050
21602 42709
21702 25894
21802 4363
21902 54114
22002 36210
22102 54449
22202 53529
22302 45829
22402 47919
22502 44963
22602 55678
22702 41632
22802 27017
22902 54978
23002 54962
23102 8673
23202 52276
23302 1674
23402 4963
23502 2873
23602 11337
23702 50208
23802 17961
23902 25157
24002 3671
24102 28520
24202 40392
24302 38695
24402 4037
24502 26159
24602 39177
24702 60867
24802 39469
24902 18860
25002 51989
25102 46616
25202 62899
25302 65254
25402 4541
25502 48929
25602 61922
25702 51736
25802 5979
25902 1885
26002 51487
26102 44929
26202 18579
26302 15730
26402 56578
26502 63423
26602 28143
26702 51843
26802 27918
26902 14471
27002 21187
27102 17625
27202 9269
27302 49549
27402 27888
27502 2985
27602 35886
27702 60040
27802 23904
27902 20076
28002 6943
28102 51301
28202 29462
28302 47389
28402 24199
28502 47352
28602 21253
28702 24957
28802 10172
28902 31900
29002 45310
29102 8848
29202 20095
29302 35029
29402 39046
29502 37040
29602 58354
29702 63455
29802 52872
29902 39433
30002 13809
30102 7946
30202 28379
30302 12653
30402 25965
30502 23668
30602 14287
30702 15959
30802 43319
30902 57778
31002 52421
31102 26904
31202 65036
31302 8959
31402 24100
31502 5232
31602 14553
31702 1870
31802 10106
31902 11201
32002 25635
32102 34854
32202 20430
32302 31808
32402 21568
32502 19587
32602 25011
32702 20048
32802 6713
32902 30169
33002 15459
33102 62959
33202 19073
33302 37284
33402 15527
33502 31646
33602 62700
33702 42152
33802 33308
33902 28028
34002 23596
34102 2356
34202 8884
34302 56227
34402 7687
34502 34469
34602 4900
34702 52156
34802 36073
34902 41009
35002 791
35102 51617
35202 8459
35302 46678
35402 11428
35502 15141
35602 37037
35702 64622
35802 32620
35902 31570
36002 21793
36102 39926
36202 14029
36302 6233
36402 43771
36502 3561
36602 9340
36702 36750
36802 56579
36902 19281
37002 48998
37102 14499
37202 21140
37302 8811
37402 24824
37502 6846
37602 46641
37702 17821
37802 16496
37902 25213
38002 8093
38102 27519
38202 4804
38302 16855
38402 61967
38502 45009
38602 6796
38702 48197
38802 16688
38902 26773
39002 36553
39102 61435
39202 690
39302 9750
39402 6299
39502 56875
39602 64281
39702 3452
39802 40169
39902 24160
40002 23446
40102 4921
40202 9089
40302 52419
40402 349
40502 27359
40602 20239
40702 40498
40802 60690
40902 23203
41002 40133
41102 29454
41202 56867
41302 58136
41402 33546
41502 56076
41602 64107
41702 57480
41802 26295
41902 54411
42002 28291
42102 43684
42202 42582
42302 13058
42402 60675
42502 8782
42602 20308
42702 34015
42802 8728
42902 51910
43002 21429
43102 27208
43202 24333
43302 2135
43402 911
43502 1128
43602 20702
43702 58456
43802 49652
43902 45532
44002 7865
44102 30118
44202 29671
44302 64850
44402 32324
44502 25239
44602 115
44702 8097
44802 55779
44902 44045
45002 2113
45102 13003
45202 54021
45302 48973
45402 60306
45502 690
45602 10778
45702 14350
45802 39656
45902 31352
46002 39434
46102 30639
46202 21831
46302 11579
46402 39099
46502 25307
46602 9452
46702 58860
46802 29921
46902 2274
47002 17144
47102 36181
47202 49690
47302 37428
47402 51283
47502 30734
47602 61757
47702 2088
47802 1751
47902 5811
48002 28012
48102 29760
48202 47084
48302 2265
48402 51603
48502 21267
48602 11839
48702 3311
48802 54929
48902 46060
49002 40275
49102 15598
49202 62446
49302 2752
49402 1623
49502 14459
49602 52930
49702 10603
49802 21774
49902 20795
50002 53865
50102 8984
50202 37319
50302 11184
50402 56341
50502 21470
50602 12928
50702 7827
50802 59733
50902 919
51002 65097
51102 23130
51202 46942
51302 3139
51402 41977
51502 28789
51602 35293
51702 18552
51802 11885
51902 62136
52002 59345
52102 25383
52202 2859
52302 63451
52402 45234
52502 42550
52602 46435
52702 15796
52802 23645
52902 34864
53002 46136
53102 45722
53202 48081
53302 22061
53402 38060
53502 51139
53602 32758
53702 17080
53802 45984
53902 20990
54002 3412
54102 1844
54202 17538
54302 2145
54402 15526
54502 60996
54602 33042
54702 31723
54802 24203
54902 13432
55002 2453
55102 3515
55202 26787
55302 50920
55402 63577
55502 23166
55602 14904
55702 11256
55802 13104
55902 32261
56002 15297
56102 14089
56202 58087
56302 53455
56402 62801
56502 25930
56602 42270
56702 21747
56802 58042
56902 31637
57002 49505
57102 6032
57202 10824
57302 5322
57402 34298
57502 26067
57602 49574
57702 3346
57802 38242
57902 14065
58002 52442
58102 12660
58202 10500
58302 16312
58402 2332
58502 61142
58602 19916
58702 55493
58802 12234
58902 64715
59002 16015
59102 31412
59202 21810
59302 30396
59402 21696
59502 20463
59602 59600
59702 5332
59802 47034
59902 38484
60002 29721
60102 53557
60202 53339
60302 20802
60402 45963
60502 5667
60602 47981
60702 7703
60802 33091
60902 5335
61002 59778
61102 10337
61202 6072
61302 16604
61402 18595
61502 63096
61602 3662
61702 41702
61802 43783
61902 35080
62002 52086
62102 9494
62202 52638
62302 50257
62402 53926
62502 22759
62602 50547
62702 57061
62802 19929
62902 58139
63002 58363
63102 39212
63202 48516
63302 587
63402 56219
63502 11902
63602 42543
63702 27489
63802 12751
63902 12600
64002 45115
64102 37940
64202 49253
64302 51867
64402 17006
64502 45809
64602 34983
64702 2527
64802 22844
64902 50709
65002 9939
65102 54600
65202 62023
65302 5854
65402 45485
65502 46484
65602 45137
65702 4637
65802 1596
65902 55354
66002 29832
66102 3469
66202 18624
66302 35021
66402 48958
66502 38904
66602 6226
66702 40900
66802 34061
66902 26207
67002 50137
67102 1741
67202 15453
67302 52475
67402 58040
67502 63031
67602 12864
67702 10760
67802 56146
67902 32435
68002 15357
68102 39494
68202 62857
68302 27174
68402 18762
68502 45463
68602 1380
68702 54117
68802 53357
68902 5125
69002 18652
69102 13708
69202 13870
69302 25979
69402 59913
69502 44625
69602 43683
69702 51109
69802 54565
69902 44073
70002 23030
70102 13174
70202 44234
70302 21098
70402 32890
70502 32689
70602 61759
70702 21450
70802 46170
70902 48926
71002 54163
71102 59856
71202 16799
71302 40409
71402 8763
71502 21828
71602 55564
71702 31953
71802 51495
71902 26622
72002 41974
72102 26968
72202 57120
72302 3988
72402 61380
72502 41277
72602 50874
72702 40961
72802 22081
72902 55095
73002 63795
73102 20679
73202 12787
73302 6742
73402 19638
73502 50847
73602 1235
73702 61051
73802 17443
73902 35263
74002 33709
74102 1389
74202 12247
74302 9242
74402 20362
74502 10854
74602 29243
74702 63619
74802 3803
74902 26409
75002 20723
75102 26094
75202 43236
75302 34578
75402 65273
75502 11814
75602 364
75702 47370
75802 41844
75902 4180
76002 49354
76102 6667
76202 26585
76302 43205
76402 43197
76502 33607
76602 37743
76702 46483
76802 38907
76902 54132
77002 11137
77102 61290
77202 23294
77302 54682
77402 50020
77502 9151
77602 39550
77702 49048
77802 3355
77902 8639
78002 40956
78102 37368
78202 52803
78302 36774
78402 58372
78502 26170
78602 50789
78702 47883
78802 57612
78902 61945
79002 5389
79102 4810
79202 42133
79302 62635
79402 64694
79502 13638
79602 3343
79702 5811
79802 34258
79902 11466
80002 10752
80102 33862
80202 55264
80302 1598
80402 47555
80502 53697
80602 17168
80702 58568
80802 2275
80902 59657
81002 63464
81102 39660
81202 41195
81302 50743
81402 39123
81502 63679
81602 45102
81702 6177
81802 62459
81902 27404
82002 24684
82102 26314
82202 10041
82302 31621
82402 26960
82502 45204
82602 63272
82702 896
82802 9804
82902 15333
83002 15958
83102 48759
83202 26527
83302 39277
83402 2051
83502 48448
83602 29694
83702 45142
83802 12087
83902 31429
84002 18845
84102 64746
84202 46120
84302 60660
84402 3427
84502 22120
84602 60009
84702 33953
84802 21628
84902 6268
85002 13433
85102 30400
85202 39026
85302 37274
85402 43717
85502 47045
85602 1785
85702 49800
85802 63776
85902 55302
86002 28975
86102 53012
86202 46837
86302 34378
86402 35552
86502 62266
86602 29606
86702 5180
86802 61075
86902 9055
87002 52063
87102 20069
87202 55383
87302 38849
87402 31461
87502 599
87602 42616
87702 64564
87802 30960
87902 4542
88002 23949
88102 62025
88202 34407
88302 60741
88402 33521
88502 47421
88602 21541
88702 41450
88802 41010
88902 27483
89002 62770
89102 22227
89202 24465
89302 31348
89402 62304
89502 31036
89602 58513
89702 29269
89802 18885
89902 53839
90002 28399
90102 54712
