102 10478
202 58112
302 18775
402 61046
502 7175
602 40432
702 58935
802 22803
902 38191
1002 2179
1102 33971
1202 12275
1302 4839
1402 40818
1502 13919
1602 12190
1702 49577
1802 7328
1902 50875
2002 34664
2102 53340
2202 383
2302 64067
2402 18934
2502 23078
2602 59038
2702 60344
2802 38399
2902 31954
3002 56558
3102 51669
3202 5061
3302 32351
3402 22975
3502 17050
3602 22910
3702 4918
3802 61232
3902 50231
4002 61192
4102 17068
4202 58553
4302 25173
4402 41313
4502 48958
4602 51335
4702 33313
4802 27484
4902 37875
5002 50015
5102 64314
5202 60395
5302 40806
5402 13704
5502 8382
5602 55527
5702 43553
5802 59295
5902 26319
6002 38728
6102 10750
6202 63023
6302 11327
6402 60215
6502 5859
6602 52880
6702 37548
6802 19043
6902 7757
7002 64514
7102 7492
7202 16961
7302 47885
7402 57020
7502 47692
7602 9001
7702 4812
7802 46157
7902 49838
8002 62000
8102 35917
8202 22388
8302 18963
8402 16265
8502 51468
8602 46263
8702 56699
8802 7251
8902 44877
9002 15826
9102 41114
9202 47645
9302 11831
9402 39953
9502 24598
9602 32403
9702 6911
9802 10408
9902 61995
10002 62030
10102 5596
10202 49638
10302 24617
10402 3798
10502 18685
10602 49580
10702 41567
10802 34106
10902 25411
11002 50539
11102 46510
11202 24329
11302 55236
11402 26101
11502 29229
11602 38758
11702 50502
11802 55262
11902 33551
12002 44116
12102 54655
12202 49009
12302 49963
12402 62195
12502 43519
12602 42618
12702 4364
12802 9703
12902 29053
13002 50013
13102 20692
13202 64810
13302 39780
13402 6939
13502 20280
13602 53054
13702 49019
13802 10731
13902 19507
14002 3701
14102 41954
14202 15119
14302 59489
14402 55619
14502 24660
14602 48937
14702 42916
14802 14255
14902 60460
15002 38436
15102 32922
15202 1861
15302 22582
15402 41722
15502 8299
15602 58666
15702 1291
15802 19092
15902 56627
16002 22889
16102 30371
16202 14900
16302 19107
16402 54881
16502 35168
16602 15441
16702 58792
16802 20499
16902 46433
17002 14781
17102 55065
17202 21218
17302 60255
17402 14535
17502 59809
17602 26408
17702 31148
17802 42087
17902 55133
18002 44219
18102 53167
18202 57230
18302 35009
18402 42135
18502 63508
18602 14793
18702 46928
18802 12060
18902 31260
19002 3647
19102 48663
19202 32772
19302 7030
19402 41339
19502 19581
19602 60668
19702 59408
19802 9866
19902 8177
20002 25418
20102 11630
20202 40092
20302 15072
20402 55729
20502 21044
20602 38821
20702 38347
20802 32470
20902 56203
21002 7374
21102 13652
21202 59943
21302 32750
21402 28612
21502 56343
21602 30776
21702 7027
21802 5384
21902 57976
22002 48249
22102 41744
22202 48547
22302 1411
22402 52262
22502 56019
22602 49394
22702 18588
22802 9308
22902 10089
23002 57744
23102 47276
23202 18324
23302 21726
23402 12959
23502 41056
23602 47732
23702 10838
23802 10846
23902 45922
24002 64820
24102 321
24202 13767
24302 18588
24402 15129
24502 50328
24602 51277
24702 9727
24802 33687
24902 37613
25002 41716
25102 52846
25202 12203
25302 34660
25402 60402
25502 11735
25602 2773
25702 2144
25802 7057
25902 35213
26002 3890
26102 48262
26202 12865
26302 39325
26402 44145
26502 14649
26602 10166
26702 65091
26802 28062
26902 11848
27002 12999
27102 10300
27202 34182
27302 44770
27402 42143
27502 17569
27602 47487
27702 43916
27802 38887
27902 41276
28002 55237
28102 27081
28202 21506
28302 49869
28402 45976
28502 22061
28602 25707
28702 27414
28802 4798
28902 49272
29002 3342
29102 59738
29202 37871
29302 41995
29402 46293
29502 37672
29602 15762
29702 32922
29802 55019
29902 45680
30002 56518
30102 61942
30202 49346
30302 14686
30402 36372
30502 13453
30602 38991
30702 1759
30802 53572
30902 16438
31002 28756
31102 39307
31202 23380
31302 51093
31402 37551
31502 840
31602 2359
31702 41670
31802 27473
31902 55759
32002 54325
32102 5718
32202 24610
32302 20448
32402 37262
32502 49191
32602 45060
32702 21808
32802 1575
32902 7407
33002 25747
33102 51385
33202 36328
33302 37836
33402 58076
33502 26803
33602 14979
33702 38696
33802 51001
33902 36968
34002 58192
34102 22169
34202 16772
34302 62215
34402 25994
34502 2021
34602 39396
34702 5925
34802 2582
34902 21551
35002 50227
35102 39058
35202 37964
35302 54801
35402 51069
35502 46631
35602 10951
35702 44070
35802 32644
35902 31012
36002 59618
36102 19479
36202 42196
36302 62800
36402 2483
36502 2743
36602 8967
36702 4683
36802 35140
36902 30365
37002 48130
37102 10517
37202 32002
37302 57406
37402 26997
37502 18207
37602 29908
37702 38277
37802 39846
37902 41545
38002 57085
38102 5864
38202 34150
38302 14041
38402 22149
38502 22721
38602 18757
38702 48721
38802 49307
38902 4557
39002 7568
39102 62463
39202 14413
39302 46818
39402 65490
39502 12654
39602 17256
39702 59415
39802 26003
39902 56039
40002 18702
40102 59507
40202 62938
40302 38503
40402 43531
40502 35465
40602 5786
40702 23835
40802 33222
40902 2295
41002 5737
41102 46814
41202 24630
41302 35282
41402 15632
41502 62590
41602 34326
41702 18649
41802 34000
41902 14914
42002 57500
42102 59586
42202 16118
42302 31558
42402 56060
42502 17375
42602 4506
42702 24002
42802 48853
42902 46882
43002 25618
43102 30540
43202 43107
43302 26144
43402 1614
43502 15364
43602 34412
43702 48817
43802 44393
43902 33392
44002 36240
44102 55255
44202 37553
44302 14756
44402 42636
44502 46975
44602 12570
44702 26882
44802 28312
44902 5949
45002 51211
45102 36804
45202 17604
45302 52457
45402 27860
45502 24530
45602 3452
45702 35231
45802 24226
45902 38675
46002 50758
46102 20821
46202 52141
46302 50090
46402 8774
46502 9071
46602 6748
46702 58440
46802 25675
46902 22598
47002 65516
47102 52372
47202 9300
47302 27644
47402 28240
47502 40407
47602 57082
47702 14018
47802 31902
47902 23466
48002 31809
48102 47888
48202 20462
48302 1259
48402 19678
48502 31477
48602 12996
48702 51839
48802 31931
48902 2622
49002 16589
49102 58343
49202 45698
49302 3193
49402 19907
49502 49681
49602 12636
49702 18511
49802 14471
49902 10572
50002 54488
50102 1394
50202 13324
50302 23480
50402 15778
50502 43747
50602 53371
50702 7203
50802 35963
50902 6871
51002 4584
51102 42294
51202 513
51302 57788
51402 11686
51502 43326
51602 47077
51702 53166
51802 53497
51902 37318
52002 14341
52102 15582
52202 22310
52302 42808
52402 65008
52502 4339
52602 10899
52702 10473
52802 20647
52902 53696
53002 20876
53102 17330
53202 63218
53302 804
53402 9299
53502 56157
53602 63518
53702 42389
53802 58263
53902 30532
54002 62931
54102 20279
54202 45720
54302 15549
54402 18549
54502 15902
54602 5656
54702 45280
54802 34410
54902 51856
55002 22628
55102 64971
55202 22712
55302 16364
55402 53065
55502 47861
55602 21666
55702 23250
55802 55576
55902 59642
56002 4065
56102 9607
56202 43243
56302 35950
56402 9355
56502 45898
56602 43462
56702 32646
56802 26927
56902 9389
57002 249
57102 46961
57202 28310
57302 34913
57402 34200
57502 7622
57602 37401
57702 26680
57802 14927
57902 27442
58002 51459
58102 14371
58202 24177
58302 27372
58402 27751
58502 32463
58602 54850
58702 34960
58802 64049
58902 5321
59002 22430
59102 25279
59202 27136
59302 28069
59402 5564
59502 21019
59602 13282
59702 59703
59802 15409
59902 7660
60002 2749
60102 32343
60202 52367
60302 6060
60402 38784
60502 22846
60602 30627
60702 7842
60802 61809
60902 29128
61002 43872
61102 8433
61202 51077
61302 27849
61402 28484
61502 18977
61602 38871
61702 11165
61802 9958
61902 672
62002 19735
62102 15889
62202 22304
62302 24773
62402 25853
62502 53549
62602 15756
62702 20375
62802 38759
62902 63327
63002 43279
63102 49504
63202 35372
63302 13767
63402 15078
63502 27918
63602 35385
63702 42798
63802 60744
63902 25355
64002 59502
64102 52641
64202 14724
64302 57129
64402 4761
64502 6468
64602 8456
64702 64726
64802 61997
64902 3517
65002 56136
65102 39724
65202 23919
65302 51565
65402 136
65502 28182
65602 8107
65702 732
65802 13684
65902 6272
66002 37414
66102 57021
66202 47631
66302 9979
66402 50374
66502 15038
66602 48096
66702 38046
66802 61149
66902 50994
67002 26219
67102 62598
67202 46579
67302 47539
67402 7670
67502 42114
67602 16167
67702 9025
67802 22346
67902 38799
68002 4802
68102 17083
68202 49098
68302 19488
68402 217
68502 12870
68602 41301
68702 1457
68802 8223
68902 43449
69002 58434
69102 36581
69202 38186
69302 42909
69402 9895
69502 10880
69602 516
69702 21854
69802 43045
69902 48137
70002 29247
70102 33977
70202 22532
70302 39182
70402 21163
70502 49277
70602 52919
70702 44041
70802 11458
70902 12742
71002 46392
71102 41920
71202 14836
71302 34359
71402 38115
71502 7373
71602 55811
71702 18720
71802 50113
71902 59171
72002 56898
72102 19459
72202 59043
72302 22677
72402 64087
72502 327
72602 29038
72702 107
72802 10054
72902 34048
73002 64618
73102 64538
73202 55967
73302 32780
73402 65402
73502 58361
73602 63463
73702 17656
73802 19805
73902 61403
74002 35470
74102 9520
74202 53629
74302 32581
74402 1255
74502 57562
74602 16796
74702 65054
74802 25314
74902 45434
75002 34024
75102 49184
75202 17675
75302 57168
75402 60569
75502 43973
75602 55994
75702 28984
75802 8486
75902 3967
76002 24002
76102 2996
76202 9037
76302 30241
76402 19351
76502 40932
76602 60788
76702 25891
76802 7777
76902 6070
77002 15166
77102 16424
77202 21509
77302 61894
77402 30916
77502 25663
77602 19632
77702 18573
77802 32964
77902 37936
78002 46955
78102 51259
78202 30319
78302 10997
78402 50687
78502 41994
78602 27823
78702 4738
78802 40550
78902 27708
79002 37124
79102 24049
79202 61273
79302 52262
79402 53811
79502 20611
79602 44255
79702 54519
79802 19647
79902 8233
80002 27861
80102 8226
80202 53146
80302 44595
80402 32980
80502 35043
80602 6941
80702 28658
80802 54631
80902 31472
81002 24203
81102 7235
81202 33366
81302 12321
81402 1202
81502 16360
81602 45856
81702 57670
81802 58051
81902 56891
82002 64919
82102 50289
82202 55703
82302 5187
82402 16710
82502 48795
82602 25160
82702 47984
82802 42881
82902 36009
83002 54693
83102 59865
83202 47383
83302 29286
83402 33678
83502 46360
83602 2164
83702 38657
83802 26380
83902 2421
84002 61564
84102 6270
84202 15270
84302 23871
84402 5948
84502 57739
84602 61239
84702 44197
84802 703
84902 63804
85002 15737
85102 62223
85202 57822
85302 15350
85402 8656
85502 47892
85602 25641
85702 56584
85802 10630
85902 35557
86002 29270
86102 58132
86202 10886
86302 4103
86402 36728
86502 22996
86602 2501
86702 55039
86802 50061
86902 54251
87002 40336
87102 32346
87202 6838
87302 38073
87402 47188
87502 27174
87602 58217
87702 10688
87802 12079
87902 37524
88002 28723
88102 5358
88202 13299
88302 48486
88402 54475
88502 50169
88602 1889
88702 45168
88802 50830
88902 9496
89002 51956
89102 58259
89202 49241
89302 38183
89402 20939
89502 62142
89602 65382
89702 51655
89802 37010
89902 60982
90002 51571
90102 35825
