102 2532
202 4756
302 63573
402 20104
502 13249
602 24792
702 61651
802 26683
902 20998
1002 44349
1102 5106
1202 53141
1302 50065
1402 25395
1502 46454
1602 42152
1702 13829
1802 57066
1902 16255
2002 9337
2102 58090
2202 57664
2302 57386
2402 43546
2502 34959
2602 9615
2702 55512
2802 50055
2902 54193
3002 64537
3102 23997
3202 50005
3302 45946
3402 31404
3502 21857
3602 58269
3702 3838
3802 40711
3902 21794
4002 2568
4102 15842
4202 12069
4302 18161
4402 54358
4502 57721
4602 53572
4702 54816
4802 27300
4902 43534
5002 3909
5102 50427
5202 53910
5302 19262
5402 31718
5502 19764
5602 37880
5702 34792
5802 23150
5902 30170
6002 59322
6102 37323
6202 8708
6302 58484
6402 2885
6502 11181
6602 19661
6702 18060
6802 8355
6902 11064
7002 49962
7102 53469
7202 57892
7302 42702
7402 22351
7502 32123
7602 14058
7702 18530
7802 20536
7902 35784
8002 60758
8102 37583
8202 24267
8302 33051
8402 23253
8502 13657
8602 7027
8702 48502
8802 12090
8902 35483
9002 29953
9102 41898
9202 44626
9302 51921
9402 8312
9502 57172
9602 53186
9702 19789
9802 9858
9902 44022
10002 27907
10102 38960
10202 58409
10302 35813
10402 39077
10502 65219
10602 8088
10702 33457
10802 61990
10902 2685
11002 5662
11102 62758
11202 62170
11302 60414
11402 24022
11502 7448
11602 36139
11702 19894
11802 34495
11902 16602
12002 34497
12102 38669
12202 21778
12302 43762
12402 62344
12502 50625
12602 61516
12702 19461
12802 41720
12902 52770
13002 57059
13102 7531
13202 25218
13302 36655
13402 64753
13502 1938
13602 23178
13702 50844
13802 7666
13902 35145
14002 25504
14102 44759
14202 3777
14302 34708
14402 59425
14502 35938
14602 23264
14702 17704
14802 35174
14902 22877
15002 31242
15102 18755
15202 18881
15302 45757
15402 17684
15502 18843
15602 48553
15702 32877
15802 8254
15902 58101
16002 21220
16102 10783
16202 3722
16302 15541
16402 9438
16502 10385
16602 39250
16702 13456
16802 57141
16902 56341
17002 39887
17102 25647
17202 51778
17302 57792
17402 17887
17502 28583
17602 51493
17702 60524
17802 15985
17902 41883
18002 6001
18102 14651
18202 52269
18302 36316
18402 58277
18502 41472
18602 60027
18702 43537
18802 34784
18902 34013
19002 58212
19102 29301
19202 58696
19302 32050
19402 23622
19502 63852
19602 3609
19702 44875
19802 64745
19902 52848
20002 7980
20102 51006
20202 57841
20302 2281
20402 32974
20502 14058
20602 40030
20702 54485
20802 36247
20902 60383
21002 4324
21102 40557
21202 12002
21302 56174
21402 31182
21502 40137
21602 49120
21702 28784
21802 61528
21902 14724
22002 2493
22102 62064
22202 57681
22302 14082
22402 45483
22502 40069
22602 11297
22702 28526
22802 8856
22902 56414
23002 38301
23102 51097
23202 39469
23302 28214
23402 485
23502 21817
23602 54351
23702 39671
23802 41133
23902 33213
24002 21544
24102 53768
24202 12441
24302 13585
24402 14311
24502 12073
24602 17473
24702 41034
24802 13899
24902 35987
25002 59673
25102 57070
25202 61208
25302 3902
25402 13330
25502 13075
25602 65081
25702 56886
25802 48241
25902 62321
26002 11174
26102 31694
26202 29492
26302 5152
26402 54637
26502 23949
26602 13291
26702 16343
26802 45830
26902 2135
27002 26337
27102 37196
27202 56580
27302 39475
27402 41924
27502 57222
27602 39898
27702 4664
27802 6798
27902 25767
28002 48701
28102 22374
28202 40270
28302 29754
28402 63226
28502 29080
28602 51390
28702 30016
28802 17130
28902 39332
29002 57314
29102 39062
29202 43260
29302 22535
29402 9529
29502 34215
29602 24284
29702 21221
29802 25477
29902 53721
30002 1031
30102 4433
30202 63445
30302 62315
30402 45168
30502 44551
30602 56582
30702 25662
30802 49535
30902 53415
31002 4567
31102 37572
31202 63291
31302 43624
31402 54504
31502 28189
31602 15877
31702 37494
31802 2358
31902 32316
32002 4103
32102 50688
32202 12109
32302 58458
32402 52394
32502 43
32602 48252
32702 30852
32802 30438
32902 59614
33002 23043
33102 8118
33202 45986
33302 49796
33402 57071
33502 64360
33602 32516
33702 29303
33802 46694
33902 36463
34002 3820
34102 35983
34202 41325
34302 48318
34402 4276
34502 45854
34602 57014
34702 13533
34802 63129
34902 43596
35002 41754
35102 4428
35202 45995
35302 26950
35402 33928
35502 53324
35602 17910
35702 7649
35802 8136
35902 28222
36002 45721
36102 18375
36202 49686
36302 60241
36402 30341
36502 38293
36602 40139
36702 1534
36802 52482
36902 39499
37002 1641
37102 38431
37202 57695
37302 51632
37402 9790
37502 57351
37602 1246
37702 20574
37802 13827
37902 31105
38002 23316
38102 52474
38202 54640
38302 1510
38402 18787
38502 31858
38602 7632
38702 24412
38802 61613
38902 61941
39002 5204
39102 40972
39202 12585
39302 59829
39402 16055
39502 9251
39602 55892
39702 18756
39802 190
39902 64125
40002 14411
40102 52616
40202 378
40302 26019
40402 10758
40502 5242
40602 2775
40702 31556
40802 39817
40902 24342
41002 46375
41102 21974
41202 13352
41302 8527
41402 33267
41502 10056
41602 17281
41702 22453
41802 14432
41902 49193
42002 15551
42102 9951
42202 7441
42302 34707
42402 3682
42502 3724
42602 4112
42702 24252
42802 49608
42902 6715
43002 51806
43102 25301
43202 29169
43302 32559
43402 45993
43502 2304
43602 61822
43702 11285
43802 8345
43902 54317
44002 16027
44102 29859
44202 27969
44302 53551
44402 31487
44502 7895
44602 59807
44702 34727
44802 37122
44902 46014
45002 72
45102 4922
45202 41444
45302 5363
45402 60588
45502 40099
45602 2571
45702 29089
45802 26738
45902 60024
46002 52173
46102 65049
46202 6848
46302 8738
46402 61982
46502 3195
46602 25721
46702 46763
46802 56362
46902 60601
47002 55763
47102 52564
47202 37168
47302 22246
47402 2983
47502 14465
47602 47927
47702 56691
47802 35254
47902 29988
48002 34946
48102 42877
48202 33534
48302 3825
48402 45945
48502 63339
48602 25570
48702 12576
48802 61788
48902 7799
49002 46861
49102 2748
49202 53436
49302 39620
49402 14993
49502 26262
49602 35156
49702 56876
49802 14079
49902 28426
50002 34050
50102 63131
50202 45360
50302 5508
50402 44986
50502 43852
50602 8067
50702 12845
50802 3425
50902 47442
51002 28400
51102 21393
51202 33047
51302 63878
51402 17775
51502 22669
51602 61461
51702 50451
51802 64968
51902 60779
52002 55056
52102 7321
52202 49515
52302 7669
52402 6688
52502 38878
52602 31100
52702 40726
52802 51574
52902 6452
53002 27910
53102 49007
53202 30618
53302 36915
53402 4813
53502 32700
53602 61918
53702 51510
53802 55589
53902 39367
54002 45718
54102 8905
54202 43168
54302 28180
54402 40192
54502 64894
54602 17498
54702 19429
54802 40048
54902 29725
55002 6850
55102 17209
55202 56931
55302 45957
55402 54070
55502 37867
55602 23770
55702 49467
55802 25569
55902 60052
56002 12059
56102 54908
56202 62537
56302 19574
56402 55341
56502 44611
56602 3901
56702 56804
56802 60300
56902 7127
57002 36811
57102 15544
57202 35845
57302 127
57402 32924
57502 56734
57602 56899
57702 17699
57802 2439
57902 25607
58002 61257
58102 21927
58202 11614
58302 43943
58402 32323
58502 12150
58602 41344
58702 44295
58802 8483
58902 28371
59002 57232
59102 14285
59202 58321
59302 32990
59402 61433
59502 62674
59602 45184
59702 38730
59802 65162
59902 64870
60002 63692
60102 55186
60202 26714
60302 31977
60402 43589
60502 229
60602 30531
60702 42664
60802 35003
60902 12979
61002 39802
61102 33672
61202 52627
61302 17056
61402 32175
61502 57756
61602 32955
61702 12983
61802 50908
61902 65438
62002 57685
62102 18245
62202 3126
62302 24607
62402 13623
62502 11697
62602 7170
62702 35840
62802 42041
62902 25710
63002 57321
63102 33556
63202 28928
63302 13693
63402 56519
63502 42717
63602 59488
63702 9610
63802 39501
63902 42731
64002 19703
64102 36719
64202 64548
64302 40251
64402 8991
64502 62344
64602 19900
64702 59943
64802 24630
64902 282
65002 55459
65102 35439
65202 21148
65302 43599
65402 57303
65502 31886
65602 43956
65702 23755
65802 43554
65902 59823
66002 64021
66102 54742
66202 25601
66302 22579
66402 55142
66502 35582
66602 31359
66702 9345
66802 15094
66902 51261
67002 47281
67102 64749
67202 34602
67302 24587
67402 4722
67502 42791
67602 1581
67702 55962
67802 11436
67902 47435
68002 55952
68102 8682
68202 42941
68302 14972
68402 42375
68502 45415
68602 60585
68702 64185
68802 15031
68902 38856
69002 43474
69102 47497
69202 45016
69302 48463
69402 42244
69502 31722
69602 28343
69702 40824
69802 51920
69902 36956
70002 45341
70102 61032
70202 7686
70302 165
70402 33956
70502 36938
70602 59156
70702 33236
70802 15795
70902 10340
71002 23645
71102 53717
71202 55038
71302 49725
71402 25844
71502 54787
71602 37461
71702 62711
71802 40500
71902 9651
72002 31531
72102 13436
72202 15606
72302 53925
72402 19108
72502 49393
72602 61694
72702 2936
72802 3798
72902 60181
73002 15051
73102 6980
73202 38537
73302 45257
73402 55918
73502 55718
73602 35314
73702 49029
73802 31049
73902 25868
74002 34948
74102 9713
74202 1843
74302 5116
74402 15958
74502 25586
74602 32376
74702 33378
74802 45054
74902 29120
75002 8982
75102 35498
75202 8743
75302 27484
75402 3299
75502 43206
75602 2059
75702 6591
75802 12883
75902 62179
76002 44535
76102 11342
76202 14405
76302 7621
76402 32103
76502 52284
76602 48915
76702 53628
76802 3084
76902 53976
77002 37124
77102 6195
77202 32525
77302 36215
77402 4461
77502 44156
77602 1606
77702 12551
77802 60737
77902 9867
78002 48142
78102 30970
78202 62224
78302 37428
78402 51782
78502 29420
78602 10352
78702 22038
78802 3647
78902 52769
79002 12644
79102 40610
79202 11264
79302 45503
79402 2999
79502 59750
79602 18230
79702 59266
79802 412
79902 610
80002 21178
80102 54532
80202 27882
80302 10238
80402 52390
80502 965
80602 64694
80702 6016
80802 19226
80902 28114
81002 7170
81102 31727
81202 13193
81302 58209
81402 30358
81502 39851
81602 49957
81702 56090
81802 11833
81902 47162
82002 34648
82102 7766
82202 48351
82302 52892
82402 9766
82502 8058
82602 62561
82702 22726
82802 29919
82902 30137
83002 63094
83102 38485
83202 13176
83302 26837
83402 24857
83502 64571
83602 5633
83702 18188
83802 38267
83902 57262
84002 48138
84102 36238
84202 35084
84302 13338
84402 39055
84502 35869
84602 303
84702 44311
84802 4406
84902 64989
85002 4669
85102 61362
85202 59973
85302 7197
85402 15627
85502 60952
85602 29468
85702 37578
85802 2964
85902 62559
86002 31650
86102 47428
86202 2997
86302 64490
86402 26470
86502 2891
86602 62775
86702 37510
86802 18600
86902 428
87002 13327
87102 1157
87202 46484
87302 55839
87402 60450
87502 63122
87602 58626
87702 12064
87802 63468
87902 15640
88002 15072
88102 31463
88202 62789
88302 48014
88402 56206
88502 59982
88602 17529
88702 58807
88802 4770
88902 27121
89002 55231
89102 37197
89202 12877
89302 9074
89402 49848
89502 30057
89602 7232
89702 34602
89802 63483
89902 29551
90002 33264
90102 25291
