102 1951
202 25043
302 44578
402 55269
502 59885
602 53044
702 39933
802 27600
902 47053
1002 62327
1102 64067
1202 24164
1302 10705
1402 55945
1502 48350
1602 59796
1702 22896
1802 65155
1902 57027
2002 51024
2102 59694
2202 49983
2302 44346
2402 56510
2502 6915
2602 25287
2702 50774
2802 41664
2902 47544
3002 57741
3102 39057
3202 60874
3302 41594
3402 33371
3502 24361
3602 32584
3702 32984
3802 54025
3902 26448
4002 7611
4102 56710
4202 31260
4302 16148
4402 43414
4502 17984
4602 27403
4702 13637
4802 38792
4902 40232
5002 17267
5102 44456
5202 44066
5302 38529
5402 43367
5502 51890
5602 20121
5702 1115
5802 24904
5902 1366
6002 38628
6102 50490
6202 15472
6302 38119
6402 25064
6502 31762
6602 30364
6702 34496
6802 12094
6902 47959
7002 16792
7102 20702
7202 4355
7302 43102
7402 19842
7502 15742
7602 31740
7702 20351
7802 31074
7902 53148
8002 27570
8102 36089
8202 46764
8302 33544
8402 13412
8502 49461
8602 46327
8702 37712
8802 40097
8902 63108
9002 35119
9102 19960
9202 44721
9302 11021
9402 13264
9502 43435
9602 12493
9702 20349
9802 55937
9902 21972
10002 27031
10102 56904
10202 14333
10302 9827
10402 51227
10502 4010
10602 44558
10702 48270
10802 9756
10902 35280
11002 61746
11102 17808
11202 41130
11302 51142
11402 614
11502 11942
11602 48420
11702 50280
11802 60609
11902 56825
12002 52140
12102 23635
12202 53182
12302 9567
12402 18327
12502 31430
12602 38101
12702 50928
12802 27633
12902 44698
13002 63360
13102 43611
13202 25423
13302 11794
13402 26663
13502 4122
13602 39997
13702 18832
13802 2683
13902 22663
14002 51152
14102 7217
14202 33717
14302 15121
14402 32973
14502 50205
14602 57562
14702 18983
14802 55676
14902 15736
15002 12968
15102 22557
15202 37350
15302 14195
15402 8103
15502 6809
15602 51182
15702 26844
15802 14288
15902 18916
16002 36119
16102 50820
16202 16875
16302 44587
16402 51902
16502 6350
16602 45680
16702 53531
16802 40577
16902 7131
17002 56033
17102 44983
17202 64214
17302 57966
17402 48956
17502 1151
17602 8118
17702 37957
17802 1831
17902 21802
18002 4144
18102 17388
18202 44965
18302 48286
18402 17240
18502 44193
18602 32197
18702 57070
18802 51531
18902 34323
19002 5788
19102 38775
19202 56056
19302 25696
19402 39310
19502 29404
19602 25874
19702 56541
19802 58277
19902 47217
20002 38375
20102 25343
20202 58770
20302 36097
20402 62793
20502 25730
20602 61955
20702 53656
20802 57504
20902 15931
21002 26720
21102 44461
21202 46287
21302 60930
21402 63517
21502 37967
21602 57091
21702 13374
21802 23369
21902 45438
22002 23234
22102 13991
22202 2164
22302 52308
22402 45967
22502 56344
22602 10018
22702 51060
22802 36640
22902 2352
23002 3889
23102 19368
23202 52582
23302 6858
23402 12306
23502 31265
23602 64123
23702 42028
23802 25789
23902 60960
24002 13155
24102 53173
24202 44689
24302 51250
24402 22744
24502 45280
24602 21358
24702 65222
24802 28680
24902 14274
25002 37703
25102 25283
25202 23455
25302 14481
25402 46126
25502 20526
25602 62163
25702 26888
25802 8431
25902 35520
26002 5332
26102 10211
26202 55024
26302 55525
26402 57293
26502 39304
26602 23121
26702 46806
26802 46019
26902 6695
27002 45167
27102 61684
27202 55557
27302 26438
27402 18684
27502 59725
27602 15801
27702 16075
27802 20766
27902 56470
28002 60223
28102 47925
28202 27941
28302 27361
28402 37604
28502 15572
28602 7597
28702 56254
28802 25873
28902 57885
29002 17012
29102 49162
29202 21227
29302 57462
29402 57256
29502 12802
29602 1647
29702 38035
29802 45827
29902 30728
30002 4163
30102 37207
30202 4954
30302 56544
30402 36481
30502 7068
30602 3301
30702 9031
30802 26350
30902 18960
31002 49170
31102 47268
31202 9283
31302 4942
31402 53813
31502 10483
31602 29836
31702 36884
31802 40311
31902 17860
32002 35369
32102 34328
32202 13694
32302 60080
32402 42349
32502 38115
32602 42917
32702 63708
32802 15262
32902 3529
33002 940
33102 20775
33202 15624
33302 45298
33402 6780
33502 43376
33602 8668
33702 2598
33802 39284
33902 65400
34002 8596
34102 64480
34202 41191
34302 44622
34402 14194
34502 64988
34602 5571
34702 63826
34802 23041
34902 14632
35002 58988
35102 32640
35202 4905
35302 51426
35402 53595
35502 40251
35602 60625
35702 47114
35802 32397
35902 18673
36002 43418
36102 46792
36202 60967
36302 17735
36402 9548
36502 30924
36602 9635
36702 14605
36802 38509
36902 12014
37002 57951
37102 57698
37202 32836
37302 36253
37402 23752
37502 61568
37602 50873
37702 11544
37802 57806
37902 46392
38002 1231
38102 12702
38202 12507
38302 47403
38402 62531
38502 49341
38602 31619
38702 42276
38802 46353
38902 19952
39002 8536
39102 23966
39202 2537
39302 2596
39402 48836
39502 11904
39602 16824
39702 39280
39802 48583
39902 48114
40002 32330
40102 65031
40202 6075
40302 64233
40402 3387
40502 61571
40602 371
40702 64035
40802 31714
40902 29520
41002 56972
41102 14865
41202 7672
41302 11658
41402 49920
41502 15981
41602 12974
41702 47121
41802 11933
41902 61401
42002 51571
42102 63607
42202 7241
42302 31771
42402 38674
42502 39925
42602 8727
42702 45593
42802 19448
42902 7397
43002 26455
43102 11552
43202 62020
43302 45127
43402 39791
43502 28511
43602 4316
43702 65430
43802 11778
43902 1333
44002 54570
44102 62126
44202 61690
44302 25495
44402 35516
44502 27751
44602 47668
44702 64758
44802 33665
44902 15308
45002 17861
45102 9975
45202 30626
45302 9068
45402 53567
45502 34315
45602 40285
45702 62404
45802 56511
45902 49070
46002 53662
46102 49928
46202 45933
46302 17865
46402 42622
46502 61075
46602 55025
46702 45405
46802 1915
46902 46709
47002 21008
47102 11774
47202 27539
47302 11714
47402 59803
47502 42130
47602 52628
47702 15316
47802 447
47902 10322
48002 42854
48102 22133
48202 56661
48302 57303
48402 29716
48502 59662
48602 33153
48702 38413
48802 23109
48902 43597
49002 59756
49102 32348
49202 24194
49302 64050
49402 42851
49502 44433
49602 33969
49702 16641
49802 36935
49902 62752
50002 6568
50102 13939
50202 27677
50302 18476
50402 49847
50502 42253
50602 3941
50702 6286
50802 61444
50902 11693
51002 49482
51102 62353
51202 55593
51302 5970
51402 61995
51502 26996
51602 46252
51702 2388
51802 63461
51902 9633
52002 36410
52102 32073
52202 12254
52302 12679
52402 52561
52502 4270
52602 16508
52702 34955
52802 32489
52902 53071
53002 27546
53102 11593
53202 38488
53302 49664
53402 52079
53502 39194
53602 52527
53702 31770
53802 50432
53902 23010
54002 6730
54102 65499
54202 35360
54302 14334
54402 17764
54502 31315
54602 10198
54702 18672
54802 54243
54902 9289
55002 20321
55102 32446
55202 44483
55302 24439
55402 821
55502 32054
55602 44313
55702 21730
55802 26655
55902 42059
56002 22804
56102 64283
56202 2319
56302 21976
56402 1676
56502 31651
56602 18899
56702 44959
56802 11459
56902 58270
57002 1436
57102 49583
57202 49369
57302 20986
57402 27
57502 37867
57602 29537
57702 46082
57802 8561
57902 64112
58002 19874
58102 33175
58202 44096
58302 7322
58402 6082
58502 40556
58602 12710
58702 9237
58802 13520
58902 21933
59002 10371
59102 37846
59202 22005
59302 9174
59402 39331
59502 64903
59602 49335
59702 35830
59802 45277
59902 11296
60002 38486
60102 12621
60202 30788
60302 62947
60402 1391
60502 22829
60602 43427
60702 22161
60802 25552
60902 3963
61002 13007
61102 12413
61202 59371
61302 53054
61402 63452
61502 62299
61602 53235
61702 22547
61802 10794
61902 34200
62002 40064
62102 48146
62202 53005
62302 33492
62402 17767
62502 14460
62602 22557
62702 39493
62802 4769
62902 22756
63002 54011
63102 11424
63202 19018
63302 20548
63402 26460
63502 14903
63602 45928
63702 18758
63802 27422
63902 25917
64002 5264
64102 9180
64202 44873
64302 19045
64402 30093
64502 12583
64602 1934
64702 45219
64802 58823
64902 18266
65002 33676
65102 56011
65202 15039
65302 16148
65402 128
65502 12967
65602 62409
65702 25964
65802 44284
65902 48846
66002 9688
66102 5292
66202 49954
66302 15201
66402 7217
66502 38714
66602 26599
66702 35829
66802 4734
66902 51989
67002 4828
67102 34744
67202 56324
67302 1137
67402 55584
67502 43072
67602 4568
67702 4650
67802 3564
67902 22749
68002 35445
68102 52060
68202 16060
68302 59763
68402 19792
68502 56619
68602 9375
68702 45400
68802 12992
68902 6115
69002 33393
69102 65426
69202 40267
69302 8351
69402 7612
69502 4216
69602 52868
69702 29089
69802 54479
69902 51488
70002 19271
70102 12288
70202 20040
70302 1231
70402 29553
70502 5026
70602 8078
70702 43690
70802 7801
70902 40772
71002 25713
71102 20888
71202 6801
71302 49766
71402 5612
71502 26197
71602 50675
71702 24048
71802 59782
71902 32281
72002 33177
72102 42700
72202 62332
72302 35373
72402 40318
72502 27276
72602 60252
72702 24814
72802 36079
72902 47931
73002 27690
73102 30317
73202 52605
73302 65507
73402 4202
73502 1992
73602 20033
73702 63334
73802 30085
73902 10769
74002 55339
74102 30038
74202 19481
74302 52769
74402 52115
74502 11942
74602 38422
74702 55429
74802 46543
74902 54448
75002 9919
75102 41652
75202 27675
75302 43645
75402 5421
75502 32963
75602 59606
75702 7778
75802 15386
75902 15537
76002 14826
76102 730
76202 7324
76302 9452
76402 38757
76502 57612
76602 28398
76702 26999
76802 46579
76902 27404
77002 23819
77102 11323
77202 28912
77302 43260
77402 54453
77502 59989
77602 8310
77702 23692
77802 20339
77902 4138
78002 51196
78102 64404
78202 7800
78302 27765
78402 52385
78502 46525
78602 31730
78702 3405
78802 52702
78902 1248
79002 59934
79102 50069
79202 28375
79302 39527
79402 54169
79502 28504
79602 47340
79702 44973
79802 45746
79902 17880
80002 61599
80102 64885
80202 21105
80302 60904
80402 18533
80502 46265
80602 34
80702 31896
80802 38650
80902 33213
81002 40639
81102 48689
81202 44592
81302 53297
81402 8190
81502 4882
81602 29339
81702 56351
81802 55922
81902 16286
82002 57111
82102 18997
82202 27018
82302 27584
82402 21301
82502 46957
82602 44075
82702 49428
82802 11444
82902 43217
83002 63899
83102 6540
83202 57832
83302 52226
83402 12366
83502 47153
83602 24024
83702 29120
83802 13690
83902 26218
84002 50616
84102 24807
84202 474
84302 48659
84402 19203
84502 24593
84602 17384
84702 50824
84802 58132
84902 51561
85002 3897
85102 13430
85202 246
85302 5888
85402 11679
85502 1357
85602 24138
85702 19832
85802 22451
85902 18536
86002 34749
86102 5007
86202 27989
86302 34094
86402 35662
86502 42988
86602 56524
86702 36666
86802 15366
86902 37600
87002 41960
87102 21084
87202 18638
87302 2785
87402 44071
87502 64560
87602 62151
87702 24131
87802 46714
87902 29576
88002 52378
88102 46369
88202 35369
88302 6356
88402 29588
88502 45673
88602 12412
88702 20844
88802 12307
88902 7150
89002 63957
89102 31683
89202 2817
89302 48171
89402 42646
89502 53471
89602 25711
89702 44753
89802 46734
89902 60019
90002 8657
90102 63853
90202 50502
90302 58339
90402 3974
90502 725
