102 23408
202 34102
302 60584
402 62192
502 46093
602 10442
702 60332
802 38730
902 18497
1002 49508
1102 22343
1202 10220
1302 56680
1402 10234
1502 19123
1602 29317
1702 40664
1802 43288
1902 47510
2002 61439
2102 17882
2202 60071
2302 48608
2402 62992
2502 8228
2602 1364
2702 30456
2802 1229
2902 26430
3002 2450
3102 54101
3202 36133
3302 62162
3402 12021
3502 25940
3602 41158
3702 24149
3802 47509
3902 40562
4002 62885
4102 18437
4202 39155
4302 46819
4402 6625
4502 3754
4602 34991
4702 47861
4802 43835
4902 23593
5002 59769
5102 16528
5202 53554
5302 32179
5402 48619
5502 60255
5602 36740
5702 10409
5802 19330
5902 48100
6002 26026
6102 9909
6202 8334
6302 2176
6402 56845
6502 27374
6602 30916
6702 31308
6802 13565
6902 24538
7002 16514
7102 18429
7202 22383
7302 36049
7402 20039
7502 18725
7602 17100
7702 56122
7802 33415
7902 56508
8002 2830
8102 7719
8202 36195
8302 9520
8402 6155
8502 59264
8602 17582
8702 7560
8802 14242
8902 22634
9002 27239
9102 20562
9202 59679
9302 38982
9402 42008
9502 35834
9602 19752
9702 5140
9802 29904
9902 25652
10002 45665
10102 4170
10202 21100
10302 8310
10402 12429
10502 63554
10602 50894
10702 465
10802 32014
10902 59263
11002 51016
11102 21905
11202 61040
11302 3758
11402 328
11502 48995
11602 65029
11702 35557
11802 20610
11902 51708
12002 63116
12102 11642
12202 53629
12302 52833
12402 17645
12502 7601
12602 2426
12702 53810
12802 26083
12902 31036
13002 24933
13102 37343
13202 51127
13302 30685
13402 42924
13502 37483
13602 63030
13702 24145
13802 8496
13902 25106
14002 50885
14102 64620
14202 24282
14302 3207
14402 41196
14502 10048
14602 36207
14702 23855
14802 54778
14902 63672
15002 56504
15102 4155
15202 4889
15302 14524
15402 46274
15502 47923
15602 60454
15702 43508
15802 35888
15902 57703
16002 60447
16102 46518
16202 2884
16302 59673
16402 12662
16502 14864
16602 4023
16702 43598
16802 43160
16902 20139
17002 9786
17102 16814
17202 50294
17302 47616
17402 33130
17502 54386
17602 60568
17702 9212
17802 12974
17902 26132
18002 13036
18102 40796
18202 62515
18302 35516
18402 25906
18502 42395
18602 59429
18702 36184
18802 10017
18902 4648
19002 21128
19102 40830
19202 45257
19302 6353
19402 26926
19502 10070
19602 61869
19702 1171
19802 60944
19902 19283
20002 1616
20102 11170
20202 26177
20302 64139
20402 19273
20502 29755
20602 17967
20702 38988
20802 59380
20902 13055
21002 13342
21102 5787
21202 61662
21302 5731
21402 8706
21502 23055
21602 39326
21702 24735
21802 15048
21902 62421
22002 27799
22102 40723
22202 16523
22302 38263
22402 1105
22502 16233
22602 31870
22702 30766
22802 33257
22902 17555
23002 57337
23102 34611
23202 49927
23302 51741
23402 14943
23502 302
23602 16650
23702 24290
23802 48598
23902 38923
24002 57496
24102 8658
24202 48747
24302 17431
24402 14805
24502 47235
24602 21569
24702 26169
24802 62727
24902 56788
25002 58483
25102 44579
25202 56901
25302 15019
25402 5011
25502 31179
25602 13469
25702 20169
25802 37011
25902 47263
26002 42812
26102 21833
26202 49677
26302 28084
26402 41080
26502 51765
26602 40768
26702 59039
26802 50234
26902 17278
27002 58751
27102 293
27202 44362
27302 2469
27402 40331
27502 22153
27602 22566
27702 955
27802 35837
27902 12039
28002 21542
28102 8097
28202 13754
28302 42163
28402 31617
28502 2958
28602 57161
28702 3242
28802 25233
28902 47619
29002 9661
29102 10843
29202 13782
29302 48778
29402 53200
29502 27657
29602 58913
29702 8451
29802 62193
29902 14715
30002 29630
30102 56261
30202 25387
30302 2561
30402 959
30502 7325
30602 40972
30702 19239
30802 4649
30902 623
31002 15948
31102 9868
31202 14873
31302 34886
31402 28519
31502 13702
31602 27291
31702 31250
31802 13266
31902 6869
32002 54611
32102 61685
32202 61674
32302 49542
32402 4367
32502 8661
32602 35558
32702 56496
32802 5752
32902 39890
33002 20393
33102 14621
33202 29652
33302 13436
33402 64490
33502 36380
33602 54510
33702 3262
33802 8303
33902 22676
34002 25044
34102 12325
34202 45978
34302 54693
34402 58437
34502 48811
34602 64057
34702 23477
34802 19474
34902 30740
35002 20019
35102 55662
35202 4581
35302 17256
35402 55060
35502 24327
35602 40980
35702 5893
35802 18183
35902 54638
36002 37523
36102 21842
36202 6148
36302 48899
36402 52895
36502 50718
36602 18775
36702 38150
36802 16555
36902 6255
37002 50529
37102 55978
37202 27543
37302 48199
37402 36271
37502 35369
37602 41188
37702 59712
37802 48548
37902 40074
38002 11921
38102 22783
38202 42281
38302 13563
38402 2869
38502 11728
38602 15003
38702 24449
38802 65466
38902 10498
39002 17153
39102 57997
39202 6807
39302 12165
39402 46072
39502 14549
39602 18269
39702 52578
39802 22289
39902 55280
40002 38097
40102 46614
40202 64624
40302 54366
40402 43615
40502 38975
40602 48778
40702 62076
40802 14991
40902 18694
41002 556
41102 26260
41202 2930
41302 9909
41402 4879
41502 58919
41602 29018
41702 10414
41802 56386
41902 12134
42002 9581
42102 49448
42202 36912
42302 60161
42402 63184
42502 40717
42602 36104
42702 13733
42802 44021
42902 8530
43002 33137
43102 38902
43202 49051
43302 18374
43402 2164
43502 41130
43602 28567
43702 52141
43802 9478
43902 28206
44002 55476
44102 57044
44202 50670
44302 125
44402 15194
44502 53526
44602 9022
44702 804
44802 17861
44902 4764
45002 45414
45102 53862
45202 28049
45302 30921
45402 51955
45502 8559
45602 4273
45702 39663
45802 30250
45902 45865
46002 12112
46102 60085
46202 16429
46302 64372
46402 52485
46502 46141
46602 21002
46702 48518
46802 18151
46902 40695
47002 24136
47102 44846
47202 52200
47302 17995
47402 36923
47502 31816
47602 18471
47702 10898
47802 8900
47902 29908
48002 34790
48102 16430
48202 11675
48302 24594
48402 47956
48502 15426
48602 61996
48702 36124
48802 42728
48902 48559
49002 40159
49102 46933
49202 33617
49302 14174
49402 55903
49502 39641
49602 36672
49702 3294
49802 16946
49902 58842
50002 60023
50102 20835
50202 45527
50302 41293
50402 8616
50502 63556
50602 11216
50702 53932
50802 32800
50902 37775
51002 18529
51102 26058
51202 14098
51302 56269
51402 33575
51502 11802
51602 11453
51702 473
51802 32305
51902 8557
52002 63123
52102 52147
52202 24033
52302 46034
52402 58739
52502 36233
52602 6841
52702 43947
52802 59965
52902 43640
53002 44339
53102 19583
53202 55383
53302 27174
53402 56024
53502 12346
53602 13574
53702 57952
53802 37529
53902 43776
54002 16069
54102 6179
54202 35310
54302 45833
54402 54747
54502 32379
54602 25259
54702 25987
54802 16666
54902 2022
55002 3881
55102 50045
55202 4053
55302 6449
55402 31681
55502 27387
55602 10597
55702 33703
55802 62947
55902 6876
56002 7301
56102 3509
56202 8173
56302 1292
56402 8535
56502 27822
56602 41052
56702 38875
56802 9832
56902 24345
57002 41204
57102 9834
57202 52920
57302 48187
57402 5777
57502 31327
57602 56541
57702 49511
57802 20217
57902 20187
58002 29362
58102 49811
58202 20362
58302 50782
58402 35612
58502 62172
58602 51109
58702 19816
58802 6250
58902 44212
59002 9281
59102 60018
59202 59742
59302 41313
59402 18817
59502 48491
59602 8749
59702 36990
59802 3711
59902 31163
60002 34968
60102 62580
60202 64107
60302 32793
60402 51298
60502 4663
60602 28679
60702 11073
60802 57863
60902 62772
61002 18189
61102 62437
61202 2147
61302 18497
61402 21474
61502 25512
61602 57007
61702 22264
61802 50768
61902 15977
62002 8308
62102 56178
62202 7918
62302 10514
62402 2907
62502 39903
62602 15805
62702 658
62802 58170
62902 27321
63002 59688
63102 8686
63202 52105
63302 5197
63402 6170
63502 32756
63602 39061
63702 35167
63802 54728
63902 6165
64002 45170
64102 42190
64202 39616
64302 35805
64402 9225
64502 43151
64602 40104
64702 43092
64802 11019
64902 47319
65002 60586
65102 58476
65202 44387
65302 13460
65402 23280
65502 26254
65602 18836
65702 35163
65802 32439
65902 28501
66002 42841
66102 10587
66202 42801
66302 1630
66402 42630
66502 53800
66602 42274
66702 8130
66802 15401
66902 45046
67002 44053
67102 56390
67202 19874
67302 37977
67402 46745
67502 28358
67602 65163
67702 19897
67802 57230
67902 11380
68002 20685
68102 62559
68202 10662
68302 63598
68402 53976
68502 42621
68602 47221
68702 24237
68802 48719
68902 39265
69002 7157
69102 63369
69202 44711
69302 15016
69402 44880
69502 4393
69602 36772
69702 15274
69802 48735
69902 17977
70002 31777
70102 26493
70202 61857
70302 39481
70402 36619
70502 18730
70602 60848
70702 14687
70802 27589
70902 49384
71002 14277
71102 21692
71202 29707
71302 64048
71402 6720
71502 23892
71602 12637
71702 53840
71802 45064
71902 53298
72002 64019
72102 1879
72202 62456
72302 11975
72402 33005
72502 31487
72602 38779
72702 45295
72802 38052
72902 53288
73002 31670
73102 776
73202 39939
73302 15153
73402 55025
73502 27369
73602 49826
73702 8797
73802 3930
73902 11515
74002 18739
74102 16753
74202 33537
74302 29054
74402 8107
74502 24529
74602 62277
74702 35871
74802 38168
74902 47421
75002 50532
75102 64171
75202 24754
75302 39081
75402 53774
75502 5527
75602 16132
75702 7927
75802 2776
75902 22431
76002 54702
76102 45240
76202 22623
76302 12440
76402 9339
76502 703
76602 30473
76702 55994
76802 39027
76902 57570
77002 12779
77102 29987
77202 33683
77302 27616
77402 47577
77502 64640
77602 21339
77702 19171
77802 49630
77902 39251
78002 15808
78102 28343
78202 28113
78302 22238
78402 2868
78502 62346
78602 30031
78702 28909
78802 6596
78902 52258
79002 49949
79102 9833
79202 37763
79302 4817
79402 31361
79502 41756
79602 64873
79702 46963
79802 42016
79902 27951
80002 11429
80102 62326
80202 38912
80302 11137
80402 6152
80502 4634
80602 19689
80702 14182
80802 60448
80902 31504
81002 47151
81102 45304
81202 24464
81302 41582
81402 32346
81502 55332
81602 50595
81702 34853
81802 26509
81902 14180
82002 4478
82102 4748
82202 13434
82302 34800
82402 64341
82502 55666
82602 41664
82702 48014
82802 29540
82902 60997
83002 49763
83102 8425
83202 20763
83302 37305
83402 47044
83502 23576
83602 22750
83702 42609
83802 43199
83902 5513
84002 29995
84102 18843
84202 56696
84302 3725
84402 57792
84502 45826
84602 38970
84702 61706
84802 7535
84902 5885
85002 18645
85102 35666
85202 4829
85302 43567
85402 63525
85502 51385
85602 4695
85702 8230
85802 307
85902 5600
86002 65054
86102 33135
86202 35991
86302 18545
86402 49381
86502 58782
86602 3718
86702 4611
86802 32466
86902 10143
87002 26456
87102 50147
87202 18848
87302 933
87402 55008
87502 9014
87602 58735
87702 42845
87802 32658
87902 49561
88002 14659
88102 50020
88202 15053
88302 56278
88402 11737
88502 29693
88602 53026
88702 55073
88802 64290
88902 11324
89002 46514
89102 44713
89202 36101
89302 15499
89402 15140
89502 60116
89602 14976
89702 54124
89802 23603
89902 49079
90002 43644
90102 53104
