102 50090
202 1184
302 31689
402 22352
502 52004
602 31781
702 5379
802 50745
902 57532
1002 29699
1102 63047
1202 1628
1302 60915
1402 37448
1502 24408
1602 8977
1702 20589
1802 1427
1902 42405
2002 47427
2102 18973
2202 36569
2302 34590
2402 14210
2502 9761
2602 5512
2702 29034
2802 15242
2902 65183
3002 45743
3102 44015
3202 24512
3302 47913
3402 55381
3502 20318
3602 33452
3702 57179
3802 36100
3902 53941
4002 21772
4102 12269
4202 10802
4302 19543
4402 7307
4502 12874
4602 9317
4702 21108
4802 8583
4902 65463
5002 10640
5102 16688
5202 30303
5302 34789
5402 58751
5502 54639
5602 25866
5702 63608
5802 15111
5902 18414
6002 45683
6102 17594
6202 49002
6302 38491
6402 41447
6502 14221
6602 56800
6702 2466
6802 2710
6902 11996
7002 36183
7102 30393
7202 54281
7302 23955
7402 29095
7502 62643
7602 39058
7702 60318
7802 44533
7902 19416
8002 61269
8102 46401
8202 58590
8302 15741
8402 8880
8502 52707
8602 979
8702 4886
8802 51807
8902 40606
9002 13946
9102 32857
9202 10626
9302 6386
9402 551
9502 21275
9602 45115
9702 59542
9802 43538
9902 48985
10002 18892
10102 64275
10202 52188
10302 57926
10402 60000
10502 55394
10602 47065
10702 16487
10802 40391
10902 7633
11002 11581
11102 36993
11202 14169
11302 14781
11402 23154
11502 7810
11602 56391
11702 50330
11802 27060
11902 25634
12002 34608
12102 60048
12202 41117
12302 19110
12402 34892
12502 44915
12602 23562
12702 37315
12802 40974
12902 14182
13002 33525
13102 7143
13202 39480
13302 54703
13402 3500
13502 2400
13602 10044
13702 32731
13802 11862
13902 35365
14002 16948
14102 63867
14202 16470
14302 13292
14402 25000
14502 39422
14602 4859
14702 57270
14802 14445
14902 10382
15002 50132
15102 41584
15202 34268
15302 38207
15402 11631
15502 32050
15602 25160
15702 12772
15802 6691
15902 1793
16002 62042
16102 58705
16202 59257
16302 20190
16402 43071
16502 2567
16602 37983
16702 16198
16802 53549
16902 16009
17002 26413
17102 35737
17202 9289
17302 24611
17402 17080
17502 32972
17602 24567
17702 12087
17802 14250
17902 30597
18002 45600
18102 2787
18202 55815
18302 17359
18402 6422
18502 56993
18602 49250
18702 49350
18802 20802
18902 6486
19002 53145
19102 19073
19202 34571
19302 56971
19402 17207
19502 9971
19602 28354
19702 53743
19802 43504
19902 42807
20002 40451
20102 63458
20202 41642
20302 30446
20402 61293
20502 47359
20602 27527
20702 45448
20802 30470
20902 45320
21002 49658
21102 1227
21202 27088
21302 16049
21402 50521
21502 52793
21602 40
21702 4433
21802 25897
21902 60340
22002 41403
22102 45275
22202 42053
22302 12171
22402 35015
22502 65472
22602 60720
22702 4767
22802 35450
22902 1417
23002 33979
23102 38376
23202 18254
23302 53356
23402 9656
23502 61653
23602 57499
23702 2410
23802 19482
23902 6817
24002 59988
24102 43541
24202 14257
24302 50235
24402 40249
24502 50910
24602 52465
24702 18139
24802 10824
24902 19460
25002 939
25102 39796
25202 61390
25302 58770
25402 9218
25502 40802
25602 48776
25702 46749
25802 20719
25902 5440
26002 44858
26102 4021
26202 27388
26302 37998
26402 38655
26502 34095
26602 42888
26702 35623
26802 44001
26902 46120
27002 61170
27102 32403
27202 6424
27302 18850
27402 8331
27502 11862
27602 61173
27702 18726
27802 45271
27902 15933
28002 6982
28102 5064
28202 23567
28302 22465
28402 41552
28502 39511
28602 24448
28702 32608
28802 20715
28902 49325
29002 706
29102 6628
29202 19847
29302 20094
29402 3483
29502 56018
29602 41637
29702 63142
29802 45139
29902 33315
30002 45445
30102 39420
30202 28486
30302 29745
30402 34185
30502 50581
30602 53020
30702 27047
30802 45341
30902 27866
31002 61690
31102 44676
31202 11515
31302 7610
31402 2094
31502 36645
31602 19856
31702 13974
31802 48465
31902 17099
32002 60476
32102 33357
32202 36290
32302 7594
32402 24623
32502 23028
32602 37688
32702 11187
32802 35247
32902 56374
33002 41772
33102 15288
33202 33669
33302 788
33402 35849
33502 16587
33602 29860
33702 23932
33802 3894
33902 56923
34002 802
34102 51730
34202 23890
34302 16344
34402 12389
34502 38129
34602 35715
34702 38518
34802 63894
34902 65324
35002 43640
35102 58327
35202 19910
35302 19513
35402 10921
35502 14555
35602 30024
35702 57599
35802 51676
35902 14380
36002 11898
36102 27856
36202 41893
36302 33411
36402 61846
36502 3411
36602 3184
36702 44171
36802 26775
36902 61036
37002 55804
37102 24492
37202 37146
37302 17665
37402 45349
37502 51854
37602 62229
37702 36134
37802 64560
37902 41569
38002 16529
38102 3616
38202 9311
38302 34302
38402 16308
38502 56954
38602 62808
38702 64250
38802 64557
38902 31680
39002 59278
39102 54681
39202 6039
39302 52753
39402 31263
39502 4980
39602 21548
39702 2036
39802 42993
39902 50484
40002 15520
40102 5646
40202 7547
40302 55519
40402 47653
40502 20139
40602 15036
40702 12447
40802 41281
40902 18862
41002 49791
41102 4626
41202 13316
41302 9643
41402 32820
41502 43610
41602 31453
41702 4881
41802 24679
41902 16399
42002 65361
42102 37858
42202 30167
42302 34101
42402 696
42502 3107
42602 33715
42702 13959
42802 58869
42902 8176
43002 17486
43102 35855
43202 29035
43302 8693
43402 27786
43502 16777
43602 50526
43702 43273
43802 7041
43902 31788
44002 63888
44102 31679
44202 4637
44302 5371
44402 23938
44502 11844
44602 23265
44702 40568
44802 17614
44902 24027
45002 30572
45102 42452
45202 39311
45302 40774
45402 20018
45502 20784
45602 37838
45702 49541
45802 19059
45902 8405
46002 62459
46102 9127
46202 8736
46302 59850
46402 47362
46502 42853
46602 25218
46702 14802
46802 63862
46902 65256
47002 1393
47102 15894
47202 35996
47302 64026
47402 2848
47502 33034
47602 58095
47702 60358
47802 11827
47902 40140
48002 21297
48102 3386
48202 51742
48302 15590
48402 15547
48502 54721
48602 55899
48702 11236
48802 42087
48902 29178
49002 24719
49102 58437
49202 2581
49302 35355
49402 41439
49502 21309
49602 30456
49702 5409
49802 63249
49902 56233
50002 54663
50102 50278
50202 8355
50302 44129
50402 19220
50502 9598
50602 15884
50702 20568
50802 42294
50902 59437
51002 40501
51102 32149
51202 12776
51302 33606
51402 33885
51502 64349
51602 57877
51702 6559
51802 47669
51902 22110
52002 302
52102 59837
52202 33085
52302 64249
52402 48112
52502 65101
52602 18631
52702 25990
52802 30933
52902 44997
53002 47536
53102 63329
53202 17390
53302 15428
53402 43745
53502 57957
53602 42638
53702 30479
53802 18642
53902 55493
54002 34735
54102 18006
54202 6176
54302 48680
54402 1654
54502 49711
54602 49404
54702 40189
54802 50316
54902 1202
55002 46913
55102 12560
55202 8473
55302 2604
55402 42527
55502 61005
55602 1746
55702 56101
55802 24202
55902 58376
56002 17475
56102 61118
56202 39055
56302 11042
56402 21577
56502 11936
56602 2562
56702 56005
56802 10338
56902 58970
57002 32240
57102 18501
57202 23630
57302 56665
57402 65333
57502 63792
57602 28282
57702 43989
57802 40197
57902 10722
58002 44995
58102 29319
58202 36194
58302 3364
58402 10680
58502 13203
58602 18957
58702 17304
58802 60670
58902 64761
59002 60836
59102 64652
59202 8890
59302 60858
59402 32748
59502 56309
59602 36336
59702 10984
59802 8581
59902 33632
60002 54679
60102 26870
60202 27444
60302 63046
60402 5783
60502 34813
60602 30379
60702 15177
60802 60534
60902 41335
61002 40348
61102 8117
61202 5967
61302 55392
61402 7102
61502 13234
61602 9254
61702 38142
61802 36217
61902 34979
62002 38554
62102 1230
62202 63508
62302 43007
62402 33721
62502 51160
62602 53201
62702 36627
62802 34078
62902 58229
63002 18919
63102 63057
63202 50938
63302 24845
63402 54221
63502 15620
63602 64159
63702 36202
63802 3895
63902 46644
64002 44670
64102 1379
64202 61402
64302 31664
64402 46014
64502 52584
64602 5525
64702 5889
64802 11994
64902 24090
65002 32295
65102 60319
65202 58768
65302 21862
65402 63285
65502 50466
65602 59370
65702 9374
65802 35229
65902 9604
66002 48062
66102 7251
66202 53163
66302 26580
66402 8976
66502 10258
66602 1306
66702 8124
66802 49307
66902 18982
67002 15063
67102 39925
67202 9670
67302 6307
67402 5300
67502 63200
67602 18629
67702 20255
67802 13117
67902 34832
68002 27351
68102 4972
68202 36656
68302 23393
68402 64155
68502 29195
68602 7393
68702 30625
68802 23616
68902 26508
69002 14694
69102 40764
69202 24889
69302 9797
69402 48316
69502 58897
69602 53402
69702 21407
69802 2631
69902 20638
70002 7367
70102 59593
70202 55173
70302 53128
70402 36386
70502 51906
70602 47670
70702 22371
70802 54219
70902 3111
71002 31439
71102 224
71202 20767
71302 2641
71402 44266
71502 63659
71602 34084
71702 40824
71802 64085
71902 33247
72002 54528
72102 45172
72202 54771
72302 64419
72402 58723
72502 7865
72602 17961
72702 48375
72802 17528
72902 29314
73002 27526
73102 57472
73202 15159
73302 5850
73402 5771
73502 33722
73602 64942
73702 44462
73802 28819
73902 21057
74002 53625
74102 49072
74202 30475
74302 17941
74402 4046
74502 57328
74602 58464
74702 26572
74802 24592
74902 1385
75002 100
75102 43499
75202 32811
75302 45757
75402 5998
75502 27731
75602 23617
75702 240
75802 55305
75902 55066
76002 37557
76102 6934
76202 59226
76302 12334
76402 16985
76502 8173
76602 41067
76702 26698
76802 4349
76902 43585
77002 6683
77102 25566
77202 2626
77302 48433
77402 44415
77502 19984
77602 3647
77702 2163
77802 31847
77902 14050
78002 2153
78102 38120
78202 2528
78302 60348
78402 62840
78502 50457
78602 40722
78702 31711
78802 2487
78902 36292
79002 64986
79102 26112
79202 37939
79302 55751
79402 7092
79502 13721
79602 45291
79702 17980
79802 25890
79902 32289
80002 21214
80102 693
80202 40277
80302 55659
80402 47702
80502 61224
80602 62967
80702 24964
80802 62640
80902 36034
81002 32916
81102 33499
81202 48631
81302 54146
81402 35158
81502 46544
81602 22816
81702 16978
81802 5486
81902 854
82002 17684
82102 47895
82202 46246
82302 64960
82402 36024
82502 1212
82602 12432
82702 60270
82802 38419
82902 6824
83002 18078
83102 49156
83202 42679
83302 56308
83402 14803
83502 39502
83602 34322
83702 3270
83802 49278
83902 56983
84002 52282
84102 31340
84202 24559
84302 26447
84402 16972
84502 27929
84602 46368
84702 25609
84802 22482
84902 1264
85002 41195
85102 29988
85202 19994
85302 42285
85402 5943
85502 29944
85602 53870
85702 25239
85802 65272
85902 2822
86002 63957
86102 25877
86202 3149
86302 16285
86402 29566
86502 46973
86602 9838
86702 44377
86802 16102
86902 44178
87002 29246
87102 59679
87202 16804
87302 63073
87402 9416
87502 51581
87602 22618
87702 24010
87802 39839
87902 56836
88002 7527
88102 43345
88202 16914
88302 34140
88402 43532
88502 58644
88602 16302
88702 28156
88802 35148
88902 37784
89002 40393
89102 9783
89202 855
89302 65218
89402 59606
89502 24680
89602 16508
89702 53501
89802 55872
89902 63422
90002 51783
90102 1508
