102 64993
202 44837
302 17406
402 56599
502 64195
602 44503
702 7005
802 18875
902 21175
1002 31438
1102 51736
1202 31098
1302 60593
1402 47825
1502 21728
1602 61709
1702 8855
1802 42570
1902 2283
2002 15951
2102 8660
2202 14501
2302 11700
2402 49070
2502 62555
2602 43325
2702 20085
2802 46978
2902 24435
3002 4957
3102 45815
3202 15388
3302 45797
3402 57098
3502 43346
3602 47760
3702 12821
3802 64359
3902 9853
4002 46947
4102 47200
4202 3636
4302 34624
4402 8058
4502 20054
4602 5479
4702 41271
4802 43679
4902 53003
5002 46548
5102 12331
5202 23463
5302 59013
5402 20843
5502 24385
5602 1368
5702 30991
5802 33454
5902 41322
6002 50394
6102 13228
6202 35215
6302 48450
6402 63389
6502 17898
6602 5814
6702 41390
6802 34671
6902 30535
7002 53625
7102 14704
7202 61228
7302 64426
7402 44142
7502 14110
7602 32721
7702 63674
7802 55347
7902 39864
8002 35835
8102 24869
8202 14593
8302 23515
8402 42222
8502 49268
8602 36407
8702 50969
8802 36042
8902 58922
9002 36983
9102 40375
9202 40124
9302 43783
9402 26350
9502 55403
9602 32436
9702 24291
9802 32589
9902 34504
10002 34826
10102 5419
10202 2733
10302 38252
10402 33649
10502 50846
10602 19992
10702 44292
10802 13099
10902 24565
11002 14630
11102 43617
11202 54499
11302 33393
11402 16583
11502 30110
11602 28627
11702 33606
11802 20110
11902 10180
12002 38381
12102 59439
12202 63876
12302 44069
12402 8742
12502 42359
12602 1010
12702 4527
12802 61628
12902 11229
13002 16910
13102 38638
13202 49168
13302 901
13402 31744
13502 50471
13602 51959
13702 38370
13802 44238
13902 16310
14002 54561
14102 44551
14202 27427
14302 18823
14402 46057
14502 4887
14602 16224
14702 6888
14802 26288
14902 44382
15002 51565
15102 23185
15202 55552
15302 50913
15402 9373
15502 14193
15602 9666
15702 14487
15802 21453
15902 60800
16002 40167
16102 10671
16202 39858
16302 39174
16402 54755
16502 10411
16602 684
16702 44077
16802 1940
16902 7626
17002 38962
17102 1969
17202 13504
17302 3491
17402 43994
17502 47097
17602 5537
17702 50676
17802 53460
17902 28265
18002 45922
18102 38597
18202 7799
18302 53382
18402 62984
18502 2671
18602 20497
18702 60185
18802 25178
18902 24714
19002 43229
19102 33258
19202 22911
19302 10767
19402 33000
19502 27730
19602 24839
19702 48509
19802 40197
19902 49843
20002 17741
20102 46535
20202 15127
20302 28614
20402 58982
20502 59518
20602 27960
20702 38461
20802 53515
20902 61955
21002 28182
21102 58479
21202 56126
21302 30148
21402 45030
21502 57648
21602 6568
21702 16472
21802 33981
21902 45937
22002 65166
22102 51033
22202 29542
22302 11495
22402 62062
22502 58521
22602 28499
22702 36666
22802 3152
22902 1940
23002 37097
23102 606
23202 30557
23302 22723
23402 38025
23502 41661
23602 24941
23702 4838
23802 58457
23902 17433
24002 56300
24102 3050
24202 11283
24302 58272
24402 34856
24502 31572
24602 56188
24702 64709
24802 41248
24902 55599
25002 19635
25102 57978
25202 61363
25302 54326
25402 58831
25502 12098
25602 35188
25702 10988
25802 62275
25902 5595
26002 58319
26102 56869
26202 64989
26302 25255
26402 38153
26502 2850
26602 10140
26702 26752
26802 43262
26902 25557
27002 2691
27102 27697
27202 51217
27302 48344
27402 695
27502 29673
27602 18558
27702 26891
27802 46671
27902 58250
28002 13592
28102 51290
28202 6211
28302 45499
28402 9724
28502 52755
28602 29853
28702 8912
28802 43910
28902 7139
29002 51747
29102 38036
29202 44400
29302 26856
29402 2739
29502 25227
29602 46401
29702 31912
29802 47122
29902 3504
30002 58826
30102 53062
30202 57239
30302 11757
30402 35463
30502 9645
30602 2666
30702 18274
30802 34836
30902 14854
31002 10519
31102 51537
31202 40962
31302 36346
31402 45166
31502 26890
31602 15333
31702 48941
31802 21282
31902 49894
32002 18512
32102 6809
32202 63434
32302 41580
32402 51372
32502 50496
32602 18437
32702 60117
32802 5850
32902 44325
33002 53108
33102 28182
33202 59347
33302 32175
33402 36083
33502 49142
33602 9424
33702 35869
33802 58668
33902 27224
34002 40828
34102 37840
34202 42818
34302 37902
34402 24350
34502 55863
34602 53957
34702 7940
34802 737
34902 25776
35002 26331
35102 35258
35202 5716
35302 63977
35402 5195
35502 14667
35602 51782
35702 45057
35802 32611
35902 2008
36002 32650
36102 9256
36202 52519
36302 23705
36402 56148
36502 663
36602 60526
36702 57206
36802 64488
36902 38192
37002 50880
37102 61405
37202 14851
37302 20891
37402 26275
37502 58979
37602 34857
37702 3638
37802 17856
37902 38123
38002 25083
38102 64601
38202 29981
38302 2643
38402 48237
38502 12137
38602 22894
38702 43964
38802 35651
38902 19185
39002 51546
39102 23615
39202 2118
39302 13010
39402 41263
39502 63482
39602 7971
39702 44232
39802 4251
39902 59820
40002 50694
40102 38400
40202 31320
40302 5977
40402 39492
40502 29517
40602 51441
40702 40025
40802 16351
40902 7498
41002 14629
41102 23436
41202 36660
41302 43183
41402 38922
41502 330
41602 59414
41702 42201
41802 60240
41902 17788
42002 46357
42102 7664
42202 56366
42302 8740
42402 33043
42502 37114
42602 112
42702 11263
42802 22091
42902 15286
43002 25663
43102 38866
43202 5684
43302 14291
43402 29298
43502 41921
43602 30299
43702 30710
43802 45295
43902 1196
44002 58987
44102 26566
44202 62143
44302 59257
44402 47385
44502 50421
44602 55161
44702 21320
44802 40259
44902 56535
45002 39066
45102 64205
45202 40774
45302 41059
45402 33887
45502 40067
45602 54443
45702 3356
45802 51843
45902 44531
46002 39035
46102 16515
46202 42938
46302 17951
46402 46780
46502 22321
46602 54200
46702 51024
46802 32304
46902 64160
47002 52092
47102 56913
47202 24364
47302 63924
47402 21201
47502 64888
47602 2281
47702 46543
47802 5180
47902 56141
48002 25975
48102 60765
48202 57949
48302 26139
48402 33744
48502 43247
48602 23820
48702 34766
48802 12033
48902 21511
49002 29641
49102 35400
49202 41331
49302 7217
49402 57958
49502 40034
49602 31168
49702 19497
49802 45644
49902 39031
50002 25438
50102 25060
50202 13053
50302 38529
50402 20100
50502 46140
50602 39261
50702 786
50802 48619
50902 10045
51002 59143
51102 56314
51202 1361
51302 54601
51402 34083
51502 59700
51602 34753
51702 60056
51802 41006
51902 1591
52002 57254
52102 59782
52202 64867
52302 44505
52402 58487
52502 22238
52602 58591
52702 20139
52802 62830
52902 21801
53002 31977
53102 37659
53202 23332
53302 13328
53402 58220
53502 33195
53602 27348
53702 24605
53802 34222
53902 16038
54002 10957
54102 46992
54202 33940
54302 4514
54402 24918
54502 51289
54602 50871
54702 40421
54802 53291
54902 54949
55002 42885
55102 25642
55202 43586
55302 63166
55402 40274
55502 59153
55602 3087
55702 24879
55802 53007
55902 58206
56002 834
56102 45303
56202 3913
56302 50733
56402 6924
56502 53033
56602 22110
56702 42664
56802 452
56902 9916
57002 62979
57102 61879
57202 50901
57302 53272
57402 63326
57502 4488
57602 18220
57702 25334
57802 15503
57902 55339
58002 14094
58102 34664
58202 9704
58302 42320
58402 26154
58502 59873
58602 32649
58702 47672
58802 10730
58902 18287
59002 9310
59102 13864
59202 23064
59302 28333
59402 64432
59502 15702
59602 53544
59702 24494
59802 28585
59902 59708
60002 29012
60102 27539
60202 45998
60302 39855
60402 31805
60502 10562
60602 3546
60702 39624
60802 61605
60902 56194
61002 48676
61102 9273
61202 10740
61302 2637
61402 26370
61502 36275
61602 21184
61702 46254
61802 51126
61902 57881
62002 9050
62102 57167
62202 39392
62302 57754
62402 54688
62502 61176
62602 2437
62702 6163
62802 59461
62902 37653
63002 49937
63102 15794
63202 47818
63302 45049
63402 58350
63502 29475
63602 45605
63702 38671
63802 24032
63902 35838
64002 49592
64102 57098
64202 15631
64302 44405
64402 38990
64502 5081
64602 42988
64702 39824
64802 6801
64902 65422
65002 44604
65102 7893
65202 9058
65302 58047
65402 39571
65502 36193
65602 32471
65702 2377
65802 1443
65902 9375
66002 17469
66102 35809
66202 27902
66302 11324
66402 37607
66502 63767
66602 18449
66702 54545
66802 27018
66902 19234
67002 48807
67102 40573
67202 60460
67302 31166
67402 3818
67502 37965
67602 9759
67702 26513
67802 19597
67902 22029
68002 39220
68102 50383
68202 14763
68302 22859
68402 13852
68502 18958
68602 23006
68702 63105
68802 26539
68902 15355
69002 14770
69102 15129
69202 9463
69302 53612
69402 12074
69502 13140
69602 45310
69702 26518
69802 44193
69902 35318
70002 44031
70102 65025
70202 62412
70302 3062
70402 22896
70502 46171
70602 38793
70702 10450
70802 30423
70902 51329
71002 63494
71102 61237
71202 43597
71302 54306
71402 3841
71502 58434
71602 32471
71702 41927
71802 18453
71902 49519
72002 47768
72102 62730
72202 17832
72302 64584
72402 21854
72502 6760
72602 172
72702 15869
72802 10825
72902 56186
73002 44200
73102 30902
73202 43883
73302 26773
73402 56267
73502 58398
73602 59095
73702 27718
73802 31515
73902 37972
74002 473
74102 23319
74202 5670
74302 40809
74402 31988
74502 4910
74602 4820
74702 19970
74802 42470
74902 54082
75002 19775
75102 13864
75202 10164
75302 31851
75402 36704
75502 23984
75602 64365
75702 30069
75802 10384
75902 60751
76002 27221
76102 21669
76202 33091
76302 54790
76402 23010
76502 17833
76602 13171
76702 65295
76802 19371
76902 44673
77002 60703
77102 13279
77202 54395
77302 55620
77402 7798
77502 14783
77602 12972
77702 38001
77802 22109
77902 6521
78002 34190
78102 39806
78202 32074
78302 53674
78402 3489
78502 61408
78602 59969
78702 39385
78802 14130
78902 28059
79002 6344
79102 21729
79202 53571
79302 18364
79402 5761
79502 60313
79602 42465
79702 15092
79802 10409
79902 23459
80002 59087
80102 26065
80202 39826
80302 39324
80402 9866
80502 19072
80602 5338
80702 6867
80802 38112
80902 24068
81002 12659
81102 62866
81202 54260
81302 54930
81402 40317
81502 26133
81602 58860
81702 63745
81802 7612
81902 2616
82002 8102
82102 6976
82202 61522
82302 20802
82402 10859
82502 56312
82602 16416
82702 57280
82802 6884
82902 23000
83002 26639
83102 62600
83202 12365
83302 47288
83402 51404
83502 33043
83602 46377
83702 51371
83802 52914
83902 19939
84002 15055
84102 55033
84202 16623
84302 10795
84402 23985
84502 60631
84602 977
84702 49595
84802 31738
84902 56706
85002 1962
85102 39751
85202 57547
85302 35581
85402 35403
85502 31880
85602 20862
85702 15987
85802 26620
85902 45728
86002 12472
86102 27661
86202 62359
86302 64586
86402 56913
86502 7346
86602 19316
86702 42188
86802 37384
86902 20021
87002 49517
87102 44329
87202 24909
87302 8318
87402 60810
87502 32095
87602 46650
87702 36858
87802 19406
87902 30549
88002 17616
88102 35162
88202 59843
88302 14409
88402 5070
88502 45142
88602 6565
88702 48020
88802 37707
88902 9569
89002 31543
89102 31728
89202 21564
89302 60120
89402 46456
89502 48173
89602 22327
89702 51527
89802 40881
89902 34999
90002 55293
90102 63109
