102 7174
202 12324
302 27358
402 19989
502 17224
602 53023
702 36991
802 65370
902 4902
1002 33563
1102 20561
1202 50141
1302 64230
1402 55487
1502 33288
1602 34335
1702 14961
1802 41058
1902 44821
2002 52142
2102 15810
2202 20979
2302 23204
2402 63777
2502 14134
2602 9773
2702 59185
2802 44681
2902 65264
3002 49871
3102 21954
3202 33382
3302 43051
3402 46985
3502 56578
3602 59087
3702 4625
3802 27032
3902 10760
4002 59300
4102 19418
4202 10429
4302 54037
4402 54379
4502 26158
4602 60982
4702 16479
4802 14690
4902 51637
5002 7339
5102 45306
5202 63384
5302 56865
5402 15636
5502 26000
5602 48082
5702 27639
5802 26432
5902 42433
6002 23418
6102 53030
6202 23788
6302 43259
6402 47548
6502 11304
6602 64419
6702 18426
6802 31758
6902 62874
7002 14928
7102 60879
7202 14724
7302 51129
7402 50017
7502 43893
7602 27699
7702 15443
7802 23476
7902 26725
8002 26122
8102 50365
8202 63985
8302 62978
8402 25365
8502 57881
8602 42380
8702 52488
8802 21431
8902 10272
9002 12871
9102 55615
9202 40960
9302 43735
9402 26525
9502 36936
9602 37858
9702 8184
9802 47932
9902 9953
10002 43760
10102 29923
10202 7724
10302 28868
10402 64627
10502 58256
10602 32445
10702 61474
10802 51979
10902 6413
11002 20756
11102 6941
11202 28478
11302 2946
11402 38234
11502 60269
11602 44000
11702 58298
11802 40632
11902 16004
12002 7274
12102 60077
12202 54119
12302 21336
12402 2705
12502 34962
12602 64248
12702 63025
12802 57355
12902 47483
13002 52518
13102 28589
13202 17863
13302 16060
13402 11920
13502 15322
13602 41601
13702 7162
13802 37125
13902 53842
14002 49089
14102 63692
14202 25523
14302 53407
14402 22260
14502 31600
14602 16280
14702 18527
14802 56658
14902 19617
15002 28532
15102 43651
15202 39833
15302 35366
15402 60821
15502 52856
15602 31621
15702 4793
15802 11338
15902 24941
16002 41144
16102 2166
16202 59546
16302 57226
16402 43246
16502 58304
16602 61953
16702 60
16802 41
16902 27723
17002 54699
17102 32329
17202 18408
17302 46340
17402 5208
17502 3104
17602 48442
17702 45067
17802 35900
17902 31146
18002 35514
18102 22313
18202 61503
18302 43143
18402 15244
18502 44728
18602 46667
18702 59527
18802 46926
18902 39703
19002 29495
19102 28203
19202 1875
19302 59976
19402 1462
19502 61620
19602 50387
19702 46522
19802 6944
19902 49696
20002 867
20102 27080
20202 59664
20302 19869
20402 7136
20502 45812
20602 37085
20702 41989
20802 8832
20902 26834
21002 28898
21102 47282
21202 55815
21302 50930
21402 45344
21502 21231
21602 56037
21702 61853
21802 59615
21902 45004
22002 63823
22102 1875
22202 65205
22302 22179
22402 56896
22502 30450
22602 28067
22702 56912
22802 22295
22902 24632
23002 814
23102 33920
23202 55459
23302 45991
23402 22852
23502 11501
23602 30658
23702 43778
23802 5217
23902 57490
24002 57596
24102 47134
24202 29484
24302 40305
24402 43236
24502 52892
24602 56507
24702 33823
24802 20123
24902 48504
25002 18435
25102 5682
25202 45084
25302 40740
25402 61936
25502 10037
25602 36832
25702 7326
25802 16349
25902 25489
26002 39788
26102 22640
26202 47973
26302 26344
26402 11251
26502 19597
26602 65218
26702 35917
26802 42713
26902 5058
27002 1304
27102 6842
27202 45788
27302 28581
27402 33949
27502 33827
27602 48717
27702 59602
27802 45596
27902 35226
28002 9749
28102 8933
28202 37055
28302 25283
28402 26966
28502 5317
28602 37837
28702 54765
28802 43876
28902 45361
29002 7374
29102 62975
29202 28854
29302 11074
29402 23756
29502 4088
29602 41131
29702 36732
29802 10349
29902 64962
30002 15251
30102 52479
30202 54011
30302 19037
30402 51871
30502 61948
30602 14663
30702 25433
30802 6095
30902 7313
31002 53847
31102 57638
31202 41745
31302 52704
31402 23348
31502 60371
31602 42970
31702 49017
31802 17095
31902 53780
32002 63314
32102 25891
32202 32220
32302 32004
32402 38610
32502 29050
32602 11609
32702 12103
32802 14535
32902 2568
33002 22753
33102 2106
33202 10320
33302 4587
33402 10868
33502 34589
33602 41697
33702 60501
33802 39679
33902 30149
34002 51383
34102 11834
34202 60693
34302 40167
34402 18018
34502 48097
34602 31159
34702 53059
34802 44730
34902 10237
35002 60062
35102 34258
35202 29396
35302 5297
35402 8923
35502 32184
