102 6843
202 25367
302 45647
402 21075
502 39037
602 63466
702 64937
802 47123
902 53285
1002 19858
1102 4382
1202 21129
1302 63671
1402 30784
1502 31677
1602 24985
1702 44522
1802 39917
1902 40179
2002 17070
2102 16708
2202 64193
2302 39748
2402 31521
2502 39637
2602 52149
2702 11652
2802 54535
2902 24282
3002 15398
3102 32187
3202 12427
3302 46110
3402 30703
3502 35323
3602 32800
3702 1150
3802 51519
3902 29986
4002 832
4102 37077
4202 25683
4302 25552
4402 2033
4502 58129
4602 4565
4702 39656
4802 59963
4902 51739
5002 1869
5102 23792
5202 49377
5302 62053
5402 21489
5502 2410
5602 14227
5702 38650
5802 37795
5902 16974
6002 59539
6102 51043
6202 59048
6302 11319
6402 55846
6502 30569
6602 37325
6702 62911
6802 26608
6902 43567
7002 64158
7102 13103
7202 31131
7302 42189
7402 2958
7502 38016
7602 56095
7702 24755
7802 62655
7902 44038
8002 59301
8102 41795
8202 55880
8302 55780
8402 2341
8502 8249
8602 56249
8702 34830
8802 28283
8902 42229
9002 44976
9102 49596
9202 2106
9302 19644
9402 40805
9502 35187
9602 23500
9702 61254
9802 29542
9902 17601
10002 40839
10102 60888
10202 62843
10302 12761
10402 17059
10502 927
10602 55385
10702 62624
10802 36127
10902 38491
11002 40128
11102 2540
11202 43615
11302 23348
11402 45008
11502 32094
11602 37823
11702 34992
11802 50994
11902 39109
12002 28714
12102 56732
12202 17533
12302 38175
12402 20769
12502 35004
12602 11910
12702 40870
12802 27813
12902 30563
13002 63315
13102 19493
13202 18735
13302 21946
13402 59010
13502 54990
13602 19807
13702 2626
13802 50950
13902 60067
14002 52093
14102 28169
14202 50233
14302 14928
14402 14627
14502 22044
14602 53159
14702 6166
14802 40568
14902 16876
15002 45600
15102 31375
15202 11656
15302 45235
15402 64568
15502 18555
15602 63095
15702 38852
15802 7530
15902 53870
16002 27546
16102 57548
16202 56722
16302 14086
16402 19102
16502 51233
16602 15477
16702 42464
16802 58388
16902 19308
17002 28688
17102 35075
17202 48141
17302 61121
17402 8934
17502 34456
17602 42572
17702 18900
17802 44120
17902 24735
18002 49143
18102 61259
18202 36799
18302 34097
18402 62229
18502 292
18602 1002
18702 36131
18802 65360
18902 64099
19002 62126
19102 47315
19202 16392
19302 52154
19402 5771
19502 61993
19602 13889
19702 44007
19802 31265
19902 2247
20002 56436
20102 44321
20202 51499
20302 22865
20402 39462
20502 6480
20602 2217
20702 48861
20802 53096
20902 27629
21002 53597
21102 57343
21202 10663
21302 35313
21402 42720
21502 58392
21602 10490
21702 7342
21802 13289
21902 47835
22002 37566
22102 34128
22202 12236
22302 16932
22402 48627
22502 65055
22602 50984
22702 35375
22802 22426
22902 19604
23002 60678
23102 61962
23202 36871
23302 31181
23402 26493
23502 40832
23602 24052
23702 2063
23802 26957
23902 24515
24002 28045
24102 52383
24202 46116
24302 24335
24402 2580
24502 21954
24602 55087
24702 53552
24802 44817
24902 12404
25002 49398
25102 30270
25202 1332
25302 22763
25402 28766
25502 11010
25602 12185
25702 28526
25802 5502
25902 1628
26002 2495
26102 49491
26202 29153
26302 49786
26402 42671
26502 42283
26602 11335
26702 49421
26802 28212
26902 57953
27002 46052
27102 15135
27202 58489
27302 9406
27402 30978
27502 6113
27602 8920
27702 65354
27802 32143
27902 63042
28002 62960
28102 39626
28202 46711
28302 17049
28402 56699
28502 10179
28602 50321
28702 45594
28802 41373
28902 42510
29002 22880
29102 19013
29202 12035
29302 6711
29402 65275
29502 59672
29602 8728
29702 42136
29802 552
29902 15654
30002 60266
30102 53960
30202 3440
30302 8052
30402 54504
30502 64525
30602 13075
30702 51833
30802 5952
30902 2875
31002 37901
31102 62052
31202 7703
31302 20327
31402 12635
31502 59103
31602 26413
31702 20347
31802 42964
31902 31079
32002 19001
32102 46145
32202 53905
32302 40561
32402 57174
32502 34661
32602 65189
32702 55692
32802 39634
32902 10520
33002 28586
33102 52698
33202 52312
33302 7587
33402 51359
33502 43744
33602 27096
33702 56184
33802 15663
33902 21906
34002 42218
34102 55958
34202 3692
34302 663
34402 16750
34502 21163
34602 28359
34702 43112
34802 46920
34902 49798
35002 59390
35102 54482
35202 9642
35302 12960
35402 12967
35502 3378
35602 60737
35702 15693
35802 9964
35902 59634
36002 6011
36102 5222
36202 36836
36302 37378
36402 12442
36502 5043
36602 48940
36702 51619
36802 30
36902 50846
37002 9668
37102 12790
37202 27790
37302 34422
37402 35089
37502 61815
37602 59049
37702 20800
37802 1711
37902 61527
38002 26932
38102 3058
38202 53087
38302 10877
38402 44008
38502 34722
38602 14748
38702 38019
38802 16300
38902 19861
39002 34921
39102 59955
39202 53674
39302 54941
39402 65347
39502 35213
39602 1277
39702 51760
39802 45877
39902 62654
40002 38865
40102 37278
40202 36109
40302 48083
40402 12136
40502 53042
40602 8728
40702 20832
40802 34220
40902 29530
41002 34655
41102 18759
41202 20875
41302 26269
41402 1755
41502 36331
41602 40217
41702 47736
41802 33810
41902 21704
42002 8626
42102 12383
42202 30259
42302 16529
42402 15437
42502 17228
42602 38314
42702 43060
42802 9057
42902 45952
43002 64349
43102 61289
43202 34090
43302 9536
43402 38213
43502 44784
43602 26026
43702 26074
43802 23482
43902 56308
44002 32600
44102 39181
44202 14300
44302 10124
44402 16317
44502 59621
44602 29914
44702 10704
44802 51348
44902 62186
45002 4000
45102 49386
45202 8757
45302 40871
45402 45363
45502 48991
45602 3656
45702 32214
45802 22718
45902 65474
46002 26210
46102 46540
46202 31814
46302 22618
46402 33780
46502 62364
46602 58916
46702 59437
46802 16782
46902 38708
47002 28834
47102 59397
47202 39132
47302 44090
47402 60257
47502 54907
47602 54919
47702 63067
47802 31301
47902 46370
48002 32100
48102 61253
48202 37478
48302 31539
48402 17298
48502 6526
48602 8601
48702 7799
48802 30574
48902 39634
49002 17286
49102 86
49202 59026
49302 47071
49402 39402
49502 48840
49602 6624
49702 52604
49802 60144
49902 32858
50002 22811
50102 1395
50202 14445
50302 3386
50402 10523
50502 13156
50602 53008
50702 4224
50802 24666
50902 41531
51002 1786
51102 7086
51202 3204
51302 10001
51402 53887
51502 60800
51602 21205
51702 41703
51802 33699
51902 4866
52002 50996
52102 8619
52202 9064
52302 977
52402 41537
52502 17119
52602 7301
52702 42762
52802 41722
52902 11252
53002 57496
53102 38085
53202 38287
53302 14868
53402 35761
53502 16983
53602 58534
53702 7293
53802 45641
53902 25066
54002 44759
54102 56084
54202 54606
54302 17821
54402 62196
54502 43312
54602 15504
54702 32624
54802 49249
54902 13410
55002 2384
55102 14189
55202 44881
55302 38394
55402 11928
55502 49376
55602 50411
55702 58870
55802 59385
55902 50724
56002 11510
56102 11577
56202 5572
56302 16469
56402 53906
56502 54515
56602 7413
56702 59437
56802 3027
56902 4022
57002 46432
57102 10992
57202 54782
57302 23109
57402 16385
57502 55438
57602 43290
57702 7892
57802 29614
57902 58250
58002 990
58102 52017
58202 33099
58302 33776
58402 58293
58502 34093
58602 21517
58702 9400
58802 12315
58902 11140
59002 10139
59102 52939
59202 37771
59302 55005
59402 15950
59502 47678
59602 56846
59702 49009
59802 19455
59902 53029
60002 8200
60102 15589
60202 57677
60302 19792
60402 33704
60502 60057
60602 9413
60702 40611
60802 18509
60902 7652
61002 54681
61102 31585
61202 41355
61302 52641
61402 59990
61502 34597
61602 6228
61702 44214
61802 13453
61902 56606
62002 55070
62102 16241
62202 18597
62302 54271
62402 61570
62502 18411
62602 58810
62702 16508
62802 20604
62902 22229
63002 22891
63102 114
63202 2605
63302 7408
63402 31010
63502 8200
63602 30686
63702 62596
63802 42630
63902 26210
64002 42964
64102 59213
64202 10456
64302 32983
64402 38871
64502 12935
64602 52674
64702 34553
64802 52549
64902 1510
65002 61570
65102 29373
65202 27015
65302 31992
65402 51102
65502 1693
65602 20578
65702 15794
65802 19500
65902 14735
66002 64892
66102 12135
66202 45598
66302 13210
66402 17714
66502 61778
66602 58336
66702 64365
66802 58115
66902 1638
67002 40580
67102 39476
67202 5437
67302 58591
67402 31322
67502 40524
67602 11874
67702 36731
67802 27821
67902 48282
68002 2043
68102 2373
68202 46847
68302 19449
68402 47088
68502 21348
68602 5178
68702 9508
68802 43115
68902 19014
69002 26906
69102 33580
69202 65337
69302 33498
69402 42677
69502 51239
69602 7922
69702 24620
69802 54567
69902 26825
70002 19999
70102 59413
70202 1965
70302 48106
70402 35845
70502 54241
70602 9392
70702 46006
70802 17864
70902 48581
71002 49035
71102 724
71202 39339
71302 8045
71402 46502
71502 9017
71602 1553
71702 18528
71802 10399
71902 49457
72002 65334
72102 15522
72202 47068
72302 98
72402 2793
72502 13961
72602 30906
72702 39663
72802 10575
72902 42197
73002 7858
73102 49072
73202 41721
73302 16778
73402 36557
73502 35610
73602 52226
73702 57345
73802 2980
73902 7002
74002 31288
74102 4296
74202 49204
74302 17452
74402 38826
74502 53464
74602 44371
74702 26838
74802 17167
74902 5083
75002 12251
75102 38714
75202 14402
75302 63482
75402 6161
75502 15681
75602 56563
75702 50073
75802 24037
75902 2677
76002 35458
76102 61319
76202 30288
76302 47273
76402 37547
76502 33999
76602 33496
76702 45704
76802 35256
76902 33821
77002 51278
77102 30897
77202 24604
77302 5937
77402 63216
77502 50067
77602 793
77702 39162
77802 44415
77902 58837
78002 59489
78102 22521
78202 55562
78302 23234
78402 53611
78502 45387
78602 35976
78702 21270
78802 25265
78902 46854
79002 32771
79102 62751
79202 34872
79302 12182
79402 16275
79502 28782
79602 40753
79702 40918
79802 34630
79902 13807
80002 40481
80102 34696
80202 54095
80302 47903
80402 2834
80502 42600
80602 41124
80702 1812
80802 38131
80902 7123
81002 7093
81102 63980
81202 44640
81302 49962
81402 4317
81502 43265
81602 43406
81702 24962
81802 22024
81902 28161
82002 18432
82102 9711
82202 5725
82302 20063
82402 31170
82502 25589
82602 30820
82702 20678
82802 51140
82902 61474
83002 15504
83102 19816
83202 14682
83302 43845
83402 28587
83502 29819
83602 33177
83702 10488
83802 5953
83902 59205
84002 59149
84102 11991
84202 62699
84302 46151
84402 33654
84502 33900
84602 48232
84702 35636
84802 25114
84902 49186
85002 23149
85102 51385
85202 59415
85302 58000
85402 3612
85502 6912
85602 61447
85702 51753
85802 9108
85902 3898
86002 1609
86102 64904
86202 10027
86302 58378
86402 30061
86502 56167
86602 9880
86702 49122
86802 63032
86902 29735
87002 1777
87102 60752
87202 5329
87302 34417
87402 26209
87502 31791
87602 62869
87702 38782
87802 55673
87902 31892
88002 42846
88102 12536
88202 22597
88302 457
88402 24941
88502 61512
88602 12101
88702 11076
88802 19062
88902 34439
89002 41475
89102 22979
89202 31056
89302 20669
89402 4314
89502 45910
89602 63586
89702 56547
89802 48331
89902 2797
90002 45728
90102 47400
90202 21940
