102 47686
202 9732
302 30895
402 64449
502 48630
602 25813
702 27072
802 50286
902 34808
1002 63872
1102 15574
1202 46784
1302 3969
1402 55814
1502 60128
1602 4280
1702 6352
1802 59032
1902 33168
2002 52283
2102 24045
2202 61085
2302 6443
2402 20504
2502 43894
2602 27575
2702 45302
2802 15529
2902 16840
3002 7969
3102 2712
3202 40680
3302 38644
3402 35706
3502 5330
3602 25796
3702 8432
3802 26667
3902 44940
4002 49172
4102 44892
4202 38774
4302 42544
4402 26813
4502 11758
4602 59036
4702 65231
4802 25716
4902 17999
5002 2323
5102 19781
5202 56076
5302 2525
5402 61498
5502 51208
5602 2355
5702 11430
5802 33991
5902 48880
6002 63470
6102 57483
6202 17752
6302 27430
6402 994
6502 9733
6602 61858
6702 35987
6802 55921
6902 63789
7002 33448
7102 7811
7202 63066
7302 23098
7402 39910
7502 14283
7602 11773
7702 20830
7802 37264
7902 52274
8002 55797
8102 37259
8202 8783
8302 61192
8402 30943
8502 10528
8602 19040
8702 11981
8802 40629
8902 36364
9002 24407
9102 4774
9202 52222
9302 2049
9402 12721
9502 64973
9602 59631
9702 47908
9802 27562
9902 58122
10002 34591
10102 26075
10202 39296
10302 38318
10402 22708
10502 1032
10602 61342
10702 28132
10802 11974
10902 24732
11002 23599
11102 8579
11202 53883
11302 30204
11402 45418
11502 1187
11602 5982
11702 16666
11802 4035
11902 50835
12002 41363
12102 28058
12202 29604
12302 35474
12402 41913
12502 35841
12602 11447
12702 33453
12802 10508
12902 49444
13002 32852
13102 4554
13202 30316
13302 30100
13402 23201
13502 22496
13602 4347
13702 9532
13802 20259
13902 22962
14002 12826
14102 25278
14202 61077
14302 41339
14402 9310
14502 52230
14602 44946
14702 33614
14802 41034
14902 23158
15002 22334
15102 34288
15202 55553
15302 54829
15402 20849
15502 26058
15602 61778
15702 4687
15802 41398
15902 12483
16002 63348
16102 12385
16202 622
16302 27317
16402 11397
16502 64586
16602 21326
16702 31945
16802 2152
16902 595
17002 1438
17102 14368
17202 6151
17302 25100
17402 40157
17502 44818
17602 15420
17702 56617
17802 55622
17902 40961
18002 32009
18102 34943
18202 44694
18302 25087
18402 23082
18502 14969
18602 64605
18702 35611
18802 9760
18902 6359
19002 34071
19102 22505
19202 7604
19302 38367
19402 46513
19502 43748
19602 17668
19702 63980
19802 12585
19902 29904
20002 49393
20102 47275
20202 35436
20302 29995
20402 45848
20502 85
20602 36364
20702 6731
20802 40008
20902 55540
21002 31884
21102 44025
21202 41009
21302 14234
21402 44546
21502 639
21602 11936
21702 32478
21802 20091
21902 9007
22002 43589
22102 34721
22202 27259
22302 13479
22402 34766
22502 37004
22602 55836
22702 61415
22802 45013
22902 6631
23002 37650
23102 7603
23202 25408
23302 30316
23402 18029
23502 301
23602 41052
23702 17611
23802 27477
23902 31229
24002 40924
24102 62064
24202 44643
24302 15562
24402 55628
24502 568
24602 24726
24702 20668
24802 13494
24902 31908
25002 15378
25102 25061
25202 45439
25302 46495
25402 63239
25502 44151
25602 69
25702 10586
25802 36
25902 64127
26002 64704
26102 13427
26202 36592
26302 54001
26402 23493
26502 29998
26602 34889
26702 44569
26802 60916
26902 1131
27002 31746
27102 59110
27202 28209
27302 26888
27402 33382
27502 43276
27602 52126
27702 14256
27802 63204
27902 31239
28002 15773
28102 59928
28202 59587
28302 43197
28402 164
28502 33889
28602 33879
28702 53343
28802 14484
28902 32910
29002 50379
29102 33923
29202 48710
29302 21119
29402 45990
29502 16840
29602 55494
29702 18294
29802 30734
29902 18187
30002 65002
30102 24396
30202 29281
30302 63668
30402 43459
30502 13284
30602 26493
30702 17207
30802 5554
30902 53549
31002 28306
31102 48832
31202 23417
31302 19471
31402 32833
31502 50851
31602 47011
31702 47270
31802 20559
31902 49295
32002 58564
32102 52839
32202 41098
32302 43344
32402 10384
32502 53357
32602 34462
32702 63707
32802 55643
32902 48936
33002 5006
33102 55669
33202 12877
33302 49891
33402 11265
33502 2620
33602 5753
33702 32332
33802 50485
33902 27985
34002 55509
34102 60436
34202 24287
34302 44881
34402 20870
34502 27129
34602 35830
34702 28472
34802 13936
34902 58710
35002 32431
35102 22455
35202 57007
35302 43312
35402 33941
35502 11885
35602 27401
35702 35448
35802 32872
35902 34289
36002 26888
36102 12757
36202 6962
36302 29986
36402 55817
36502 10799
36602 8946
36702 28297
36802 27293
36902 56045
37002 57965
37102 56534
37202 21370
37302 52373
37402 14644
37502 21434
37602 58306
37702 40879
37802 63184
37902 24824
38002 6191
38102 5156
38202 18184
38302 61056
38402 8638
38502 10076
38602 55209
38702 58072
38802 4144
38902 10013
39002 3977
39102 56848
39202 23149
39302 10330
39402 45580
39502 2584
39602 12249
39702 17099
39802 48758
39902 34664
40002 5146
40102 57610
40202 24921
40302 15114
40402 8334
40502 24443
40602 53282
40702 24232
40802 32851
40902 45736
41002 8437
41102 11906
41202 29463
41302 47985
41402 55941
41502 64381
41602 18956
41702 45740
41802 55622
41902 19432
42002 49100
42102 38843
42202 22262
42302 55745
42402 23012
42502 42919
42602 11885
42702 6830
42802 56620
42902 59107
43002 16519
43102 4104
43202 1693
43302 44101
43402 56029
43502 36224
43602 15067
43702 23037
43802 3764
43902 62692
44002 21285
44102 29714
44202 16608
44302 23135
44402 26084
44502 57338
44602 37425
44702 51764
44802 51528
44902 19295
45002 17111
45102 14173
45202 44886
45302 15873
45402 10300
45502 50615
45602 23821
45702 37807
45802 40982
45902 54151
46002 2732
46102 53134
46202 10721
46302 27337
46402 3907
46502 41930
46602 46063
46702 51072
46802 26417
46902 48839
47002 4016
47102 43136
47202 46317
47302 42979
47402 33116
47502 47979
47602 6762
47702 16302
47802 1953
47902 47218
48002 21788
48102 58599
48202 49639
48302 10932
48402 16091
48502 13344
48602 65065
48702 50144
48802 47326
48902 3365
49002 35786
49102 664
49202 57406
49302 28546
49402 40592
49502 21551
49602 44512
49702 60778
49802 15343
49902 20620
50002 40778
50102 19220
50202 11274
50302 35160
50402 58709
50502 58944
50602 19586
50702 59793
50802 38626
50902 50128
51002 45033
51102 6623
51202 8262
51302 23808
51402 36288
51502 42275
51602 37848
51702 63325
51802 57260
51902 40217
52002 3579
52102 59639
52202 49811
52302 11727
52402 4287
52502 61557
52602 63672
52702 5405
52802 6610
52902 16578
53002 3202
53102 40869
53202 32659
53302 1664
53402 37290
53502 3938
53602 4863
53702 59198
53802 18926
53902 61356
54002 7719
54102 18094
54202 25418
54302 22554
54402 30380
54502 32462
54602 43864
54702 24199
54802 63827
54902 17739
55002 9963
55102 7034
55202 39982
55302 8473
55402 2212
55502 51750
55602 60540
55702 6365
55802 30852
55902 43278
56002 6742
56102 58239
56202 23879
56302 16405
56402 46502
56502 62757
56602 17797
56702 55594
56802 39068
56902 27279
57002 29506
57102 27022
57202 44570
57302 35463
57402 64307
57502 63408
57602 55151
57702 7966
57802 8472
57902 29866
58002 24264
58102 24255
58202 2619
58302 34580
58402 61814
58502 33410
58602 42195
58702 36268
58802 23866
58902 13865
59002 36984
59102 23152
59202 13085
59302 60180
59402 55753
59502 52702
59602 23711
59702 51090
59802 44166
59902 54061
60002 47008
60102 22293
60202 21573
60302 31837
60402 59768
60502 31468
60602 50188
60702 46618
60802 32248
60902 36052
61002 19231
61102 61399
61202 8748
61302 47917
61402 11490
61502 51260
61602 31453
61702 56697
61802 57455
61902 6231
62002 24662
62102 11131
62202 56787
62302 799
62402 58469
62502 53721
62602 57646
62702 33900
62802 48685
62902 41283
63002 23574
63102 32572
63202 18834
63302 17779
63402 23045
63502 5118
63602 64997
63702 39662
63802 27664
63902 39946
64002 28189
64102 38965
64202 29676
64302 671
64402 34942
64502 53107
64602 26043
64702 10899
64802 50938
64902 49298
65002 36754
65102 60633
65202 32578
65302 406
65402 26248
65502 62409
65602 60828
65702 54628
65802 25088
65902 23896
66002 21021
66102 23213
66202 24620
66302 28236
66402 3092
66502 58125
66602 56118
66702 42967
66802 54198
66902 22052
67002 39965
67102 54171
67202 8706
67302 15439
67402 3100
67502 63026
67602 24719
67702 40808
67802 54926
67902 54076
68002 40428
68102 2870
68202 49475
68302 33554
68402 38138
68502 8526
68602 15768
68702 38127
68802 27
68902 54735
69002 50110
69102 28049
69202 33922
69302 34920
69402 52188
69502 10171
69602 3682
69702 42771
69802 25728
69902 5241
70002 59857
70102 3489
70202 7848
70302 8271
70402 6711
70502 44058
70602 24642
70702 33577
70802 3579
70902 3583
71002 416
71102 43009
71202 44172
71302 49065
71402 46208
71502 16320
71602 52529
71702 9907
71802 52081
71902 21511
72002 2710
72102 55079
72202 15800
72302 61565
72402 19405
72502 20617
72602 1811
72702 47279
72802 53742
72902 8079
73002 43588
73102 15999
73202 41124
73302 29179
73402 20183
73502 9436
73602 35159
73702 15772
73802 26258
73902 54001
74002 39306
74102 42547
74202 51720
74302 947
74402 43449
74502 46406
74602 56533
74702 9314
74802 31949
74902 36912
75002 18341
75102 40606
75202 29475
75302 4249
75402 29794
75502 58116
75602 17958
75702 58159
75802 47229
75902 50347
76002 59780
76102 18225
76202 51710
76302 42511
76402 7533
76502 64437
76602 62584
76702 49506
76802 62735
76902 58868
77002 61586
77102 7666
77202 33039
77302 53077
77402 7775
77502 53788
77602 65038
77702 53375
77802 22321
77902 48722
78002 25995
78102 8716
78202 49790
78302 39717
78402 25756
78502 13563
78602 28794
78702 5571
78802 60888
78902 27024
79002 62988
79102 9853
79202 44300
79302 26613
79402 41276
79502 11525
79602 5630
79702 7955
79802 10856
79902 12940
80002 9155
80102 18
80202 53695
80302 52850
80402 4053
80502 14287
80602 55521
80702 16597
80802 64664
80902 50997
81002 19910
81102 33205
81202 58763
81302 6677
81402 1745
81502 19166
81602 41807
81702 53779
81802 31351
81902 41612
82002 62690
82102 59917
82202 54933
82302 45131
82402 61098
82502 10533
82602 29790
82702 32057
82802 65000
82902 31496
83002 46376
83102 6634
83202 60760
83302 20639
83402 21337
83502 31858
83602 53452
83702 42748
83802 45905
83902 33586
84002 6466
84102 59665
84202 11462
84302 38900
84402 371
84502 44891
84602 39561
84702 57647
84802 47964
84902 8502
85002 36775
85102 39146
85202 321
85302 41213
85402 1960
85502 14253
85602 33444
85702 6030
85802 62057
85902 64690
86002 28788
86102 53982
86202 52120
86302 11814
86402 38768
86502 14540
86602 60050
86702 51107
86802 51006
86902 51316
87002 60241
87102 22967
87202 37977
87302 64251
87402 3219
87502 37737
87602 14285
87702 35081
87802 56115
87902 61525
88002 34821
88102 6584
88202 29146
88302 63277
88402 1772
88502 49205
88602 16003
88702 5941
88802 3241
88902 57852
89002 64524
89102 58557
89202 5909
89302 19732
89402 34024
89502 38066
89602 61432
89702 45781
89802 16509
89902 8435
90002 17101
90102 38882
90202 33554
90302 22257
