102 8300
202 37699
302 44626
402 56108
502 32414
602 59234
702 8899
802 42052
902 51628
1002 57982
1102 16145
1202 26709
1302 39276
1402 18729
1502 51413
1602 51036
1702 58063
1802 39462
1902 46403
2002 25001
2102 55967
2202 20351
2302 5650
2402 4042
2502 9452
2602 63891
2702 45615
2802 25567
2902 35198
3002 41560
3102 37087
3202 45959
3302 44052
3402 13593
3502 15537
3602 33710
3702 33279
3802 6008
3902 24684
4002 29867
4102 21292
4202 22853
4302 64967
4402 32705
4502 22497
4602 19961
4702 28763
4802 40246
4902 26220
5002 36882
5102 59659
5202 49029
5302 32988
5402 19010
5502 21200
5602 6424
5702 37048
5802 43659
5902 33223
6002 18969
6102 14923
6202 8077
6302 27971
6402 32566
6502 293
6602 37799
6702 58682
6802 30954
6902 44682
7002 20429
7102 49874
7202 18489
7302 36443
7402 17890
7502 1896
7602 16831
7702 24293
7802 29987
7902 28117
8002 34713
8102 59795
8202 23528
8302 29789
8402 51160
8502 4033
8602 36696
8702 14568
8802 39572
8902 25560
9002 56440
9102 20075
9202 64252
9302 16067
9402 27029
9502 58613
9602 54045
9702 18978
9802 4923
9902 60995
10002 36495
10102 45974
10202 7976
10302 64038
10402 30746
10502 52080
10602 57694
10702 44728
10802 60295
10902 14294
11002 43241
11102 21821
11202 34848
11302 50636
11402 23689
11502 1023
11602 55746
11702 35517
11802 27320
11902 53025
12002 57599
12102 11885
12202 12206
12302 35475
12402 3453
12502 34607
12602 10760
12702 57285
12802 54338
12902 26323
13002 13370
13102 17496
13202 64744
13302 20061
13402 6472
13502 19195
13602 8711
13702 47207
13802 7169
13902 3626
14002 20816
14102 43084
14202 696
14302 23170
14402 21514
14502 18533
14602 14650
14702 5897
14802 2894
14902 65078
15002 41625
15102 11999
15202 25547
15302 63431
15402 63466
15502 34958
15602 6696
15702 24076
15802 19545
15902 44260
16002 54525
16102 7861
16202 9386
16302 22632
16402 55819
16502 57919
16602 17685
16702 63381
16802 2581
16902 33597
17002 33722
17102 796
17202 23090
17302 7486
17402 21446
17502 46354
17602 64320
17702 27450
17802 18205
17902 26093
18002 49481
18102 34652
18202 11098
18302 39680
18402 15617
18502 28871
18602 32789
18702 50805
18802 10941
18902 38012
19002 42394
19102 63472
19202 26329
19302 13018
19402 27096
19502 44692
19602 35041
19702 37020
19802 16407
19902 7571
20002 57765
20102 24621
20202 57149
20302 29636
20402 4713
20502 46937
20602 39240
20702 49492
20802 33131
20902 13014
21002 23358
21102 32168
21202 62610
21302 15254
21402 4233
21502 3016
21602 9184
21702 19509
21802 34274
21902 59415
22002 43455
22102 57303
22202 16112
22302 2876
22402 19480
22502 54436
22602 56827
22702 59055
22802 55161
22902 21011
23002 57419
23102 4000
23202 20364
23302 38160
23402 49490
23502 2941
23602 57314
23702 32206
23802 2198
23902 25616
24002 62219
24102 53064
24202 10210
24302 24791
24402 43831
24502 13659
24602 3967
24702 25712
24802 42358
24902 22094
25002 36888
25102 1114
25202 4803
25302 39839
25402 10805
25502 47385
25602 19724
25702 17524
25802 18145
25902 28091
26002 49780
26102 57806
26202 49621
26302 8686
26402 33489
26502 15279
26602 43562
26702 36541
26802 63504
26902 28011
27002 29194
27102 47444
27202 9595
27302 6105
27402 52283
27502 62932
27602 45050
27702 11437
27802 46337
27902 44394
28002 4988
28102 14927
28202 13761
28302 17062
28402 41515
28502 56868
28602 1270
28702 48189
28802 6717
28902 53252
29002 24534
29102 63749
29202 8569
29302 52869
29402 27130
29502 50234
29602 24085
29702 23497
29802 25041
29902 40148
30002 65049
30102 60964
30202 61133
30302 34922
30402 23052
30502 51738
30602 33889
30702 41483
30802 46778
30902 61643
31002 62151
31102 45609
31202 9656
31302 49524
31402 43885
31502 27610
31602 7089
31702 23209
31802 31270
31902 25374
32002 5108
32102 53520
32202 60481
32302 30346
32402 27494
32502 39984
32602 55035
32702 21708
32802 32300
32902 1092
33002 4030
33102 34462
33202 30955
33302 3264
33402 55780
33502 19762
33602 48640
33702 59227
33802 21359
33902 32159
34002 40612
34102 40441
34202 54010
34302 17976
34402 26530
34502 16426
34602 55783
34702 35990
34802 42636
34902 54542
35002 3522
35102 1388
35202 11564
35302 59862
35402 31384
35502 61127
35602 48242
35702 13022
35802 53738
35902 51069
36002 64977
36102 37180
36202 269
36302 1581
36402 64496
36502 42955
36602 21611
36702 19456
36802 569
36902 5892
37002 53867
37102 38302
37202 43235
37302 59435
37402 1827
37502 11574
37602 26904
37702 12855
37802 3737
37902 1769
38002 16730
38102 7512
38202 44746
38302 60601
38402 33476
38502 47455
38602 39882
38702 11980
38802 13936
38902 37712
39002 50482
39102 9834
39202 11095
39302 13866
39402 44824
39502 29377
39602 48491
39702 64873
39802 586
39902 36705
40002 10472
40102 30383
40202 2952
40302 20140
40402 20980
40502 1307
40602 48494
40702 58340
40802 62104
40902 17070
41002 51163
41102 57597
41202 1981
41302 37664
41402 41730
41502 9283
41602 19886
41702 5361
41802 54341
41902 35023
42002 50011
42102 18179
42202 50300
42302 41774
42402 40067
42502 894
42602 41039
42702 21645
42802 7949
42902 34200
43002 26039
43102 39999
43202 42099
43302 59464
43402 11016
43502 55148
43602 4559
43702 46494
43802 19179
43902 23504
44002 48793
44102 26812
44202 10437
44302 20127
44402 32880
44502 27048
44602 1264
44702 34609
44802 8734
44902 5738
45002 42890
45102 27175
45202 17920
45302 12006
45402 23051
45502 6623
45602 5336
45702 21891
45802 25679
45902 46624
46002 52291
46102 20332
46202 29990
46302 25597
46402 16846
46502 49334
46602 15125
46702 50821
46802 31516
46902 2895
47002 31311
47102 16449
47202 5385
47302 17449
47402 22662
47502 62473
47602 41387
47702 5788
47802 56200
47902 64649
48002 11956
48102 24047
48202 4683
48302 26725
48402 40577
48502 41635
48602 21340
48702 8386
48802 42564
48902 57436
49002 37511
49102 24955
49202 32177
49302 12489
49402 23381
49502 22025
49602 2266
49702 3348
49802 29492
49902 50514
50002 55469
50102 54249
50202 7009
50302 24669
50402 41682
50502 59256
50602 21114
50702 7204
50802 56021
50902 40728
51002 46591
51102 33012
51202 46552
51302 46163
51402 46992
51502 29640
51602 59194
51702 50493
51802 52553
51902 53453
52002 30517
52102 3846
52202 43429
52302 60595
52402 56169
52502 16835
52602 24916
52702 1229
52802 48875
52902 14786
53002 16852
53102 27786
53202 19678
53302 2926
53402 49051
53502 21354
53602 9108
53702 51844
53802 42094
53902 23490
54002 53995
54102 9635
54202 51422
54302 8679
54402 26334
54502 63071
54602 18814
54702 35
54802 41879
54902 29244
55002 43220
55102 45758
55202 31344
55302 4577
55402 29449
55502 41969
55602 43260
55702 29099
55802 32993
55902 42998
56002 31475
56102 175
56202 629
56302 63286
56402 37888
56502 46139
56602 20426
56702 25894
56802 50445
56902 31634
57002 31404
57102 7366
57202 26925
57302 21695
57402 25841
57502 28743
57602 14622
57702 45372
57802 36114
57902 18614
58002 49890
58102 26456
58202 24682
58302 3772
58402 26381
58502 37750
58602 58101
58702 2676
58802 23226
58902 19382
59002 5236
59102 2491
59202 30531
59302 39893
59402 42996
59502 17448
59602 63821
59702 57410
59802 28904
59902 474
60002 57503
60102 42024
60202 58559
60302 38612
60402 4289
60502 52499
60602 12057
60702 32969
60802 26597
60902 10515
61002 38712
61102 470
61202 49925
61302 24387
61402 32239
61502 48858
61602 60359
61702 18265
61802 45947
61902 11140
62002 11418
62102 40662
62202 39486
62302 48016
62402 38362
62502 1093
62602 18207
62702 29452
62802 39932
62902 36652
63002 6303
63102 28221
63202 8882
63302 63179
63402 11417
63502 27585
63602 12126
63702 48684
63802 27848
63902 34111
64002 37265
64102 29716
64202 45973
64302 300
64402 51426
64502 6208
64602 30210
64702 40078
64802 19138
64902 55636
65002 50870
65102 12116
65202 37268
65302 39374
65402 6790
65502 62923
65602 58506
65702 31898
65802 54349
65902 6143
66002 5385
66102 9486
66202 60965
66302 3800
66402 2078
66502 56999
66602 42695
66702 50420
66802 8256
66902 43599
67002 26023
67102 23344
67202 9761
67302 39446
67402 8758
67502 25705
67602 36769
67702 11060
67802 19971
67902 4780
68002 54395
68102 45129
68202 15738
68302 10183
68402 9131
68502 1541
68602 26805
68702 59685
68802 10859
68902 65109
69002 35840
69102 34567
69202 60882
69302 44645
69402 2118
69502 54347
69602 58233
69702 8101
69802 21739
69902 55725
70002 57110
70102 2722
70202 31386
70302 64848
70402 59471
70502 35234
70602 47981
70702 28505
70802 3736
70902 12071
71002 47179
71102 49557
71202 37536
71302 13456
71402 50314
71502 58036
71602 46333
71702 44734
71802 46435
71902 54463
72002 32262
72102 54222
72202 20625
72302 15159
72402 25470
72502 6750
72602 60533
72702 37717
72802 22884
72902 29705
73002 40992
73102 42276
73202 26790
73302 8470
73402 48896
73502 19618
73602 49381
73702 54383
73802 36227
73902 32717
74002 17151
74102 34758
74202 60057
74302 48111
74402 27723
74502 26464
74602 14328
74702 9441
74802 43800
74902 9988
75002 38362
75102 37298
75202 29508
75302 23834
75402 41584
75502 44259
75602 36005
75702 4797
75802 7379
75902 62466
76002 30691
76102 9288
76202 35271
76302 19017
76402 37358
76502 32073
76602 21715
76702 4970
76802 50608
76902 49610
77002 24531
77102 24171
77202 6561
77302 54954
77402 27460
77502 38476
77602 65502
77702 63316
77802 15936
77902 14476
78002 3719
78102 30949
78202 5364
78302 16199
78402 5372
78502 53572
78602 20632
78702 51721
78802 3558
78902 46909
79002 44607
79102 60129
79202 42741
79302 64750
79402 15680
79502 60
79602 50311
79702 42650
79802 3009
79902 63147
80002 12770
80102 23730
80202 1396
80302 23478
80402 31697
80502 60011
80602 53716
80702 19294
80802 52789
80902 33455
81002 53355
81102 15142
81202 7246
81302 17207
81402 24055
81502 63377
81602 42194
81702 65488
81802 44486
81902 17980
82002 25280
82102 20698
82202 44564
82302 5903
82402 41789
82502 7026
82602 27661
82702 14851
82802 20201
82902 12972
83002 28001
83102 11904
83202 25029
83302 19165
83402 32580
83502 39273
83602 58755
83702 64385
83802 28850
83902 58151
84002 41257
84102 57052
84202 46509
84302 28111
84402 7357
84502 9967
84602 54563
84702 37189
84802 16566
84902 34418
85002 17887
85102 18336
85202 743
85302 54378
85402 39000
85502 63063
85602 54959
85702 47851
85802 7532
85902 42125
86002 46477
86102 19269
86202 62910
86302 52265
86402 4948
86502 25180
86602 50896
86702 27390
86802 58466
86902 51294
87002 55496
87102 33991
87202 64434
87302 12319
87402 7840
87502 20995
87602 22520
87702 61427
87802 47718
87902 34378
88002 48057
88102 59455
88202 27085
88302 62250
88402 61232
88502 65310
88602 34697
88702 32683
88802 48423
88902 54932
89002 55927
89102 5087
89202 15000
89302 50541
89402 1740
89502 20079
89602 26933
89702 12899
89802 58765
89902 49692
90002 27749
90102 46132
