102 50974
202 54465
302 61376
402 39678
502 19538
602 60144
702 5323
802 33934
902 20763
1002 26244
1102 46344
1202 32926
1302 18808
1402 52489
1502 13592
1602 10691
1702 12760
1802 21271
1902 58491
2002 27689
2102 48533
2202 12073
2302 53547
2402 18913
2502 55943
2602 52020
2702 28071
2802 20460
2902 38901
3002 14618
3102 26180
3202 46571
3302 24816
3402 22887
3502 56151
3602 62824
3702 19561
3802 17294
3902 2943
4002 53599
4102 15797
4202 19857
4302 39598
4402 8723
4502 35172
4602 25622
4702 24109
4802 11058
4902 50072
5002 16221
5102 12576
5202 23355
5302 51731
5402 4791
5502 34173
5602 56219
5702 53429
5802 49042
5902 52683
6002 23313
6102 62773
6202 59759
6302 51268
6402 52361
6502 8320
6602 59282
6702 3599
6802 36569
6902 40216
7002 62201
7102 29330
7202 19397
7302 35029
7402 62396
7502 20266
7602 12124
7702 7944
7802 35717
7902 8319
8002 29149
8102 65116
8202 61898
8302 42925
8402 20943
8502 27626
8602 50394
8702 30762
8802 46823
8902 41987
9002 19408
9102 8165
9202 27811
9302 34626
9402 21222
9502 49498
9602 35170
9702 33650
9802 60242
9902 35976
10002 59813
10102 36771
10202 20815
10302 63898
10402 14454
10502 56064
10602 43017
10702 4058
10802 46485
10902 33402
11002 17847
11102 46954
11202 9149
11302 53360
11402 18724
11502 8851
11602 35243
11702 23632
11802 54964
11902 19079
12002 61551
12102 52393
12202 37615
12302 47735
12402 60509
12502 56209
12602 823
12702 25516
12802 57755
12902 47349
13002 54461
13102 42698
13202 33593
13302 27368
13402 3530
13502 25105
13602 22116
13702 1953
13802 54090
13902 10799
14002 57597
14102 41805
14202 34453
14302 21271
14402 62028
14502 41550
14602 41350
14702 11812
14802 26290
14902 1624
15002 38784
15102 14007
15202 11087
15302 10218
15402 2677
15502 7967
15602 27831
15702 4274
15802 8248
15902 34536
16002 29584
16102 60259
16202 59478
16302 45829
16402 18298
16502 11686
16602 25510
16702 42216
16802 4230
16902 56919
17002 40256
17102 2414
17202 8938
17302 40759
17402 62510
17502 11183
17602 6737
17702 17599
17802 64315
17902 39067
18002 17404
18102 19591
18202 24927
18302 4324
18402 20088
18502 10730
18602 50379
18702 45584
18802 12319
18902 47482
19002 41035
19102 37354
19202 501
19302 64332
19402 21108
19502 18738
19602 40496
19702 2503
19802 39181
19902 36231
20002 32897
20102 20071
20202 56107
20302 13407
20402 1281
20502 19731
20602 9494
20702 38534
20802 2786
20902 10494
21002 18370
21102 44370
21202 5864
21302 44794
21402 55689
21502 27300
21602 33566
21702 27249
21802 31311
21902 15891
22002 58495
22102 10869
22202 5419
22302 40350
22402 4820
22502 11407
22602 60051
22702 2409
22802 4628
22902 34268
23002 37535
23102 52325
23202 9277
23302 63184
23402 32068
23502 50337
23602 23494
23702 62635
23802 60051
23902 281
24002 5324
24102 879
24202 36635
24302 41784
24402 39605
24502 33300
24602 6158
24702 54465
24802 4829
24902 12938
25002 19227
25102 7558
25202 27006
25302 39833
25402 64898
25502 432
25602 2326
25702 24702
25802 18772
25902 12242
26002 47125
26102 47369
26202 50106
26302 54065
26402 13878
26502 62785
26602 56954
26702 26496
26802 10419
26902 25315
27002 49585
27102 27642
27202 37409
27302 28660
27402 18047
27502 18116
27602 17816
27702 49005
27802 57715
27902 51034
28002 19288
28102 21930
28202 53220
28302 41434
28402 63090
28502 22476
28602 46925
28702 48040
28802 55526
28902 1342
29002 2709
29102 2738
29202 48966
29302 15570
29402 36128
29502 64303
29602 48309
29702 31822
29802 43270
29902 63010
30002 5364
30102 29859
30202 46161
30302 16508
30402 24986
30502 44927
30602 28835
30702 13329
30802 1715
30902 1027
31002 42566
31102 40673
31202 54627
31302 11411
31402 29701
31502 50398
31602 21749
31702 46656
31802 57386
31902 49001
32002 9005
32102 2433
32202 24644
32302 58090
32402 3340
32502 55317
32602 64505
32702 43739
32802 30585
32902 26847
33002 4735
33102 21005
33202 53124
33302 23448
33402 25637
33502 1082
33602 12922
33702 45190
33802 62167
33902 35221
34002 65045
34102 35855
34202 20800
34302 61617
34402 61303
34502 37383
34602 10437
34702 25944
34802 28277
34902 47924
35002 57614
35102 9847
35202 34029
35302 44160
35402 64970
35502 58288
35602 31908
35702 42017
35802 2356
35902 29651
36002 35808
36102 2332
36202 35591
36302 973
36402 49217
36502 20948
36602 36639
36702 30661
36802 36489
36902 36404
37002 28275
37102 10541
37202 20664
37302 53944
37402 44734
37502 53022
37602 30057
37702 15872
37802 48149
37902 14505
38002 24847
38102 30507
38202 23142
38302 42957
38402 288
38502 56003
38602 11158
38702 40459
38802 3966
38902 54968
39002 30924
