102 28994
202 14198
302 27701
402 52290
502 54155
602 6661
702 50408
802 6981
902 33411
1002 43939
1102 30977
1202 28729
1302 36034
1402 1657
1502 20403
1602 8803
1702 11753
1802 31491
1902 43421
2002 48926
2102 18843
2202 409
2302 60012
2402 33461
2502 50329
2602 57372
2702 60302
2802 60695
2902 29311
3002 30830
3102 8274
3202 20751
3302 32640
3402 19742
3502 14176
3602 19243
3702 53969
3802 27653
3902 10986
4002 43643
4102 58595
4202 8484
4302 40170
4402 4283
4502 23737
4602 35616
4702 27084
4802 3223
4902 22226
5002 28392
5102 42939
5202 61663
5302 29189
5402 53093
5502 4781
5602 55261
5702 19550
5802 55397
5902 5105
6002 37624
6102 182
6202 16311
6302 34172
6402 48930
6502 653
6602 43916
6702 31879
6802 5240
6902 19177
7002 48472
7102 14092
7202 38063
7302 8345
7402 15568
7502 12542
7602 13426
7702 51699
7802 52167
7902 52267
8002 55336
8102 24001
8202 30116
8302 7247
8402 45647
8502 9351
8602 49293
8702 23457
8802 6788
8902 26827
9002 24273
9102 51660
9202 19663
9302 39128
9402 27410
9502 63424
9602 21752
9702 31634
9802 64041
9902 46606
10002 54643
10102 16976
10202 42466
10302 24147
10402 8993
10502 30457
10602 55138
10702 21972
10802 15829
10902 32656
11002 28536
11102 53693
11202 25682
11302 55749
11402 10719
11502 33005
11602 36918
11702 47574
11802 27897
11902 40677
12002 3353
12102 53376
12202 38694
12302 10765
12402 35297
12502 52919
12602 33132
12702 19290
12802 24257
12902 7851
13002 15437
13102 4806
13202 60530
13302 62064
13402 50510
13502 51117
13602 45862
13702 39158
13802 25469
13902 31866
14002 18930
14102 35529
14202 26074
14302 55053
14402 25549
14502 46468
14602 37365
14702 53953
14802 56213
14902 10096
15002 30649
15102 52710
15202 54348
15302 17049
15402 13160
15502 22428
15602 45059
15702 49870
15802 62089
15902 35191
16002 7682
16102 24310
16202 14370
16302 17016
16402 12172
16502 10138
16602 16031
16702 39945
16802 24443
16902 3881
17002 20214
17102 54465
17202 9389
17302 16521
17402 23432
17502 54960
17602 46793
17702 18158
17802 61087
17902 61746
18002 1658
18102 23052
18202 60737
18302 7649
18402 31323
18502 29156
18602 2630
18702 52214
18802 6715
18902 20188
19002 20318
19102 42086
19202 29578
19302 57116
19402 32899
19502 13864
19602 39111
19702 11437
19802 11858
19902 6476
20002 60246
20102 8069
20202 661
20302 28598
20402 11624
20502 1837
20602 45418
20702 30280
20802 58562
20902 62984
21002 58286
21102 44571
21202 39996
21302 56569
21402 2475
21502 58725
21602 12539
21702 52384
21802 59580
21902 15449
22002 28876
22102 35716
22202 30912
22302 5200
22402 10785
22502 16895
22602 40757
22702 65245
22802 26783
22902 28274
23002 11078
23102 63526
23202 61892
23302 21609
23402 44697
23502 12457
23602 24865
23702 10687
23802 30511
23902 5401
24002 27368
24102 522
24202 20510
24302 57351
24402 17833
24502 11295
24602 59402
24702 28975
24802 7298
24902 2081
25002 56610
25102 40664
25202 9947
25302 50113
25402 57756
25502 63600
25602 48313
25702 18771
25802 6259
25902 26958
26002 13277
26102 39463
26202 24940
26302 25962
26402 34812
26502 43563
26602 12505
26702 8241
26802 55531
26902 57876
27002 2637
27102 32776
27202 38769
27302 31748
27402 51908
27502 17826
27602 7369
27702 11724
27802 23932
27902 23733
28002 25298
28102 31085
28202 25838
28302 30430
28402 26746
28502 31547
28602 32352
28702 404
28802 4743
28902 42076
29002 47412
29102 46135
29202 28892
29302 43244
29402 14002
29502 16204
29602 2018
29702 26354
29802 50737
29902 39176
30002 25750
30102 7718
30202 34745
30302 19360
30402 10404
30502 65520
30602 65068
30702 45178
30802 48169
30902 7576
31002 45263
31102 57623
31202 62393
31302 30273
31402 32083
31502 59999
31602 32487
31702 29969
31802 32796
31902 52080
32002 42188
32102 56831
32202 37372
32302 63353
32402 65506
32502 64144
32602 51011
32702 923
32802 43497
32902 26591
33002 37404
33102 12763
33202 3833
33302 60299
33402 53508
33502 10173
33602 25907
33702 41078
33802 8093
33902 16977
34002 8800
34102 45093
34202 18562
34302 32524
34402 55359
34502 41025
34602 6307
34702 8110
34802 32785
34902 18804
35002 41271
35102 37073
35202 57543
35302 12072
35402 1853
35502 14374
35602 42939
35702 30057
35802 28174
35902 43166
36002 48268
36102 60111
36202 56297
36302 55440
36402 55144
36502 41339
36602 63121
36702 44556
36802 60569
36902 33463
37002 36722
37102 59860
37202 28400
37302 53382
37402 49840
37502 16848
37602 3510
37702 54819
37802 35204
37902 52669
38002 50523
38102 39438
38202 18065
38302 40231
38402 53087
