102 13933
202 60262
302 40042
402 56767
502 49382
602 62971
702 47990
802 38525
902 52538
1002 39070
1102 39499
1202 41809
1302 4901
1402 28136
1502 661
1602 12628
1702 37005
1802 53310
1902 8700
2002 63851
2102 41108
2202 7835
2302 49968
2402 51689
2502 2974
2602 53421
2702 25880
2802 355
2902 41615
3002 29697
3102 51384
3202 29527
3302 6872
3402 47854
3502 3072
3602 22969
3702 18337
3802 59476
3902 588
4002 9621
4102 17230
4202 40937
4302 25045
4402 11046
4502 3323
4602 31526
4702 56860
4802 54539
4902 29849
5002 62862
5102 34108
5202 34996
5302 2327
5402 38540
5502 46428
5602 57731
5702 33325
5802 54557
5902 26080
6002 7946
6102 4422
6202 40574
6302 3168
6402 63258
6502 16287
6602 60618
6702 37018
6802 13408
6902 26821
7002 29961
7102 3249
7202 7391
7302 52057
7402 4053
7502 10600
7602 62311
7702 46614
7802 41516
7902 9076
8002 9981
8102 43202
8202 10877
8302 53271
8402 28963
8502 36403
8602 52938
8702 51162
8802 48872
8902 1248
9002 23689
9102 17738
9202 9710
9302 48673
9402 34823
9502 16564
9602 44038
9702 8468
9802 11560
9902 54969
10002 5401
10102 1706
