102 11087
202 43120
302 51333
402 29275
502 60933
602 61258
702 17383
802 13994
902 27830
1002 9078
1102 21200
1202 58034
1302 52117
1402 5575
1502 48439
1602 28365
1702 9190
1802 56550
1902 22890
2002 46578
2102 45129
2202 17304
2302 63880
2402 42059
2502 10723
2602 51709
2702 61309
2802 28292
2902 26622
3002 8205
3102 15859
3202 51350
3302 18376
3402 60724
3502 9616
3602 60526
3702 3191
3802 55761
3902 9467
4002 19987
4102 6166
4202 40419
4302 46085
4402 56718
4502 17949
4602 13330
4702 63668
4802 22196
4902 25478
5002 8652
5102 51250
5202 37665
5302 24687
5402 57899
5502 55017
5602 42888
5702 27323
5802 28677
5902 35473
6002 44233
6102 19292
6202 55756
6302 26023
6402 24625
6502 4195
6602 51593
6702 32272
6802 62481
6902 54296
7002 30271
7102 20022
7202 49712
7302 2510
7402 30798
7502 48741
7602 53127
7702 3238
7802 24744
7902 34258
8002 20997
8102 62381
8202 7700
8302 81
8402 53221
8502 40820
8602 4676
8702 62571
8802 27948
8902 50107
9002 24616
9102 10789
9202 46245
9302 39782
9402 25630
9502 32968
9602 39735
9702 55978
9802 2826
9902 52417
10002 57704
10102 55387
10202 51484
10302 3365
10402 19841
10502 14469
10602 50992
10702 20420
10802 8154
10902 296
11002 25522
11102 46098
11202 55208
11302 28419
11402 36055
11502 51581
11602 58000
11702 53966
11802 57630
11902 59011
12002 678
12102 10609
12202 53378
12302 13897
12402 45105
12502 18
12602 22278
12702 14825
12802 41895
12902 64830
13002 9952
13102 34513
13202 49763
13302 31190
13402 1547
13502 46816
13602 47898
13702 14243
13802 18075
13902 24293
14002 10322
14102 25305
14202 10224
14302 21201
14402 47804
14502 45094
14602 41210
14702 41749
14802 14716
14902 15076
15002 16494
15102 13444
15202 28038
15302 2938
15402 38517
15502 62671
15602 5257
15702 63531
15802 3630
15902 38841
16002 62119
16102 9191
16202 53922
16302 40657
16402 4072
16502 51498
16602 12008
16702 27642
16802 46024
16902 24682
17002 19327
17102 12913
17202 8980
17302 55522
17402 47584
17502 44146
17602 25729
17702 40397
17802 43469
17902 43499
18002 39225
18102 23551
18202 50180
18302 2399
18402 34306
18502 34220
18602 28834
18702 52037
18802 34548
18902 50074
19002 5385
19102 18387
19202 7580
19302 49980
19402 35906
19502 624
19602 40618
19702 3281
19802 50629
19902 12548
20002 58833
20102 50382
20202 36280
20302 53317
20402 8929
20502 65446
20602 35692
20702 18971
20802 15791
20902 63187
21002 40274
21102 45768
21202 13808
21302 4975
21402 2937
21502 9997
21602 62889
21702 29599
21802 13424
21902 55478
22002 46240
22102 59017
22202 63392
22302 15013
22402 33391
22502 3234
22602 51282
22702 2058
22802 64844
22902 42538
23002 64168
23102 52002
23202 45384
23302 53572
23402 17428
23502 65040
23602 12909
23702 59393
23802 37320
23902 34087
24002 25909
24102 44247
24202 16873
24302 6773
24402 64320
24502 60305
24602 12520
24702 45065
24802 1326
24902 14313
25002 58592
25102 29118
25202 65151
25302 54369
25402 40335
25502 60884
25602 64506
25702 49973
25802 37176
25902 18308
26002 48014
26102 51995
26202 53628
26302 31395
26402 58851
26502 34257
26602 6791
26702 11801
26802 1004
26902 32484
27002 30056
27102 581
27202 23058
27302 8353
27402 25855
27502 44935
27602 13380
27702 33487
27802 23976
27902 53834
28002 24240
28102 28143
28202 9237
28302 28829
28402 63041
28502 57953
28602 56525
28702 33553
28802 60054
28902 13893
29002 48652
29102 53600
29202 27638
29302 9052
29402 62158
29502 41659
29602 44491
29702 31198
29802 44491
29902 16637
30002 40148
30102 2842
30202 49784
30302 500
30402 3196
30502 14738
30602 6624
30702 3019
30802 65211
30902 16270
31002 42117
31102 64384
31202 45938
31302 20261
31402 9459
31502 12012
31602 31879
31702 34875
31802 26784
31902 21627
32002 34153
32102 1160
32202 41698
32302 55047
32402 58669
32502 38666
32602 20362
32702 55946
32802 42093
32902 45503
33002 58024
33102 47571
33202 25078
33302 27866
33402 48763
33502 19005
33602 41361
33702 7265
33802 62644
33902 65227
34002 16589
34102 248
34202 52108
34302 46639
34402 50016
34502 31412
34602 64109
34702 51278
34802 55543
34902 57402
35002 49344
35102 20560
35202 4549
35302 54852
35402 38996
35502 19362
35602 28570
35702 33158
35802 11913
35902 63545
36002 13924
36102 50018
36202 8737
36302 19263
36402 42168
36502 55636
36602 28861
36702 22714
36802 51845
36902 47513
37002 55548
37102 61726
37202 32630
37302 63787
37402 45910
37502 29406
37602 10096
37702 51043
37802 46939
37902 35634
38002 30852
38102 26586
38202 54267
38302 35061
38402 39166
38502 36340
38602 61868
38702 63208
38802 38275
38902 51141
39002 14311
39102 30776
39202 20612
39302 36386
39402 49100
39502 3446
39602 48369
39702 30284
39802 34411
39902 32402
40002 10848
40102 35440
40202 37125
40302 32821
40402 61469
40502 33799
40602 38476
40702 53368
40802 15818
40902 22273
41002 22745
41102 56650
41202 63654
41302 35866
41402 61261
41502 984
41602 53147
41702 64833
41802 32772
41902 39176
42002 3189
42102 4105
42202 64139
42302 52087
42402 9820
42502 17888
42602 29153
42702 8666
42802 62782
42902 61292
43002 7978
43102 11179
43202 53859
43302 17490
43402 45534
43502 31175
43602 34201
43702 53095
43802 58273
43902 64781
44002 20424
44102 41483
44202 20110
44302 61690
44402 25587
44502 28884
44602 20636
44702 23437
44802 24395
44902 25345
45002 49520
45102 60044
45202 38311
45302 7215
45402 40676
45502 20626
45602 56048
45702 28843
45802 29251
45902 1578
46002 43549
46102 47677
46202 16362
46302 7481
46402 41398
46502 30298
46602 34462
46702 58098
46802 56739
46902 27400
47002 437
47102 35203
47202 57796
47302 34278
47402 17682
47502 21701
47602 40760
47702 56822
47802 5891
47902 15040
48002 28649
48102 35760
48202 23287
48302 15703
48402 19226
48502 29533
48602 54023
48702 62458
48802 19287
48902 10110
49002 58056
49102 44921
49202 64895
49302 21269
49402 63031
49502 9949
49602 54974
49702 54251
49802 4164
49902 63542
50002 5939
50102 5763
50202 51583
50302 52801
50402 7619
50502 2327
50602 55877
50702 59657
50802 54336
50902 52603
51002 32779
51102 725
51202 32846
51302 3177
51402 58059
51502 9461
51602 37846
51702 57891
51802 21085
51902 22478
52002 43232
52102 43226
52202 27345
52302 15900
52402 9739
52502 44844
52602 55732
52702 16586
52802 58002
52902 57564
53002 2773
53102 55651
53202 46898
53302 17226
53402 54417
53502 62323
53602 24287
53702 6767
53802 11131
53902 15866
54002 46078
54102 45526
54202 8367
54302 45999
54402 65062
54502 49393
54602 124
54702 36392
54802 28817
54902 58687
55002 21792
55102 23347
55202 15285
55302 3305
55402 39325
55502 24268
55602 23631
55702 38449
55802 9768
55902 8321
56002 273
56102 6930
56202 21008
56302 29295
56402 11796
56502 16877
56602 29087
56702 4869
56802 22030
56902 27865
57002 48851
57102 55970
57202 30506
57302 49131
57402 14077
57502 1994
57602 12317
57702 39553
57802 42843
57902 11657
58002 14468
58102 52612
58202 51520
58302 18921
58402 55744
58502 21741
58602 1211
58702 3099
58802 58278
58902 43542
59002 35025
59102 54723
59202 55922
59302 53140
59402 56329
59502 58029
59602 44751
59702 38186
59802 41835
59902 3545
60002 3432
60102 16342
60202 5850
60302 47855
60402 50988
60502 63179
60602 17127
60702 60134
60802 44765
60902 49897
61002 12514
61102 17586
61202 418
61302 7811
61402 64678
61502 63002
61602 15826
61702 3717
61802 59346
61902 47505
62002 2979
62102 59739
62202 298
62302 15867
62402 51436
62502 13318
62602 1562
62702 17511
62802 43934
62902 40582
63002 46917
63102 13357
63202 770
63302 53782
63402 12069
63502 65468
63602 64031
63702 20240
63802 17863
63902 5829
64002 46057
64102 38225
64202 42699
64302 41484
64402 61837
64502 35545
64602 9443
64702 42690
64802 49863
64902 25868
65002 36228
65102 39890
65202 7495
65302 44939
65402 4885
65502 12178
65602 62258
65702 44542
65802 22812
65902 55778
66002 2204
66102 36070
66202 5664
66302 15451
66402 9966
66502 15850
66602 40248
66702 24273
66802 3430
66902 41175
67002 56358
67102 58506
67202 21775
67302 64096
67402 52051
67502 26265
67602 7497
67702 39170
67802 14994
67902 16366
68002 59175
68102 42409
68202 59102
68302 18264
68402 23300
68502 41382
68602 1203
68702 20162
68802 19863
68902 49149
69002 2270
69102 13059
69202 61922
69302 51348
69402 61766
69502 31100
69602 50423
69702 23471
69802 64318
69902 20185
70002 54770
70102 40727
70202 3902
70302 50433
70402 24278
70502 52973
70602 45990
70702 58472
70802 47067
70902 29687
71002 28496
71102 58008
71202 26117
71302 12261
71402 55948
71502 39411
71602 17520
71702 13274
71802 41452
71902 32779
72002 23836
72102 44107
72202 40352
72302 54974
72402 20037
72502 49214
72602 25215
72702 23919
72802 14498
72902 4572
73002 61806
73102 45583
73202 42670
73302 28627
73402 4278
73502 49158
73602 37881
73702 4335
73802 12206
73902 63519
74002 49095
74102 26999
74202 4871
74302 29386
74402 23991
74502 48786
74602 26565
74702 16826
74802 6047
74902 19472
75002 2584
75102 7532
75202 30595
75302 57176
75402 31851
75502 49631
75602 20917
75702 15803
75802 53009
75902 64796
76002 36825
76102 27560
76202 56899
76302 11873
76402 65022
76502 28922
76602 63020
76702 9246
76802 55765
76902 40752
77002 14688
77102 42558
77202 48630
77302 58728
77402 40790
77502 54829
77602 27759
77702 44130
77802 1711
77902 7200
78002 21158
78102 20013
78202 7783
78302 38352
78402 15360
78502 10999
78602 28840
78702 9978
78802 12479
78902 5016
79002 24355
79102 11500
79202 36111
79302 8560
79402 29562
79502 11670
79602 28311
79702 1019
79802 63933
79902 58608
80002 20359
80102 55286
80202 13946
80302 2486
80402 4776
80502 63880
80602 24279
80702 4646
80802 46436
80902 17768
81002 32953
81102 43547
81202 57831
81302 9238
81402 8255
81502 45663
81602 39241
81702 25731
81802 55494
81902 36036
82002 5811
82102 1781
82202 56855
82302 1340
82402 40195
82502 4161
82602 55616
82702 32308
82802 30335
82902 51074
83002 48139
83102 4158
83202 18688
83302 50440
83402 65032
83502 39157
83602 42056
83702 65293
83802 11983
83902 818
84002 26528
84102 51183
84202 57392
84302 14913
84402 21401
84502 35378
84602 56002
84702 17518
84802 48750
84902 43305
85002 6020
85102 24376
85202 2561
85302 46309
85402 37396
85502 17486
85602 42975
85702 12895
85802 52717
85902 4450
86002 64982
86102 30951
86202 27294
86302 48062
86402 59805
86502 32928
86602 13410
86702 22954
86802 30058
86902 2730
87002 46101
87102 52726
87202 30474
87302 26590
87402 12174
87502 47033
87602 29045
87702 5822
87802 31494
87902 6216
88002 48055
88102 61490
88202 30857
88302 42274
88402 43397
88502 4382
88602 15507
88702 11775
88802 13125
88902 27147
89002 18073
89102 56750
89202 14430
89302 51652
89402 45589
89502 8518
89602 63108
89702 40780
89802 57921
89902 28291
90002 26656
90102 19580
90202 36448
90302 52173
