102 16893
202 49656
302 11486
402 41509
502 29619
602 13282
702 54473
802 63815
902 7579
1002 36413
1102 1244
1202 5374
1302 40241
1402 63930
1502 58539
1602 2448
1702 19731
1802 20355
1902 6900
2002 62884
2102 36200
2202 24284
2302 56248
2402 30977
2502 40040
2602 41099
2702 1179
2802 33003
2902 43287
3002 52674
3102 39566
3202 19846
3302 211
3402 52498
3502 21395
3602 35964
3702 23910
3802 58696
3902 6680
4002 55247
4102 18688
4202 51672
4302 61440
4402 12716
4502 35204
4602 62275
4702 18859
4802 57195
4902 64566
5002 16559
5102 44349
5202 15913
5302 2062
5402 17176
5502 4381
5602 30103
5702 34752
5802 28702
5902 24577
6002 54140
6102 56161
6202 49186
6302 54859
6402 24317
6502 60129
6602 49362
6702 5775
6802 61639
6902 8526
7002 49605
7102 19950
7202 62347
7302 28079
7402 15596
7502 63249
7602 40560
7702 31914
7802 2303
7902 27579
8002 60553
8102 31732
8202 42128
8302 55698
8402 31726
8502 15898
8602 26516
8702 21784
8802 17591
8902 56624
9002 7400
9102 25011
9202 17831
9302 49610
9402 54873
9502 41085
9602 25425
9702 17207
9802 59453
9902 61546
10002 16773
10102 64814
10202 19982
10302 58517
10402 10350
10502 26282
10602 27375
10702 3674
10802 21905
10902 29236
11002 25297
11102 58428
11202 46790
11302 17147
11402 3308
11502 61788
11602 57110
11702 2536
11802 35669
11902 8442
12002 58693
12102 56758
12202 8609
12302 58387
12402 11103
12502 15340
12602 62380
12702 39998
12802 4374
12902 30065
13002 30681
13102 45067
13202 9250
13302 15544
13402 9858
13502 41734
13602 15996
13702 65122
13802 53416
13902 44674
14002 40852
14102 27234
14202 53021
14302 56135
14402 65480
14502 52176
14602 29368
14702 43038
14802 21654
14902 31046
15002 49106
15102 36354
15202 460
15302 61797
15402 27819
15502 64576
15602 16303
15702 13448
15802 20897
15902 17755
16002 58940
16102 44957
16202 58538
16302 27308
16402 210
16502 5822
16602 45567
16702 22111
16802 8164
16902 2043
17002 46765
17102 50261
17202 6159
17302 2532
17402 58997
17502 42245
17602 24295
17702 26606
17802 49459
17902 19313
18002 40775
18102 37892
18202 35304
18302 40407
18402 19971
18502 10529
18602 65402
18702 30097
18802 37115
18902 50572
19002 59554
19102 16069
19202 18096
19302 44521
19402 30216
19502 27597
19602 10565
19702 8794
19802 61889
19902 19974
20002 26617
20102 13903
20202 63862
20302 20048
20402 42421
20502 22969
20602 170
20702 15206
20802 25372
20902 47136
21002 36572
21102 49494
21202 9390
21302 57707
21402 28890
21502 45525
21602 25864
21702 42871
21802 43726
21902 40400
22002 22097
22102 43483
22202 15714
22302 42012
22402 2852
22502 21305
22602 30648
22702 36590
22802 31841
22902 15409
23002 49240
23102 50731
23202 23858
23302 28168
23402 48987
23502 17727
23602 11779
23702 56649
23802 26597
23902 18220
24002 29807
24102 44778
24202 52441
24302 16264
24402 39115
24502 18691
24602 35468
24702 32700
24802 17069
24902 40232
25002 59241
25102 29504
25202 63367
25302 25258
25402 57657
25502 16884
25602 48340
25702 712
25802 8743
25902 487
26002 47119
26102 41568
26202 62109
26302 35480
26402 63258
26502 409
26602 10630
26702 59826
26802 49489
26902 15211
27002 14560
27102 21954
27202 63908
27302 49504
27402 40202
27502 31547
27602 36503
27702 29876
27802 59627
27902 36064
28002 59284
28102 20596
28202 33441
28302 1997
28402 1033
28502 4231
28602 61811
28702 42191
28802 53698
28902 496
29002 53426
29102 16021
29202 1665
29302 50443
29402 32768
29502 27210
29602 7480
29702 47648
29802 13968
29902 14779
30002 12840
30102 28156
30202 24062
30302 18069
30402 57268
30502 15589
30602 37628
30702 34389
30802 34815
30902 62920
31002 7921
31102 49031
31202 15367
31302 26820
31402 63554
31502 15739
31602 37462
31702 21440
31802 53145
31902 32130
32002 54011
32102 26110
32202 10005
32302 40272
32402 31065
32502 56067
32602 13194
32702 24462
32802 11910
32902 54005
33002 41152
33102 33922
33202 34918
33302 50839
33402 47576
33502 10691
33602 45283
33702 499
33802 20904
33902 7714
34002 1559
34102 32186
34202 29820
34302 19760
34402 338
34502 6765
34602 57067
34702 64034
34802 19385
34902 63950
35002 1918
35102 29294
35202 39036
35302 30976
35402 34811
35502 16718
35602 43420
35702 56956
35802 24582
35902 24633
36002 9799
36102 13156
36202 28330
36302 11380
36402 64078
36502 19268
36602 5516
36702 25764
36802 36844
36902 45581
37002 35332
37102 31373
37202 4170
37302 21188
37402 57895
37502 35431
37602 36286
37702 59776
37802 15420
37902 65209
38002 12176
38102 43452
38202 28638
38302 21205
38402 28687
38502 32145
38602 56606
38702 30457
38802 36248
38902 537
39002 62845
39102 60324
39202 45517
39302 29071
39402 13777
39502 34626
39602 42170
39702 63712
39802 54066
39902 8812
40002 54964
40102 20703
40202 52195
40302 24146
40402 58362
40502 10589
40602 25132
40702 30983
40802 22741
40902 53501
41002 20682
41102 49419
41202 32578
41302 15102
41402 49222
41502 48488
41602 41339
41702 65084
41802 45597
41902 19279
42002 30269
42102 335
42202 46141
42302 17805
42402 62336
42502 11998
42602 29991
42702 13718
42802 62455
42902 14583
43002 44418
43102 63513
43202 18729
43302 58629
43402 34690
43502 440
43602 51770
43702 48010
43802 19571
43902 17333
44002 56988
44102 425
44202 29977
44302 60495
44402 20286
44502 48638
44602 40381
44702 40833
44802 6158
44902 51605
45002 46427
45102 10510
45202 43322
45302 65359
45402 27087
45502 3269
45602 36688
45702 37578
45802 38652
45902 32793
46002 9804
46102 42626
46202 27315
46302 56315
46402 2346
46502 57141
46602 36790
46702 58526
46802 43977
46902 17802
47002 35655
47102 45561
47202 23340
47302 19595
47402 59816
47502 64727
47602 17388
47702 63494
47802 41383
47902 24388
48002 50398
48102 31084
48202 9839
48302 39450
48402 24671
48502 54255
48602 40840
48702 54835
48802 12131
48902 43999
49002 48700
49102 58770
49202 18280
49302 26451
49402 60906
49502 35517
49602 17840
49702 35910
49802 51427
49902 50736
50002 51208
50102 31068
50202 35607
50302 8346
50402 24528
50502 10816
50602 10087
50702 19958
50802 18939
50902 36794
51002 43362
51102 36350
51202 41559
51302 5603
51402 3241
51502 10072
51602 39048
51702 15785
51802 29717
51902 11688
52002 60601
52102 18801
52202 52523
52302 60392
52402 49232
52502 60302
52602 41494
52702 44140
52802 29596
52902 57525
53002 49097
53102 37498
53202 32220
53302 15677
53402 1375
53502 29194
53602 2897
53702 19470
53802 39164
53902 34605
54002 55813
54102 18881
54202 10286
54302 23680
54402 28579
54502 32104
54602 64746
54702 25322
54802 46294
54902 4991
55002 2383
55102 9742
55202 7978
55302 57382
55402 39506
55502 34426
55602 53138
55702 13238
55802 31851
55902 37200
56002 26711
56102 56839
56202 62081
56302 35272
56402 22555
56502 40840
56602 28538
56702 26318
56802 37998
56902 32825
57002 13890
57102 24627
57202 61692
57302 25943
57402 49419
57502 5992
57602 53571
57702 60540
57802 32415
57902 3109
58002 38425
58102 8627
58202 48177
58302 32661
58402 28126
58502 2886
58602 6439
58702 16435
58802 20134
58902 29937
59002 8300
59102 20509
59202 42962
59302 59924
59402 24675
59502 24978
59602 42118
59702 29972
59802 41274
59902 53241
60002 20316
60102 54204
60202 44491
60302 46820
60402 14133
60502 47222
60602 25872
60702 13456
60802 36162
60902 17570
61002 30343
61102 36104
61202 62995
61302 42118
61402 41926
61502 52440
61602 48244
61702 34249
61802 29430
61902 55458
62002 65048
62102 19322
62202 22654
62302 41903
62402 23680
62502 23745
62602 27146
62702 20159
62802 4900
62902 40868
63002 6897
63102 49996
63202 56570
63302 15539
63402 24033
63502 61419
63602 64187
63702 4720
63802 45424
63902 47888
64002 45422
64102 6624
64202 57276
64302 53796
64402 1875
64502 12595
64602 35726
64702 19432
64802 26758
64902 27123
65002 36725
65102 42218
65202 33888
65302 52446
65402 18064
65502 39384
65602 14812
65702 33018
65802 64683
65902 2786
66002 64580
66102 61178
66202 46473
66302 40016
66402 26146
66502 10853
66602 24483
66702 63844
66802 61861
66902 13966
67002 63402
67102 54308
67202 43866
67302 25644
67402 59638
67502 57942
67602 23510
67702 65215
67802 26135
67902 23273
68002 28568
68102 16089
68202 31152
68302 7397
68402 11024
68502 49895
68602 47334
68702 47973
68802 21436
68902 18521
69002 43169
69102 53442
69202 30483
69302 59171
69402 18765
69502 53027
69602 20810
69702 16388
69802 3008
69902 27269
70002 9918
70102 22890
70202 3178
70302 61787
70402 57044
70502 40790
70602 6859
70702 55165
70802 30523
70902 34457
71002 50722
71102 56050
71202 50839
71302 28820
71402 33188
71502 4037
71602 28919
71702 43463
71802 19156
71902 60794
72002 52040
72102 41983
72202 46658
72302 61903
72402 59857
72502 2580
72602 43310
72702 452
72802 1206
72902 6144
73002 255
73102 53325
73202 529
73302 51700
73402 51390
73502 51784
73602 7946
73702 20025
73802 34398
73902 18463
74002 43963
74102 58175
74202 35210
74302 31322
74402 62837
74502 24168
74602 11611
74702 60479
74802 10762
74902 48789
75002 60412
75102 27765
75202 41267
75302 23422
75402 43122
75502 45606
75602 54891
75702 18936
75802 30021
75902 43498
76002 10986
76102 13729
76202 63772
76302 22832
76402 47301
76502 26838
76602 40422
76702 40634
76802 20282
76902 40933
77002 42694
77102 40302
77202 14405
77302 56637
77402 36494
77502 34016
77602 32109
77702 31403
77802 39345
77902 28504
78002 59751
78102 55833
78202 22307
78302 55966
78402 18288
78502 60595
78602 37291
78702 13268
78802 32389
78902 39666
79002 35521
79102 384
79202 41357
79302 44919
79402 8248
79502 46515
79602 24543
79702 36755
79802 22906
79902 63135
80002 52071
80102 39689
80202 24871
80302 23881
80402 1056
80502 61213
80602 52888
80702 5759
80802 520
80902 54560
81002 43533
81102 39257
81202 23251
81302 3127
81402 42948
81502 13453
81602 19721
81702 50978
81802 34546
81902 34436
82002 11541
82102 59926
82202 7752
82302 28860
82402 56170
82502 9304
82602 26512
82702 35101
82802 12084
82902 24014
83002 13801
83102 12424
83202 54206
83302 29552
83402 4172
83502 21873
83602 47517
83702 6743
83802 31200
83902 37865
84002 25946
84102 53627
84202 49680
84302 3283
84402 6208
84502 7737
84602 18792
84702 10913
84802 30036
84902 25964
85002 11176
85102 53977
85202 30208
85302 5918
85402 15291
85502 60091
85602 37827
85702 57147
85802 56324
85902 16552
86002 56331
86102 46286
86202 24733
86302 43012
86402 34511
86502 10125
86602 46602
86702 311
86802 33204
86902 1452
87002 56208
87102 53105
87202 1128
87302 56792
87402 43390
87502 50622
87602 12956
87702 46151
87802 61655
87902 27471
88002 33825
88102 55840
88202 15695
88302 65171
88402 40408
88502 3379
88602 40351
88702 61552
88802 64220
88902 58154
89002 43501
89102 60550
89202 20216
89302 23941
89402 60555
89502 64064
89602 12925
89702 40563
89802 55824
89902 9795
90002 43330
90102 10406
