102 12755
202 58926
302 5001
402 17720
502 28526
602 50444
702 26375
802 36454
902 8554
1002 2514
1102 25202
1202 17735
1302 49212
1402 8174
1502 111
1602 9870
1702 12152
1802 51890
1902 27448
2002 46074
2102 17114
2202 40303
2302 42246
2402 49851
2502 51070
2602 36773
2702 51597
2802 31528
2902 47866
3002 63887
3102 39799
3202 36749
3302 26599
3402 54304
3502 63145
3602 44716
3702 21609
3802 56328
3902 51487
4002 111
4102 55543
4202 52008
4302 48521
4402 17268
4502 3353
4602 50023
4702 58289
4802 36490
4902 38439
5002 22091
5102 31100
5202 35216
5302 54108
5402 42812
5502 45963
5602 45603
5702 10848
5802 46409
5902 64157
6002 48309
6102 3308
6202 41011
6302 28488
6402 28218
6502 53059
6602 13751
6702 6651
6802 22216
6902 37359
7002 64169
7102 28900
7202 18250
7302 44787
7402 25776
7502 54637
7602 57908
7702 30474
7802 21035
7902 19321
8002 19548
8102 5275
8202 18620
8302 31075
8402 55750
8502 8352
8602 54840
8702 26855
8802 53069
8902 47098
9002 15992
9102 59686
9202 43168
9302 40137
9402 45895
9502 53622
9602 59567
9702 30771
9802 20164
9902 26241
10002 7870
10102 10942
10202 1583
10302 65237
10402 49371
10502 34934
10602 21133
10702 690
10802 25778
10902 21143
11002 59089
11102 51066
11202 26213
11302 33214
11402 14005
11502 27138
11602 22170
11702 29737
11802 43118
11902 22179
12002 45783
12102 8310
12202 1603
12302 38620
12402 49347
12502 14442
12602 57262
12702 64127
12802 46712
12902 828
13002 64367
13102 23715
13202 63279
13302 37949
13402 2576
13502 31816
13602 25892
13702 1412
13802 17493
13902 23729
14002 3795
14102 27420
14202 471
14302 4117
14402 13397
14502 19992
14602 59940
14702 43459
14802 21163
14902 58434
15002 59540
15102 27827
15202 11817
15302 48019
15402 36082
15502 64785
15602 25010
15702 40621
15802 61930
15902 40014
16002 7634
16102 25941
16202 2120
16302 35586
16402 51823
16502 8427
16602 9282
16702 31093
16802 12924
16902 30047
17002 50556
17102 2901
17202 41108
17302 5974
17402 7323
17502 58297
17602 15170
17702 20548
17802 39968
17902 24369
18002 1466
18102 51692
18202 6760
18302 25375
18402 51104
18502 53429
18602 42805
18702 41726
18802 9352
18902 31208
19002 6151
19102 41111
19202 36207
19302 56946
19402 34385
19502 22470
19602 49685
19702 53116
19802 50538
19902 3459
20002 19799
20102 56816
20202 55171
20302 11657
20402 26116
20502 22678
20602 33404
20702 44456
20802 11080
20902 20389
21002 37728
21102 1958
21202 9498
21302 14558
21402 6471
21502 37738
21602 40396
21702 60361
21802 9393
21902 65144
22002 6938
22102 57612
22202 24956
22302 28056
22402 641
22502 51043
22602 24182
22702 12225
22802 50346
22902 22291
23002 50634
23102 31757
23202 56449
23302 25528
23402 49332
23502 25048
23602 29898
23702 58799
23802 61463
23902 32574
24002 22043
24102 54183
24202 55117
24302 31150
24402 28714
24502 18627
24602 59469
24702 42187
24802 3616
24902 17708
25002 30012
25102 50410
25202 48916
25302 17169
25402 28316
25502 9289
25602 35834
25702 43190
25802 42752
25902 17435
26002 27613
26102 21296
26202 40274
26302 51499
26402 59507
26502 39456
26602 13289
26702 26595
26802 1529
26902 38220
27002 2115
27102 42352
27202 40939
27302 61882
27402 47530
27502 29712
27602 65495
27702 23655
27802 4043
27902 20520
28002 59755
28102 989
28202 2550
28302 24266
28402 12988
28502 8375
28602 19454
28702 46048
28802 7326
28902 29624
29002 9346
29102 28283
29202 57741
29302 64886
29402 17233
29502 51947
29602 41972
29702 26756
29802 42916
29902 29219
30002 24395
30102 47457
30202 43503
30302 47614
30402 31873
30502 43815
30602 42862
30702 15428
30802 25415
30902 32717
31002 37614
31102 10830
31202 6342
31302 29519
31402 43190
31502 27802
31602 35321
31702 59948
31802 25268
31902 25715
32002 57072
32102 65108
32202 50944
32302 18120
32402 13098
32502 41475
32602 48515
32702 2305
32802 40411
32902 8624
33002 52841
33102 42206
33202 64789
33302 13906
33402 1947
33502 31555
33602 60698
33702 30217
33802 42921
33902 3319
34002 22015
34102 8407
34202 30197
34302 6755
34402 7767
34502 61505
34602 12168
34702 34567
34802 25251
34902 43057
35002 37954
35102 59366
35202 64800
35302 4557
35402 60330
35502 56
35602 46437
35702 6894
35802 16030
35902 1016
36002 1656
36102 27882
36202 54395
36302 28961
36402 54047
36502 61802
36602 22258
36702 61444
36802 3485
36902 56175
37002 65075
37102 44367
37202 6230
37302 31653
37402 46809
37502 23946
37602 49199
37702 35189
37802 44232
37902 4456
38002 34918
38102 37510
38202 29357
38302 51037
38402 21226
38502 4789
38602 50845
38702 45952
38802 37285
38902 60276
39002 42711
39102 49090
39202 27053
39302 17603
39402 33977
39502 4969
39602 24306
39702 40941
39802 50703
39902 56014
40002 6029
40102 12067
40202 62601
40302 57469
40402 602
40502 45578
40602 24636
40702 25501
40802 47337
40902 17269
41002 945
41102 169
41202 5147
41302 3272
41402 54795
41502 6289
41602 52192
41702 41009
41802 14018
41902 7332
42002 27794
42102 56631
42202 9895
42302 65324
42402 26833
42502 64502
42602 41049
42702 55004
42802 62141
42902 24303
43002 52273
43102 34436
43202 16249
43302 63759
43402 16757
43502 13460
43602 31807
43702 50641
43802 21336
43902 53877
44002 43217
44102 12804
44202 9294
44302 15519
44402 63151
44502 30427
44602 6246
44702 32922
44802 19227
44902 11533
45002 56380
45102 16200
45202 54308
45302 43728
45402 8468
45502 5306
45602 55401
45702 30880
45802 43735
45902 45774
46002 15275
46102 52878
46202 17280
46302 18056
46402 37618
46502 3775
46602 32456
46702 32957
46802 740
46902 9558
47002 39548
47102 63400
47202 42556
47302 21804
47402 65403
47502 56839
47602 63515
47702 51201
47802 43039
47902 30102
48002 2786
48102 57272
48202 43972
48302 53126
48402 1634
48502 41675
48602 63477
48702 19463
48802 61517
48902 60936
49002 64787
49102 8201
49202 10454
49302 40053
49402 19726
49502 33529
49602 21358
49702 24182
49802 3756
49902 61174
50002 57818
50102 4377
50202 43774
50302 11643
50402 64115
50502 19491
50602 7184
50702 24600
50802 25222
50902 1826
51002 25127
51102 53902
51202 17778
51302 53595
51402 29507
51502 33113
51602 52165
51702 56352
51802 50989
51902 20136
52002 52862
52102 24118
52202 43682
52302 3852
52402 42054
52502 18888
52602 11385
52702 63352
52802 46438
52902 3532
53002 10985
53102 46523
53202 23937
53302 26768
53402 52041
53502 48693
53602 30595
53702 48296
53802 46500
53902 41051
54002 13233
54102 28610
54202 27468
54302 13287
54402 12091
54502 38042
54602 52012
54702 5640
54802 25931
54902 15644
55002 44300
55102 10560
55202 59232
55302 61867
55402 62429
55502 28665
55602 48351
55702 55397
55802 49296
55902 15207
56002 9870
56102 19147
56202 5860
56302 13940
56402 31296
56502 41506
56602 24829
56702 59704
56802 58962
56902 56014
57002 48085
57102 55099
57202 4083
57302 60950
57402 5794
57502 27360
57602 7166
57702 44079
57802 3908
57902 50417
58002 62934
58102 1281
58202 43669
58302 48967
58402 12412
58502 7473
58602 1561
58702 19626
58802 9191
58902 49214
59002 35274
59102 63981
59202 35691
59302 54869
59402 49153
59502 35416
59602 18305
59702 39381
59802 27835
59902 51270
60002 16147
60102 25894
60202 32519
60302 54741
60402 60890
60502 27391
60602 58774
60702 40980
60802 44724
60902 44111
61002 32693
61102 6365
61202 41097
61302 20578
61402 50759
61502 10125
61602 42489
61702 59016
61802 40081
61902 60825
62002 27155
62102 13591
62202 64856
62302 62818
62402 44623
62502 13010
62602 14522
62702 15083
62802 64779
62902 52540
63002 9066
63102 38079
63202 52408
63302 18873
63402 10011
63502 38942
63602 31060
63702 37277
63802 19604
63902 2735
64002 10115
64102 7494
64202 26781
64302 59772
64402 57280
64502 10389
64602 43572
64702 16938
64802 20605
64902 28290
65002 40836
65102 58463
65202 33946
65302 32728
65402 47360
65502 1148
65602 56830
65702 4568
65802 21416
65902 17811
66002 35402
66102 33269
66202 43503
66302 53595
66402 55510
66502 18153
66602 13240
66702 37247
66802 33348
66902 47022
67002 10588
67102 13875
67202 45021
67302 26578
67402 44343
67502 48468
67602 50096
67702 53595
67802 28699
67902 46779
68002 36626
68102 32509
68202 33355
68302 24534
68402 45760
68502 51262
68602 50841
68702 61902
68802 58760
68902 22182
69002 21439
69102 1276
69202 38843
69302 58837
69402 46983
69502 53478
69602 27802
69702 28843
69802 11748
69902 26241
70002 12878
70102 24330
70202 55475
70302 54234
70402 32140
70502 7302
70602 13652
70702 1601
70802 10613
70902 41294
71002 20544
71102 9256
71202 62525
71302 35774
71402 32682
71502 34000
71602 11140
71702 7737
71802 55672
71902 16096
72002 1060
72102 17314
72202 46755
72302 35618
72402 48623
72502 10753
72602 25809
72702 33448
72802 25596
72902 13560
73002 1836
73102 31894
73202 6916
73302 36326
73402 35078
73502 4731
73602 12671
73702 9408
73802 1059
73902 10857
74002 60750
74102 40578
74202 40664
74302 43447
74402 42910
74502 2155
74602 49808
74702 54346
74802 965
74902 11008
75002 42285
75102 51769
75202 3676
75302 10022
75402 63729
75502 58079
75602 46447
75702 5671
75802 4618
75902 48689
76002 8994
76102 3153
76202 2497
76302 11007
76402 29626
76502 480
76602 53987
76702 63844
76802 19045
76902 23362
77002 30234
77102 32249
77202 9816
77302 42733
77402 57962
77502 56348
77602 6611
77702 2882
77802 59100
77902 56497
78002 33195
78102 46785
78202 54930
78302 32852
78402 55913
78502 29712
78602 27776
78702 31585
78802 50647
78902 63522
79002 32780
79102 64774
79202 22875
79302 55004
79402 33778
79502 15753
79602 35097
79702 37429
79802 2983
79902 20085
80002 11330
80102 33516
80202 14772
80302 32279
80402 26979
80502 221
80602 55538
80702 11729
80802 47600
80902 47294
81002 16305
81102 62241
81202 38396
81302 38512
81402 9502
81502 14765
81602 52240
81702 3690
81802 35368
81902 55077
82002 36422
82102 50520
82202 37091
82302 6776
82402 36215
82502 17152
82602 49495
82702 52621
82802 54736
82902 20
83002 44157
83102 40760
83202 12212
83302 9181
83402 15849
83502 49800
83602 52812
83702 23758
83802 8672
83902 43776
84002 18946
84102 16259
84202 60386
84302 40218
84402 1538
84502 17971
84602 31410
84702 21175
84802 55203
84902 3058
85002 3328
85102 4506
85202 28554
85302 50409
85402 7195
85502 14042
85602 21617
85702 62244
85802 53125
85902 62360
86002 4453
86102 10959
86202 44115
86302 27893
86402 3532
86502 19008
86602 40808
86702 50845
86802 58908
86902 60651
87002 2837
87102 13233
87202 41717
87302 65179
87402 11940
87502 30853
87602 42825
87702 12373
87802 32852
87902 21615
88002 2624
88102 38003
88202 17626
88302 10595
88402 53651
88502 11391
88602 38139
88702 43557
88802 23705
88902 16526
89002 65391
89102 31243
89202 33968
89302 1288
89402 7377
89502 44096
89602 7142
89702 13177
89802 1675
89902 23425
90002 41229
90102 4661
