102 17969
202 30372
302 11080
402 38833
502 10955
602 37124
702 29034
802 11013
902 32701
1002 61923
1102 5244
1202 39026
1302 6454
1402 28113
1502 2504
1602 19187
1702 7014
1802 49681
1902 2910
2002 46376
2102 48336
2202 55077
2302 53329
2402 52407
2502 723
2602 23382
2702 7784
2802 53594
2902 26728
3002 4740
3102 51195
3202 9619
3302 19288
3402 364
3502 48202
3602 51046
3702 49125
3802 8895
3902 231
4002 52630
4102 18589
4202 9689
4302 63219
4402 18501
4502 14995
4602 23629
4702 23827
4802 53045
4902 54510
5002 2296
5102 44391
5202 56667
5302 59227
5402 27885
5502 55752
5602 50203
5702 48315
5802 15359
5902 47757
6002 38404
6102 21424
6202 63923
6302 62642
6402 30443
6502 21507
6602 27671
6702 56892
6802 22409
6902 47778
7002 51292
7102 33359
7202 65440
7302 17120
7402 27981
7502 8974
7602 13503
7702 47706
7802 31015
7902 1375
8002 2014
8102 35450
8202 24716
8302 41176
8402 43604
8502 3523
8602 43132
8702 14349
8802 18490
8902 55277
9002 17950
9102 39457
9202 1876
9302 37609
9402 53207
9502 15764
9602 27305
9702 11683
9802 42815
9902 39
10002 4460
10102 29766
10202 17921
10302 48219
10402 21230
10502 57281
10602 42372
10702 770
10802 47880
10902 34925
11002 17413
11102 48497
11202 15412
11302 65496
11402 56341
11502 60385
11602 55582
11702 18848
11802 9851
11902 8005
12002 39200
12102 23061
12202 4310
12302 8213
12402 16738
12502 34186
12602 33252
12702 65050
12802 47692
12902 52321
13002 5716
13102 44245
13202 35372
13302 27125
13402 54384
13502 62658
13602 64765
13702 194
13802 45635
13902 18970
14002 8794
14102 60132
14202 25111
14302 4866
14402 53393
14502 52109
14602 19007
14702 9160
14802 7961
14902 52429
15002 61048
15102 25770
15202 7310
15302 52862
15402 58704
15502 5015
15602 6549
15702 12466
15802 31088
15902 978
16002 20554
16102 57754
16202 46577
16302 41056
16402 55627
16502 9501
16602 62570
16702 17816
16802 50124
16902 52509
17002 62765
17102 6087
17202 61083
17302 13022
17402 44553
17502 8775
17602 38490
17702 41927
17802 13276
17902 46259
18002 1417
18102 40437
18202 5735
18302 43223
18402 63176
18502 6401
18602 36644
18702 25542
18802 52629
18902 5909
19002 10099
19102 61663
19202 45694
19302 52217
19402 10010
19502 63625
19602 22515
19702 45856
19802 30257
19902 60257
20002 23054
20102 19538
20202 32348
20302 48877
20402 2004
20502 57732
20602 63233
20702 51535
20802 44185
20902 43406
21002 22117
21102 17164
21202 51854
21302 37367
21402 15495
21502 804
21602 8109
21702 29781
21802 18653
21902 38806
22002 54823
22102 46353
22202 24630
22302 20557
22402 108
22502 36161
22602 30823
22702 53805
22802 45422
22902 12777
23002 55058
23102 61284
23202 52891
23302 17805
23402 35300
23502 11062
23602 58575
23702 64977
23802 15565
23902 953
24002 65515
24102 2810
24202 49844
24302 22068
24402 8923
24502 38394
24602 6457
24702 43830
24802 64464
24902 40853
25002 42605
25102 59285
25202 32400
25302 28466
25402 46545
25502 37265
25602 60394
25702 14851
25802 44551
25902 40942
26002 35115
26102 675
26202 42299
26302 11601
26402 60980
26502 42560
26602 11912
26702 11003
26802 35377
26902 31145
27002 32206
27102 38155
27202 9059
27302 27339
27402 52694
27502 14937
27602 57568
27702 4389
27802 23202
27902 38664
28002 24846
28102 13522
28202 53863
28302 8273
28402 29808
28502 31840
28602 24559
28702 33799
28802 32434
28902 50474
29002 43214
29102 53867
29202 40321
29302 52896
29402 52712
29502 19585
29602 7655
29702 36584
29802 52160
29902 15287
30002 52727
30102 16176
30202 27534
30302 45628
30402 46037
30502 32480
30602 13936
30702 22240
30802 32164
30902 47471
31002 22302
31102 38345
31202 1472
31302 50783
31402 10762
31502 45370
31602 35710
31702 13405
31802 27671
31902 29380
32002 61404
32102 2382
32202 13870
32302 52745
32402 37628
32502 21054
32602 10648
32702 15689
32802 19224
32902 1279
33002 15402
33102 43890
33202 12711
33302 10178
33402 43073
33502 40651
33602 61611
33702 33292
33802 43264
33902 58155
34002 25907
34102 30546
34202 23104
34302 11038
34402 16765
34502 63117
34602 51545
34702 9442
34802 46158
34902 27182
35002 54290
35102 35119
35202 52985
35302 14945
35402 59136
35502 24365
35602 52327
35702 30386
35802 43594
35902 17610
36002 49673
36102 45453
36202 63920
36302 57400
36402 45992
36502 42641
36602 49428
36702 38095
36802 23080
36902 48065
37002 7189
37102 12221
37202 14443
37302 2288
37402 39408
37502 27624
37602 41452
37702 35051
37802 38966
37902 43003
38002 19902
38102 42920
38202 16765
38302 53903
38402 13453
38502 7147
38602 17807
38702 13091
38802 25783
38902 9735
39002 7386
39102 12003
39202 60026
39302 45301
39402 26687
39502 15425
39602 54044
39702 24669
39802 23050
39902 44851
40002 27092
40102 6891
40202 62358
40302 37496
40402 13422
40502 18648
40602 26254
40702 40402
40802 55212
40902 5482
41002 56733
41102 1355
41202 24163
41302 41796
41402 40568
41502 46559
41602 38771
41702 14202
41802 26435
41902 42
42002 20257
42102 30919
42202 28282
42302 39746
42402 22162
42502 1405
42602 27842
42702 18939
42802 35456
42902 38659
43002 53997
43102 28412
43202 48271
43302 1063
43402 58587
43502 49701
43602 57988
43702 19988
43802 51247
43902 40116
44002 2467
44102 45131
44202 42917
44302 16243
44402 58618
44502 9960
44602 6128
44702 17435
44802 4832
44902 36338
45002 47934
45102 30409
45202 14615
45302 3204
45402 52256
45502 34554
45602 45707
45702 13827
45802 41547
45902 9271
46002 53940
46102 56574
46202 44006
46302 49541
46402 7667
46502 42516
46602 42719
46702 1564
46802 33840
46902 59126
47002 2988
47102 30352
47202 12395
47302 6561
47402 5730
47502 27907
47602 23399
47702 56405
47802 26606
47902 39216
48002 18556
48102 26378
48202 63657
48302 1817
48402 33762
48502 51525
48602 58752
48702 61714
48802 1977
48902 39816
49002 51475
49102 26647
49202 53067
49302 65016
49402 13535
49502 31621
49602 47467
49702 21887
49802 63120
49902 58737
50002 3234
50102 56196
50202 51199
50302 56089
50402 10905
50502 2359
50602 2060
50702 2505
50802 39070
50902 2259
51002 19694
51102 45277
51202 47505
51302 1449
51402 58732
51502 46508
51602 4422
51702 6654
51802 13535
51902 60514
52002 52237
52102 6404
52202 61887
52302 10342
52402 7941
52502 51216
52602 27855
52702 13049
52802 28647
52902 60296
53002 48638
53102 53824
53202 45584
53302 17673
53402 5736
53502 46144
53602 55503
53702 57536
53802 45561
53902 55341
54002 51799
54102 20718
54202 60880
54302 23291
54402 26936
54502 4341
54602 41644
54702 8239
54802 6680
54902 14760
55002 45147
55102 6612
55202 21676
55302 44551
55402 18883
55502 43251
55602 52834
55702 40343
55802 61420
55902 14808
56002 13765
56102 47359
56202 45099
56302 17736
56402 34700
56502 24134
56602 26227
56702 28174
56802 64158
56902 55376
57002 7389
57102 44158
57202 57152
57302 4992
57402 31831
57502 16083
57602 31112
57702 39337
57802 37263
57902 16393
58002 32056
58102 958
58202 60463
58302 59426
58402 51126
58502 141
58602 48439
58702 381
58802 52824
58902 32839
59002 27355
59102 37390
59202 670
59302 43646
59402 4990
59502 30604
59602 42899
59702 56032
59802 21957
59902 24111
60002 14411
60102 42940
60202 15239
60302 38561
60402 21024
60502 56642
60602 24360
60702 20524
60802 57089
60902 26191
61002 24683
61102 3383
61202 16975
61302 50690
61402 26453
61502 61420
61602 18530
61702 24269
61802 60363
61902 10138
62002 3219
62102 45170
62202 12817
62302 61162
62402 53120
62502 45969
62602 23723
62702 36358
62802 35754
62902 27231
63002 34075
63102 61562
63202 6555
63302 4873
63402 1365
63502 63704
63602 41867
63702 21732
63802 59693
63902 37368
64002 10877
64102 23382
64202 19068
64302 14442
64402 18796
64502 48206
64602 41062
64702 28418
64802 38006
64902 27518
65002 45412
65102 53335
65202 14749
65302 41887
65402 16172
65502 16856
65602 10728
65702 13664
65802 18061
65902 48206
66002 26199
66102 8140
66202 54959
66302 25415
66402 58931
66502 25939
66602 63872
66702 42048
66802 63775
66902 30731
67002 34890
67102 5530
67202 58037
67302 15886
67402 8231
67502 63461
67602 20878
67702 15139
67802 15038
67902 6346
68002 25852
68102 18956
68202 18091
68302 42671
68402 14617
68502 14310
68602 13822
68702 37679
68802 14445
68902 25948
69002 17618
69102 44155
69202 21998
69302 61297
69402 10447
69502 1754
69602 54013
69702 24642
69802 36833
69902 2349
70002 51849
70102 60002
70202 46158
70302 27556
70402 24864
70502 7729
70602 3251
70702 47305
70802 18838
70902 26234
71002 8505
71102 61970
71202 17745
71302 37145
71402 32063
71502 44705
71602 10221
71702 12312
71802 11372
71902 42221
72002 8545
72102 46846
72202 62800
72302 14421
72402 16756
72502 52624
72602 3084
72702 30224
72802 64538
72902 60448
73002 20901
73102 59302
73202 60392
73302 27011
73402 4402
73502 11587
73602 61291
73702 36830
73802 54523
73902 20028
74002 15119
74102 21005
74202 57191
74302 20782
74402 47152
74502 8682
74602 51198
74702 21150
74802 58844
74902 6666
75002 17912
75102 45059
75202 41935
75302 44534
75402 65381
75502 16120
75602 42650
75702 36309
75802 41938
75902 34080
76002 24745
76102 60811
76202 40831
76302 390
76402 56501
76502 11346
76602 3920
76702 62387
76802 64278
76902 7379
77002 57295
77102 39383
77202 53929
77302 10937
77402 62101
77502 54212
77602 16654
77702 35634
77802 3917
77902 10152
78002 31708
78102 2812
78202 56413
78302 39527
78402 41327
78502 34216
78602 6688
78702 33707
78802 54829
78902 60755
79002 13615
79102 217
79202 29995
79302 16367
79402 12414
79502 20766
79602 14591
79702 17341
79802 43045
79902 49964
80002 59645
80102 57488
80202 26156
80302 9325
80402 44060
80502 24146
80602 12360
80702 26699
80802 11489
80902 22547
81002 40890
81102 14269
81202 46482
81302 30198
81402 5282
81502 60747
81602 61400
81702 52672
81802 34928
81902 63098
82002 50386
82102 4634
82202 56831
82302 56351
82402 10623
82502 39532
82602 13572
82702 8069
82802 38795
82902 11761
83002 20755
83102 61584
83202 8186
83302 44940
83402 24851
83502 28045
83602 39618
83702 6253
83802 30913
83902 35794
84002 57924
84102 24482
84202 54442
84302 48690
84402 13931
84502 12806
84602 32357
84702 55024
84802 44629
84902 52570
85002 51438
85102 32699
85202 37562
85302 22253
85402 64379
85502 17151
85602 31445
85702 29837
85802 36536
85902 37016
86002 38302
86102 14767
86202 36890
86302 55425
86402 37985
86502 36201
86602 44486
86702 53949
86802 54393
86902 16623
87002 58962
87102 41067
87202 7170
87302 34266
87402 41427
87502 17180
87602 52295
87702 61206
87802 8738
87902 62832
88002 58541
88102 27299
88202 44566
88302 23247
88402 50407
88502 17988
88602 11265
88702 46842
88802 56964
88902 14206
89002 2459
89102 15151
89202 64519
89302 59417
89402 22284
89502 50502
89602 19634
89702 35588
89802 1270
89902 25606
90002 13841
90102 21018
90202 40818
