102 49460
202 1799
302 435
402 55121
502 309
602 38407
702 215
802 41479
902 23701
1002 44609
1102 13651
1202 62335
1302 5058
1402 44840
1502 30431
1602 45469
1702 31553
1802 1051
1902 1934
2002 12449
2102 51349
2202 61169
2302 5779
2402 31814
2502 14861
2602 47480
2702 2868
2802 4365
2902 38050
3002 6296
3102 6856
3202 14143
3302 6695
3402 8534
3502 42300
3602 44506
3702 27574
3802 47519
3902 22091
4002 19411
4102 50277
4202 2390
4302 8031
4402 2906
4502 38201
4602 44866
4702 50336
4802 31565
4902 61574
5002 43061
5102 10331
5202 27234
5302 22691
5402 7285
5502 62403
5602 45453
5702 48877
5802 40703
5902 11987
6002 53018
6102 7005
6202 2863
6302 54272
6402 2310
6502 36717
6602 30561
6702 40398
6802 21949
6902 39448
7002 28270
7102 37706
7202 54585
7302 36451
7402 50884
7502 35292
7602 44059
7702 29204
7802 51508
7902 41581
8002 56964
8102 47066
8202 23145
8302 3709
8402 38388
8502 15444
8602 54599
8702 16635
8802 9716
8902 36791
9002 34664
9102 21002
9202 8645
9302 58295
9402 22405
9502 28785
9602 19999
9702 27233
9802 2450
9902 5061
10002 18969
10102 51990
10202 63195
10302 54632
10402 59266
10502 41478
10602 37451
10702 46820
10802 9492
10902 28590
11002 40040
11102 9340
11202 25827
11302 6786
11402 11119
11502 48505
11602 37592
11702 37645
11802 19441
11902 50587
12002 58143
12102 7374
12202 34268
12302 19640
12402 12261
12502 60236
12602 17100
12702 42294
12802 35766
12902 14696
13002 30157
13102 45714
13202 1701
13302 24216
13402 49370
13502 35842
13602 17966
13702 41585
13802 23988
13902 65281
14002 36465
14102 31698
14202 5598
14302 58835
14402 59262
14502 64794
14602 45992
14702 47343
14802 60905
14902 36842
15002 49231
15102 48268
15202 14676
15302 22323
15402 26687
15502 45712
15602 22405
15702 29788
15802 27768
15902 58998
16002 24261
16102 21345
16202 5072
16302 25926
16402 8604
16502 822
16602 5816
16702 6682
16802 59338
16902 46844
17002 1693
17102 33009
17202 7971
17302 25207
17402 19104
17502 43867
17602 42588
17702 60822
17802 13940
17902 44817
18002 20354
18102 54000
18202 27519
18302 46220
18402 53854
18502 60784
18602 53296
18702 58599
18802 18597
18902 63303
19002 29912
19102 12105
19202 54504
19302 48101
19402 10595
19502 65282
19602 34914
19702 31632
19802 4299
19902 14657
20002 21408
20102 18236
20202 3919
20302 62554
20402 32353
20502 43218
20602 21346
20702 27692
20802 27318
20902 60264
21002 36836
21102 53837
21202 55361
21302 46026
21402 18000
21502 64087
21602 16607
21702 56460
21802 28245
21902 64820
22002 37655
22102 53432
22202 18347
22302 52787
22402 19210
22502 59824
22602 10743
22702 61013
22802 60781
22902 34688
23002 27571
23102 57623
23202 64678
23302 23234
23402 44627
23502 53203
23602 57395
23702 42701
23802 35977
23902 23383
24002 43104
24102 60974
24202 40305
24302 9513
24402 58334
24502 23115
24602 35599
24702 11406
24802 51799
24902 34215
25002 16974
25102 35409
25202 9642
25302 53016
25402 22568
25502 40726
25602 44993
25702 56824
25802 13157
25902 6802
26002 22084
26102 5385
26202 28524
26302 42212
26402 34614
26502 7168
26602 6199
26702 64450
26802 40738
26902 5863
27002 43879
27102 54633
27202 39033
27302 47085
27402 45430
27502 7790
27602 14845
27702 7287
27802 45677
27902 2745
28002 34416
28102 62119
28202 61953
28302 33769
28402 26783
28502 21634
28602 33946
28702 23353
28802 29507
28902 41522
29002 65319
29102 37832
29202 51325
29302 37112
29402 5144
29502 5558
29602 63962
29702 32435
29802 1536
29902 61272
30002 41353
30102 61739
30202 51680
30302 14602
30402 55889
30502 47595
30602 16503
30702 8883
30802 28131
30902 47017
31002 63643
31102 58021
31202 15256
31302 15644
31402 40445
31502 33310
31602 6515
31702 61186
31802 9360
31902 25817
32002 31327
32102 62659
32202 58394
32302 24596
32402 21566
32502 18540
32602 33331
32702 57174
32802 56077
32902 9984
33002 34647
33102 50884
33202 16581
33302 54283
33402 62730
33502 39011
33602 55390
33702 11695
33802 5620
33902 20883
34002 8414
34102 63771
34202 65282
34302 3777
34402 1602
34502 36553
34602 56553
34702 1271
34802 19611
34902 49242
35002 32820
35102 30494
35202 41079
35302 21738
35402 30453
35502 15720
35602 8104
35702 20563
35802 26
35902 1254
36002 60016
36102 36863
36202 41179
36302 46173
36402 55151
36502 36426
36602 45699
36702 61899
36802 21513
36902 31111
37002 50717
37102 13781
37202 27301
37302 65030
37402 242
37502 19404
37602 32481
37702 28849
37802 63643
37902 20898
38002 54951
38102 57620
38202 13419
38302 19859
38402 55280
38502 30592
38602 31871
38702 62459
38802 19173
38902 39919
39002 24764
39102 16909
39202 37570
39302 33923
39402 61141
39502 6110
39602 4748
39702 64060
39802 35883
39902 56843
40002 17398
40102 55636
40202 12779
40302 49180
40402 56582
40502 22445
40602 62670
40702 13010
40802 51971
40902 1245
41002 33722
41102 10487
41202 34836
41302 64975
41402 44842
41502 52364
41602 19677
41702 3031
41802 33519
41902 47701
42002 3525
42102 26306
42202 63928
42302 55480
42402 4009
42502 54417
42602 63069
42702 14518
42802 9194
42902 64901
43002 24425
43102 13538
43202 52326
43302 18780
43402 6474
43502 50409
43602 55777
43702 54814
43802 59958
43902 45877
44002 56458
44102 24677
44202 42638
44302 63387
44402 17893
44502 14230
44602 58020
44702 62534
44802 29679
44902 59678
45002 42159
45102 56513
45202 12764
45302 17489
45402 23508
45502 3713
45602 44531
45702 2553
45802 22412
45902 55800
46002 35967
46102 29316
46202 59193
46302 53579
46402 34102
46502 5960
46602 32353
46702 41310
46802 17023
46902 58672
47002 26
47102 43060
47202 13706
47302 43237
47402 51943
47502 29964
47602 12553
47702 28689
47802 39024
47902 5020
48002 33849
48102 30736
48202 44899
48302 11170
48402 62120
48502 30804
48602 32692
48702 7618
48802 8544
48902 27780
49002 44151
49102 49070
49202 7299
49302 32416
49402 14252
49502 8325
49602 18550
49702 43622
49802 27272
49902 3447
50002 35804
50102 30454
50202 5628
50302 31732
50402 49017
50502 56451
50602 42705
50702 42898
50802 51055
50902 48063
51002 61785
51102 32435
51202 40609
51302 62441
51402 50701
51502 11446
51602 60795
51702 16784
51802 40017
51902 62402
52002 50238
52102 44026
52202 14215
52302 21489
52402 55625
52502 6142
52602 33610
52702 24474
52802 57607
52902 39711
53002 32646
53102 18987
53202 39433
53302 52852
53402 55561
53502 18825
53602 14448
53702 32213
53802 43997
53902 21150
54002 29620
54102 46753
54202 60513
54302 28556
54402 483
54502 65248
54602 31180
54702 40647
54802 63765
54902 65427
55002 4982
55102 17779
55202 33587
55302 1555
55402 44161
55502 53861
55602 29202
55702 23116
55802 17454
55902 45871
56002 29084
56102 33290
56202 58839
56302 62868
56402 55737
56502 39023
56602 61019
56702 65143
56802 45604
56902 22415
57002 26814
57102 6663
57202 12212
57302 13592
57402 15525
57502 22204
57602 17964
57702 8222
57802 49867
57902 31318
58002 55703
58102 37628
58202 14150
58302 37391
58402 38975
58502 38361
58602 58046
58702 48127
58802 14172
58902 50669
59002 60948
59102 48010
59202 28411
59302 42125
59402 39328
59502 10081
59602 14917
59702 1008
59802 43025
59902 13644
60002 52318
60102 19708
60202 28377
60302 24967
60402 23476
60502 44113
60602 29691
60702 6953
60802 65493
60902 8764
61002 36653
61102 53660
61202 59355
61302 38955
61402 5906
61502 6291
61602 26155
61702 44515
61802 12834
61902 51520
62002 25182
62102 13597
62202 27151
62302 55526
62402 40690
62502 40897
62602 44967
62702 20050
62802 17287
62902 44150
63002 48499
63102 23637
63202 29425
63302 39556
63402 10635
63502 24613
63602 2667
63702 20215
63802 56347
63902 61073
64002 42977
64102 52103
64202 50614
64302 40074
64402 1731
64502 28442
64602 11220
64702 9350
64802 48334
64902 46567
65002 54918
65102 23341
65202 26425
65302 39060
65402 13533
65502 33831
65602 8657
65702 1721
65802 48505
65902 48516
66002 3236
66102 15560
66202 49558
66302 28644
66402 23689
66502 24621
66602 19335
66702 45789
66802 50540
66902 41654
67002 12224
67102 45229
67202 5411
67302 28441
67402 45740
67502 52403
67602 31369
67702 45026
67802 51057
67902 1474
68002 13999
68102 15633
68202 43450
68302 3723
68402 24880
68502 34237
68602 26303
68702 42686
68802 17422
68902 38956
69002 824
69102 51289
69202 10205
69302 43597
69402 53635
69502 32593
69602 42555
69702 33373
69802 31825
69902 50915
70002 58265
70102 38053
70202 11603
70302 38528
70402 9245
70502 47392
70602 61775
70702 43799
70802 47314
70902 37438
71002 16671
71102 43877
71202 4801
71302 44902
71402 34307
71502 22287
71602 16345
71702 36886
71802 20393
71902 26360
72002 58882
72102 1623
72202 23119
72302 26507
72402 39222
72502 43065
72602 3176
72702 41051
72802 43935
72902 2052
73002 9824
73102 47339
73202 54490
73302 22638
73402 46159
73502 21363
73602 51695
73702 57899
73802 790
73902 51212
74002 5314
74102 13960
74202 9034
74302 8971
74402 35508
74502 21700
74602 41347
74702 21221
74802 4058
74902 9426
75002 42714
75102 60537
75202 60615
75302 2272
75402 30950
75502 28673
75602 2834
75702 3035
75802 61117
75902 7906
76002 21346
76102 52531
76202 20836
76302 7010
76402 36457
76502 32143
76602 31987
76702 48777
76802 56278
76902 24178
77002 27594
77102 16710
77202 28014
77302 26060
77402 54150
77502 53993
77602 19072
77702 38039
77802 5885
77902 33250
78002 60582
78102 50756
78202 42944
78302 3640
78402 49999
78502 20621
78602 58332
78702 40697
78802 8435
78902 10835
79002 26694
79102 27940
79202 54685
79302 21094
79402 8950
79502 30797
79602 64571
79702 26164
79802 46001
79902 21181
80002 30888
80102 45615
80202 42160
80302 2439
80402 13079
80502 20849
80602 47097
80702 44769
80802 18989
80902 37930
81002 11163
81102 39002
81202 19420
81302 17126
81402 50495
81502 15087
81602 56688
81702 32267
81802 58329
81902 50809
82002 17714
82102 39585
82202 10282
82302 22533
82402 40762
82502 4301
82602 25414
82702 35601
82802 63771
82902 40826
83002 12226
83102 61043
83202 15926
83302 21819
83402 42661
83502 6858
83602 63610
83702 42358
83802 21527
83902 62749
84002 18090
84102 40480
84202 22912
84302 60005
84402 9358
84502 57395
84602 42576
84702 8083
84802 40485
84902 12596
85002 28547
85102 14509
85202 60531
85302 53449
85402 7148
85502 26666
85602 43299
85702 44812
85802 21389
85902 2046
86002 16469
86102 9899
86202 2440
86302 39969
86402 36586
86502 26935
86602 10537
86702 64926
86802 1741
86902 56392
87002 55988
87102 7733
87202 7875
87302 33085
87402 21536
87502 16840
87602 26549
87702 61814
87802 51464
87902 51405
88002 20093
88102 50378
88202 27677
88302 28744
88402 63239
88502 25962
88602 12219
88702 5536
88802 21437
88902 30455
89002 53576
89102 53371
89202 39118
89302 9209
89402 52145
89502 41799
89602 8092
89702 54996
89802 17340
89902 34950
90002 2180
90102 28522
