102 40958
202 19988
302 44686
402 7014
502 10023
602 13572
702 4395
802 20339
902 54487
1002 25910
1102 28570
1202 24471
1302 1676
1402 21304
1502 33140
1602 25125
1702 40346
1802 21696
1902 54084
2002 24814
2102 14239
2202 4308
2302 28400
2402 37215
2502 4850
2602 41881
2702 55692
2802 55938
2902 39694
3002 56478
3102 15399
3202 35130
3302 27684
3402 62217
3502 8423
3602 8674
3702 17879
3802 29290
3902 61428
4002 63281
4102 28700
4202 2008
4302 10268
4402 22027
4502 40342
4602 62509
4702 19720
4802 46211
4902 26139
5002 15622
5102 19362
5202 31492
5302 30447
5402 38479
5502 24953
5602 16892
5702 23342
5802 64999
5902 25125
6002 51239
6102 27310
6202 7243
6302 55584
6402 52726
6502 7050
6602 9871
6702 9212
6802 6733
6902 10942
7002 43517
7102 43617
7202 27915
7302 5979
7402 39286
7502 21706
7602 54571
7702 30631
7802 25954
7902 52385
8002 16207
8102 9554
8202 44250
8302 47061
8402 46151
8502 56677
8602 49897
8702 53745
8802 11043
8902 37650
9002 38874
9102 833
9202 42325
9302 43999
9402 44464
9502 12036
9602 1030
9702 24822
9802 5915
9902 49731
10002 14654
10102 36379
10202 54136
10302 60553
10402 13522
10502 22249
10602 47654
10702 6453
10802 37606
10902 45383
11002 16882
11102 4647
11202 57993
11302 15776
11402 50419
11502 57271
11602 14355
11702 43184
11802 9661
11902 12853
12002 661
12102 47366
12202 64859
12302 13250
12402 40504
12502 1845
12602 49276
12702 14788
12802 11556
12902 52829
13002 60150
13102 38372
13202 52003
13302 7747
13402 57891
13502 29304
13602 28092
13702 39337
13802 41366
13902 13931
14002 39909
14102 40527
14202 3983
14302 1827
14402 13081
14502 46963
14602 56763
14702 16174
14802 34556
14902 52284
15002 20518
15102 59801
15202 19842
15302 17248
15402 22520
15502 55626
15602 22842
15702 15156
15802 63699
15902 2918
16002 9610
16102 72
16202 39256
16302 16230
16402 42786
16502 19434
16602 33359
16702 2462
16802 39805
16902 14092
17002 33526
17102 41143
17202 54763
17302 60594
17402 38639
17502 37792
17602 49754
17702 40387
17802 62561
17902 4693
18002 10766
18102 25469
18202 4009
18302 49424
18402 42109
18502 813
18602 26054
18702 60029
18802 45355
18902 2050
19002 25898
19102 33480
19202 7969
19302 20576
19402 28238
19502 823
19602 45899
19702 43310
19802 20952
19902 38517
20002 6444
20102 38885
20202 60043
20302 17795
20402 7605
20502 16642
20602 9939
20702 63842
20802 61619
20902 18864
21002 48278
21102 48690
21202 28193
21302 46610
21402 16592
21502 56275
21602 43742
21702 9548
21802 33930
21902 59931
22002 24446
22102 38342
22202 50381
22302 43645
22402 55356
22502 10785
22602 14633
22702 46859
22802 5395
22902 25853
23002 7860
23102 2053
23202 59449
23302 11904
23402 54756
23502 13719
23602 58403
23702 17207
23802 34976
23902 43117
24002 6334
24102 57509
24202 20890
24302 32465
24402 31311
24502 4505
24602 42872
24702 60760
24802 8156
24902 9278
25002 45296
25102 14366
25202 62151
25302 3475
25402 37891
25502 45401
25602 44811
25702 42325
25802 20915
25902 57384
26002 18162
26102 50805
26202 65177
26302 54296
26402 18545
26502 54847
26602 1274
26702 62708
26802 27478
26902 9464
27002 13438
27102 48201
27202 4122
27302 58477
27402 30845
27502 1592
27602 2147
27702 17825
27802 28311
27902 57550
28002 42130
28102 55382
28202 31594
28302 65528
28402 60699
28502 8988
28602 65359
28702 64742
28802 45344
28902 2143
29002 26074
29102 34068
29202 47939
29302 37204
29402 40323
29502 30925
29602 26354
29702 34919
29802 35011
29902 47824
30002 23295
30102 43004
30202 48327
30302 52846
30402 52400
30502 443
30602 43625
30702 58473
30802 1236
30902 12550
31002 38887
31102 47775
31202 64794
31302 32322
31402 50059
31502 9786
31602 34722
31702 8589
31802 58391
31902 28539
32002 1980
32102 16774
32202 59645
32302 61305
32402 61118
32502 61921
32602 12824
32702 42812
32802 47865
32902 28236
33002 61753
33102 12911
33202 10787
33302 53580
33402 36169
33502 27230
33602 25318
33702 34252
33802 34578
33902 59082
34002 7992
34102 3447
34202 52063
34302 61868
34402 25690
34502 64336
34602 6156
34702 2862
34802 43374
34902 46621
35002 64506
35102 63452
35202 35762
35302 55667
35402 51442
35502 65176
35602 5399
35702 24789
35802 53213
35902 7222
36002 4612
36102 18795
36202 18356
36302 57332
36402 14794
36502 47546
36602 49845
36702 15930
36802 49911
36902 15592
37002 59204
37102 44045
37202 60691
37302 63627
37402 5815
37502 54052
37602 14298
37702 7424
37802 60020
37902 36774
38002 35401
38102 5548
38202 65449
38302 28006
38402 36193
38502 51849
38602 26699
38702 714
38802 9483
38902 10533
39002 54525
39102 63014
39202 40244
39302 16996
39402 27607
39502 23339
39602 12372
39702 34071
39802 37771
39902 9150
40002 56443
40102 4560
40202 35016
40302 90
40402 51039
40502 11780
40602 2296
40702 46447
40802 47930
40902 58766
41002 36901
41102 45546
41202 23303
41302 47670
41402 60539
41502 1921
41602 52574
41702 48820
41802 10501
41902 25127
42002 54826
42102 3639
42202 2350
42302 6536
42402 855
42502 3519
42602 12742
42702 59075
42802 54246
42902 60739
43002 64320
43102 28010
43202 33726
43302 49670
43402 9367
43502 54299
43602 24723
43702 44718
43802 46118
43902 43791
44002 17753
44102 3799
44202 43642
44302 48048
44402 16608
44502 29834
44602 30828
44702 24508
44802 10259
44902 9630
45002 46351
45102 12769
45202 2158
45302 49402
45402 61883
45502 19565
45602 36474
45702 34121
45802 31368
45902 24852
46002 18157
46102 3785
46202 60007
46302 50
46402 38646
46502 6516
46602 46869
46702 36047
46802 46901
46902 54500
47002 39465
47102 50574
47202 44375
47302 62231
47402 12795
47502 39859
47602 61798
47702 27989
47802 6908
47902 48132
48002 48108
48102 49603
48202 32823
48302 4455
48402 51806
48502 62235
48602 55055
48702 63077
48802 35567
48902 48674
49002 59248
49102 14659
49202 56545
49302 34833
49402 35414
49502 33557
49602 43770
49702 59579
49802 1202
49902 34305
50002 17675
50102 3722
50202 52612
50302 39753
50402 26494
50502 59205
50602 64013
50702 36264
50802 59155
50902 48209
51002 4091
51102 48269
51202 15739
51302 15829
51402 52007
51502 11784
51602 2303
51702 23733
51802 48620
51902 5281
52002 26959
52102 13738
52202 6999
52302 25051
52402 53962
52502 22173
52602 6657
52702 7118
52802 64493
52902 52078
53002 23880
53102 38225
53202 417
53302 62914
53402 22720
53502 28359
53602 48610
53702 17437
53802 32149
53902 32385
54002 35210
54102 27756
54202 27355
54302 47957
54402 10407
54502 4547
54602 46203
54702 35514
54802 15576
54902 18861
55002 5779
55102 11682
55202 4551
55302 7533
55402 16729
55502 28843
55602 7506
55702 23651
55802 29149
55902 50847
56002 4716
56102 21358
56202 63300
56302 26908
56402 32133
56502 50311
56602 5565
56702 2617
56802 41326
56902 24080
57002 21417
57102 20178
57202 50063
57302 5749
57402 49536
57502 865
57602 50837
57702 1755
57802 24250
57902 29731
58002 11380
58102 50270
58202 29755
58302 59525
58402 45468
58502 35389
58602 13932
58702 47111
58802 10097
58902 3502
59002 16464
59102 47850
59202 51962
59302 25508
59402 30824
59502 63978
59602 32036
59702 12788
59802 27960
59902 49671
60002 42473
60102 329
60202 43261
60302 41468
60402 4128
60502 6002
60602 4758
60702 64946
60802 56475
60902 51428
61002 19667
61102 58621
61202 60118
61302 36690
61402 20586
61502 11952
61602 30329
61702 26314
61802 26230
61902 54474
62002 60080
62102 65064
62202 56459
62302 10902
62402 59439
62502 18525
62602 37120
62702 20768
62802 53471
62902 2457
63002 997
63102 18629
63202 14673
63302 29601
63402 52346
63502 14780
63602 54332
63702 61904
63802 52981
63902 52258
64002 54098
64102 61425
64202 56864
64302 12029
64402 39012
64502 37225
64602 12571
64702 22070
64802 49609
64902 24659
65002 59372
65102 10024
65202 64221
65302 24724
65402 61403
65502 15975
65602 59442
65702 26108
65802 47646
65902 52594
66002 59684
66102 43848
66202 52985
66302 58540
66402 25590
66502 3532
66602 59701
66702 28767
66802 20477
66902 10860
67002 51515
67102 41857
67202 56429
67302 45407
67402 49867
67502 28787
67602 24992
67702 38530
67802 19386
67902 43096
68002 46365
68102 25792
68202 37731
68302 64146
68402 53358
68502 48365
68602 42128
68702 34852
68802 5170
68902 14608
69002 16283
69102 25013
69202 30512
69302 41647
69402 56275
69502 18127
69602 43856
69702 20453
69802 12341
69902 28588
70002 42174
70102 29578
70202 10156
70302 62259
70402 40620
70502 62215
70602 22063
70702 20727
70802 48105
70902 20545
71002 387
71102 23683
71202 40722
71302 10072
71402 61346
71502 56032
71602 11610
71702 14909
71802 10238
71902 40036
72002 49004
72102 48436
72202 11934
72302 60111
72402 42332
72502 14265
72602 13523
72702 29290
72802 44721
72902 10588
73002 61599
73102 16723
73202 13838
73302 50515
73402 34102
73502 10135
73602 19108
73702 28463
73802 36538
73902 48958
74002 29582
74102 45518
74202 57778
74302 34670
74402 48891
74502 1772
74602 46995
74702 47083
74802 40337
74902 41163
75002 34986
75102 31840
75202 56214
75302 11549
75402 29263
75502 54311
75602 28944
75702 61903
75802 29735
75902 64784
76002 29290
76102 39474
76202 8408
76302 26728
76402 35990
76502 6918
76602 48989
76702 10611
76802 52876
76902 33141
77002 38384
77102 18194
77202 4653
77302 47314
77402 31328
77502 31648
77602 45911
77702 1337
77802 12155
77902 4763
78002 39875
78102 51246
78202 54905
78302 17186
78402 11474
78502 57017
78602 30566
78702 24848
78802 15988
78902 32831
79002 4031
79102 43766
79202 58379
79302 55875
79402 47249
79502 48429
79602 27134
79702 50735
79802 43352
79902 44667
80002 28343
80102 6859
80202 9994
80302 4968
80402 46138
80502 12812
80602 18940
80702 53024
80802 28185
80902 61033
81002 24763
81102 356
81202 17025
81302 55527
81402 31102
81502 34356
81602 16753
81702 65151
81802 25529
81902 54705
82002 34263
82102 22405
82202 39228
82302 28103
82402 58223
82502 52246
82602 49808
82702 19241
82802 46438
82902 25526
83002 24988
83102 410
83202 12264
83302 58204
83402 9533
83502 14840
83602 38772
83702 43829
83802 45849
83902 29431
84002 28932
84102 47460
84202 1777
84302 33982
84402 35843
84502 23425
84602 39304
84702 16032
84802 2712
84902 64909
85002 20357
85102 38467
85202 53016
85302 21435
85402 33979
85502 55481
85602 38941
85702 34782
85802 16844
85902 54020
86002 818
86102 34413
86202 35606
86302 43749
86402 50267
86502 16410
86602 35713
86702 38278
86802 5967
86902 6586
87002 60052
87102 34941
87202 36186
87302 29373
87402 51369
87502 46609
87602 45239
87702 58228
87802 38096
87902 20219
88002 20817
88102 9393
88202 18652
88302 54694
88402 7739
88502 42870
88602 47273
88702 12295
88802 51914
88902 5008
89002 64880
89102 39073
89202 23687
89302 52757
89402 55982
89502 44533
89602 47988
89702 54136
89802 25874
89902 56399
90002 15738
90102 9389
