102 46642
202 60082
302 35832
402 21169
502 36166
602 13719
702 46454
802 31379
902 22432
1002 40206
1102 38623
1202 35132
1302 27721
1402 12982
1502 47512
1602 27688
1702 30653
1802 61899
1902 56978
2002 22611
2102 39092
2202 13934
2302 24622
2402 35922
2502 59225
2602 15296
2702 57981
2802 4780
2902 40247
3002 30240
3102 50842
3202 39000
3302 27835
3402 9267
3502 9065
3602 43730
3702 21770
3802 9419
3902 53585
4002 19765
4102 50999
4202 23049
4302 55708
4402 16405
4502 16839
4602 22265
4702 63573
4802 28646
4902 49979
5002 38034
5102 46223
5202 62491
5302 57908
5402 59133
5502 14111
5602 10279
5702 62794
5802 12334
5902 33776
6002 14399
6102 12730
6202 26401
6302 60430
6402 62168
6502 56341
6602 41235
6702 64784
6802 21512
6902 25287
7002 24412
7102 64119
7202 56135
7302 56534
7402 50890
7502 17159
7602 49879
7702 53347
7802 53924
7902 36510
8002 51732
8102 64574
8202 57677
8302 3983
8402 21850
8502 26459
8602 51873
8702 47348
8802 2050
8902 64258
9002 8628
9102 53238
9202 5840
9302 35085
9402 20994
9502 34757
9602 50207
9702 43672
9802 13159
9902 24078
10002 8462
10102 58796
10202 46179
10302 26818
10402 55863
10502 61019
10602 12877
10702 13029
10802 38032
10902 33746
11002 31198
11102 21011
11202 13134
11302 21674
11402 62053
11502 65391
11602 55676
11702 2442
11802 59049
11902 27298
12002 9556
12102 24217
12202 9477
12302 49311
12402 23008
12502 9970
12602 58616
12702 49623
12802 54229
12902 13955
13002 54805
13102 29673
13202 52100
13302 37608
13402 29813
13502 33031
13602 49970
13702 50483
13802 11294
13902 32216
14002 20816
14102 19666
14202 28743
14302 35012
14402 40111
14502 48231
14602 23250
14702 29672
14802 8830
14902 49919
15002 54677
15102 60871
15202 7831
15302 46738
15402 49513
15502 491
15602 5327
15702 24458
15802 21029
15902 41089
16002 8675
16102 4179
16202 22391
16302 55489
16402 42586
16502 12030
16602 35034
16702 16500
16802 51327
16902 34004
17002 50165
17102 14182
17202 60850
17302 54354
17402 25821
17502 43303
17602 6372
17702 42248
17802 28943
17902 52430
18002 29707
18102 62497
18202 29172
18302 24057
18402 53840
18502 16328
18602 32235
18702 1061
18802 25397
18902 63031
19002 6684
19102 48766
19202 59972
19302 63901
19402 30984
19502 31277
19602 32254
19702 38944
19802 29480
19902 22587
20002 48262
20102 21159
20202 40802
20302 41528
20402 62476
20502 17915
20602 57501
20702 11352
20802 43657
20902 38409
21002 1270
21102 22487
21202 59140
21302 30871
21402 12748
21502 17609
21602 44108
21702 64057
21802 1047
21902 37569
22002 38593
22102 46467
22202 61558
22302 54068
22402 26768
22502 32512
22602 27049
22702 155
22802 1609
22902 23988
23002 36898
23102 27715
23202 25769
23302 31939
23402 14674
23502 1770
23602 487
23702 53624
23802 37745
23902 5735
24002 30951
24102 28659
24202 41130
24302 41176
24402 12157
24502 20493
24602 19288
24702 46006
24802 33972
24902 5652
25002 60202
25102 5335
25202 44926
25302 26666
25402 4705
25502 53253
25602 61474
25702 19121
25802 63423
25902 15779
26002 30872
26102 20501
26202 46898
26302 43381
26402 58851
26502 48806
26602 12436
26702 35039
26802 48823
26902 44697
27002 49039
27102 64453
27202 22162
27302 41067
27402 63157
27502 6890
27602 13475
27702 46139
27802 36031
27902 5525
28002 52556
28102 59620
28202 17438
28302 49902
28402 52853
28502 58616
28602 7420
28702 64877
28802 55561
28902 4192
29002 59134
29102 62561
29202 21590
29302 34645
29402 47034
29502 1111
29602 16825
29702 58470
29802 18751
29902 19094
30002 25727
30102 48769
30202 19854
30302 24655
30402 52462
30502 49690
30602 45479
30702 11553
30802 19380
30902 19934
31002 1600
31102 63014
31202 12340
31302 29274
31402 29963
31502 39459
31602 56653
31702 61772
31802 33201
31902 49564
32002 31004
32102 58254
32202 38973
32302 28598
32402 59022
32502 56056
32602 21297
32702 13634
32802 62886
32902 36805
33002 16166
33102 27491
33202 43143
33302 60473
33402 51125
33502 18042
33602 65089
33702 43799
33802 34732
33902 63767
34002 32485
34102 466
34202 29858
34302 20024
34402 44109
34502 31425
34602 62976
34702 55269
34802 44599
34902 50726
35002 6485
35102 55278
35202 46074
35302 27203
35402 63400
35502 22171
35602 28410
35702 4146
35802 36449
35902 32513
36002 49912
36102 29533
36202 58958
36302 1062
36402 52538
36502 60402
36602 63837
36702 63059
36802 19536
36902 41238
37002 34223
37102 15415
37202 39274
37302 20823
37402 61052
37502 28029
37602 65298
37702 24941
37802 16251
37902 7341
38002 32836
38102 27216
38202 55818
38302 48826
38402 40084
38502 17584
38602 56680
38702 22339
38802 19475
38902 49961
39002 43975
39102 26621
39202 28694
39302 34395
39402 61344
39502 50248
39602 25305
39702 57093
39802 64620
39902 17832
40002 28821
40102 10625
40202 4386
40302 39802
40402 15501
40502 14747
40602 58209
40702 17833
40802 9943
40902 13620
41002 37270
41102 2139
41202 14845
41302 61735
41402 28142
41502 21222
41602 31459
41702 51902
41802 63987
41902 44064
42002 10032
42102 24610
42202 50910
42302 39319
42402 12412
42502 62725
42602 49583
42702 27211
42802 15354
42902 28433
43002 7545
43102 41558
43202 15104
43302 36626
43402 33987
43502 38945
43602 7806
43702 2776
43802 53162
43902 4756
44002 20832
44102 46460
44202 12273
44302 23955
44402 57163
44502 45472
44602 5454
44702 11424
44802 8192
44902 53350
45002 5104
45102 13445
45202 60464
45302 41998
45402 31490
45502 35421
45602 26074
45702 57492
45802 31906
45902 45352
46002 35153
46102 27892
46202 15377
46302 8662
46402 9703
46502 41577
46602 21731
46702 45610
46802 59620
46902 11697
47002 20855
47102 41226
47202 23605
47302 12225
47402 7994
47502 10960
47602 2406
47702 13210
47802 18792
47902 33852
48002 42235
48102 47738
48202 39278
48302 29974
48402 1344
48502 45637
48602 9960
48702 4320
48802 57967
48902 18893
49002 4006
49102 65253
49202 16447
49302 8106
49402 17854
49502 19615
49602 18406
49702 39355
49802 44662
49902 25964
50002 56272
50102 37825
50202 27539
50302 48020
50402 21501
50502 34013
50602 7937
50702 8991
50802 36532
50902 6665
51002 47617
51102 19616
51202 44052
51302 36453
51402 37327
51502 16633
51602 9852
51702 31239
51802 10912
51902 21912
52002 51699
52102 62264
52202 30431
52302 16244
52402 4548
52502 58307
52602 26832
52702 28095
52802 33205
52902 48007
53002 14293
53102 44508
53202 47986
53302 50333
53402 448
53502 37707
53602 31263
53702 54538
53802 51089
53902 7955
54002 4354
54102 32026
54202 44245
54302 41123
54402 34971
54502 63420
54602 22644
54702 30948
54802 15859
54902 16151
55002 50335
55102 29598
55202 51403
55302 30979
55402 20256
55502 51130
55602 29312
55702 8296
55802 33060
55902 25908
56002 52929
56102 53450
56202 44332
56302 18158
56402 51163
56502 45371
56602 40471
56702 30742
56802 24555
56902 64067
57002 54447
57102 48702
57202 23610
57302 36595
57402 31718
57502 11518
57602 56551
57702 33837
57802 59181
57902 60454
58002 226
58102 30439
58202 65471
58302 29463
58402 28440
58502 24866
58602 15439
58702 29158
58802 42798
58902 42888
59002 57156
59102 58142
59202 43041
59302 27816
59402 63094
59502 21268
59602 15188
59702 63296
59802 785
59902 7248
60002 37793
60102 64833
60202 34651
60302 38473
60402 63381
60502 17980
60602 65323
60702 44680
60802 40251
60902 30126
61002 20726
61102 35984
61202 64134
61302 55834
61402 15601
61502 43962
61602 32604
61702 41372
61802 38286
61902 55430
62002 19069
62102 49490
62202 32859
62302 30496
62402 6333
62502 13293
62602 64386
62702 51975
62802 63663
62902 12988
63002 64358
63102 56503
63202 59845
63302 1779
63402 23075
63502 57740
63602 9944
63702 27164
63802 22290
63902 45706
64002 5864
64102 30034
64202 54326
64302 11750
64402 45692
64502 60528
64602 2093
64702 4899
64802 31263
64902 26096
65002 46435
65102 2461
65202 2609
65302 17818
65402 3211
65502 20937
65602 8886
65702 16146
65802 9611
65902 22997
66002 4179
66102 33991
66202 20466
66302 51632
66402 64100
66502 60319
66602 5475
66702 39509
66802 60383
66902 7789
67002 53054
67102 63048
67202 22529
67302 21354
67402 15538
67502 32535
67602 26529
67702 53823
67802 56280
67902 22340
68002 32742
68102 20266
68202 11853
68302 54012
68402 8535
68502 49665
68602 51602
68702 12020
68802 61722
68902 65085
69002 58574
69102 20720
69202 64808
69302 9209
69402 58036
69502 38990
69602 46442
69702 51023
69802 12832
69902 2543
70002 36426
70102 20575
70202 35685
70302 43218
70402 30151
70502 24015
70602 39336
70702 10806
70802 12506
70902 12005
71002 10351
71102 8183
71202 59957
71302 36378
71402 42141
71502 60102
71602 22945
71702 22884
71802 26787
71902 49833
72002 48024
72102 16597
72202 7205
72302 51037
72402 63202
72502 37428
72602 50419
72702 7332
72802 14653
72902 23564
73002 18705
73102 61992
73202 48970
73302 7092
73402 59622
73502 28382
73602 65521
73702 58457
73802 34871
73902 55192
74002 9883
74102 36812
74202 61562
74302 53002
74402 6593
74502 38629
74602 27426
74702 41808
74802 12393
74902 50878
75002 31915
75102 39723
75202 58095
75302 61708
75402 37320
75502 21881
75602 45544
75702 11212
75802 11860
75902 1705
76002 33585
76102 35730
76202 31053
76302 1392
76402 65388
76502 8324
76602 28003
76702 59606
76802 62215
76902 26279
77002 7360
77102 64134
77202 30276
77302 51262
77402 12135
77502 29374
77602 41808
77702 9105
77802 35727
77902 36894
78002 39764
78102 15665
78202 55134
78302 38857
78402 51476
78502 20815
78602 44071
78702 3572
78802 51520
78902 17505
79002 1293
79102 57677
79202 60674
79302 20003
79402 32162
79502 50199
79602 51551
79702 6811
79802 41261
79902 19440
80002 61551
80102 65337
80202 61879
80302 23914
80402 46636
80502 60618
80602 35889
80702 13951
80802 56809
80902 45165
81002 29905
81102 42832
81202 9247
81302 34840
81402 47870
81502 55399
81602 32203
81702 28685
81802 9917
81902 495
82002 35185
82102 27975
82202 58740
82302 12718
82402 32199
82502 44482
82602 60935
82702 1315
82802 61320
82902 47257
83002 40731
83102 45746
83202 44550
83302 17168
83402 10006
83502 64268
83602 18803
83702 37271
83802 53835
83902 9741
84002 21125
84102 30529
84202 19591
84302 7639
84402 54462
84502 2541
84602 38687
84702 43572
84802 36706
84902 40337
85002 11742
85102 60587
85202 30286
85302 57634
85402 61794
85502 62621
85602 40626
85702 15900
85802 31830
85902 30738
86002 62526
86102 39621
86202 27733
86302 43034
86402 12534
86502 3030
86602 41511
86702 60030
86802 21419
86902 21739
87002 4616
87102 27677
87202 45654
87302 63346
87402 4130
87502 12515
87602 31791
87702 5903
87802 8581
87902 5728
88002 58049
88102 32870
88202 48781
88302 10166
88402 26045
88502 20733
88602 6646
88702 26852
88802 42982
88902 59556
89002 17532
89102 55570
89202 20469
89302 30964
89402 20641
89502 49558
89602 49581
89702 60849
89802 50049
89902 3739
90002 51229
90102 50194
90202 2160
