102 30128
202 23080
302 10927
402 51852
502 62003
602 56538
702 3281
802 30769
902 16110
1002 18617
1102 36456
1202 17423
1302 1371
1402 21588
1502 20812
1602 5937
1702 9930
1802 43090
1902 39940
2002 56840
2102 13585
2202 49259
2302 55059
2402 37879
2502 9211
2602 5262
2702 5306
2802 9897
2902 3528
3002 60883
3102 2038
3202 5534
3302 27334
3402 22953
3502 12371
3602 48825
3702 64825
3802 27710
3902 44522
4002 25625
4102 3009
4202 32775
4302 40424
4402 36807
4502 36096
4602 9614
4702 19266
4802 10452
4902 62599
5002 49188
5102 37912
5202 60468
5302 41060
5402 55848
5502 41806
5602 1539
5702 44428
5802 40317
5902 6893
6002 43590
6102 60966
6202 25247
6302 43090
6402 37798
6502 28660
6602 15626
6702 11856
6802 17444
6902 16185
7002 38781
7102 52518
7202 8019
7302 26535
7402 10622
7502 51851
7602 34929
7702 701
7802 4235
7902 7496
8002 12803
8102 21963
8202 34821
8302 44994
8402 11177
8502 12078
8602 48325
8702 36201
8802 32655
8902 56736
9002 11415
9102 26986
9202 48324
9302 26699
9402 3555
9502 57105
9602 19415
9702 20208
9802 61617
9902 9761
10002 39569
10102 13242
10202 57216
10302 5956
10402 14005
10502 44761
10602 24634
10702 40431
10802 13817
10902 28439
11002 60974
11102 53638
11202 29336
11302 1573
11402 7636
11502 55405
11602 55037
11702 733
11802 1485
11902 61463
12002 56329
12102 22944
12202 7032
12302 40605
12402 60253
12502 59453
12602 24813
12702 6056
12802 19045
12902 60118
13002 48490
13102 44801
13202 23599
13302 10821
13402 8742
13502 23793
13602 52659
13702 13638
13802 34573
13902 33654
14002 65148
14102 2639
14202 62466
14302 6899
14402 51374
14502 14524
14602 39256
14702 13405
14802 59460
14902 40740
15002 21770
15102 59004
15202 24376
15302 53676
15402 29318
15502 46340
15602 4343
15702 44381
15802 32018
15902 3652
16002 46993
16102 62581
16202 38674
16302 23649
16402 48995
16502 41837
16602 41827
16702 58769
16802 48670
16902 24381
17002 5252
17102 6821
17202 47719
17302 7096
17402 55015
17502 46904
17602 64635
17702 30273
17802 52640
17902 58439
18002 17603
18102 7261
18202 29055
18302 37629
18402 29929
18502 60989
18602 11029
18702 31439
18802 36194
18902 41054
19002 45414
19102 34722
19202 5075
19302 34185
19402 29164
19502 16279
19602 17259
19702 16479
19802 12481
19902 60888
20002 38566
20102 30976
20202 61932
20302 16460
20402 24011
20502 56928
20602 21240
20702 34353
20802 14934
20902 10861
21002 61268
21102 20854
21202 48539
21302 16072
21402 50038
21502 41235
21602 6760
21702 2892
21802 897
21902 21091
22002 32818
22102 6164
22202 32694
22302 59665
22402 57058
22502 4167
22602 49036
22702 27106
22802 49583
22902 24023
23002 38886
23102 50408
23202 12248
23302 56753
23402 45908
23502 51377
23602 32747
23702 39681
23802 19774
23902 14062
24002 19132
24102 8064
24202 15745
24302 10696
24402 64259
24502 48863
24602 10730
24702 48094
24802 16253
24902 19960
25002 14239
25102 40633
25202 12561
25302 31485
25402 19954
25502 49135
25602 33447
25702 35328
25802 35627
25902 56900
26002 32613
26102 44279
26202 7884
26302 45497
26402 28721
26502 62284
26602 18145
26702 48557
26802 7024
26902 64180
27002 25010
27102 59095
27202 58384
27302 12115
27402 66
27502 51675
27602 38905
27702 58969
27802 24840
27902 9105
28002 23218
28102 35013
28202 54796
28302 5557
28402 25852
28502 48509
28602 62269
28702 29559
28802 52169
28902 26083
29002 56718
29102 4691
29202 18865
29302 40158
29402 17456
29502 17736
29602 49264
29702 5628
29802 9707
29902 22515
30002 50790
30102 18635
30202 20633
30302 26973
30402 13119
30502 34556
30602 20266
30702 64225
30802 41763
30902 4598
31002 35093
31102 17945
31202 42325
31302 45369
31402 29188
31502 54184
31602 12430
31702 61811
31802 63059
31902 20754
32002 65209
32102 19490
32202 16580
32302 18548
32402 51437
32502 43109
32602 37422
32702 35268
32802 19739
32902 36507
33002 16501
33102 24714
33202 46187
33302 38639
33402 63732
33502 43857
33602 56571
33702 55831
33802 58305
33902 5942
34002 47857
34102 46716
34202 8279
34302 41189
34402 1754
34502 29981
34602 34408
34702 50551
34802 27371
34902 27882
35002 46047
35102 40451
35202 4214
35302 26720
35402 6748
35502 22240
35602 44134
35702 61678
35802 3454
35902 13749
36002 17484
36102 15873
36202 46598
36302 33228
36402 26070
36502 42046
36602 17597
36702 13966
36802 29956
36902 14372
37002 24899
37102 37331
37202 23238
37302 56944
37402 8124
37502 27653
37602 28262
37702 14749
37802 51487
37902 169
38002 36185
38102 38015
38202 5454
38302 6602
38402 49756
38502 22050
38602 32990
38702 13927
38802 16170
38902 13870
39002 58987
39102 10190
39202 45124
39302 16915
39402 28237
39502 14897
39602 49095
39702 11970
39802 62543
39902 24097
40002 7110
40102 37081
40202 45398
40302 61490
40402 63988
40502 28412
40602 27690
40702 16063
40802 22091
40902 2967
41002 22326
41102 3046
41202 5960
41302 26439
41402 47410
41502 32436
41602 3994
41702 48402
41802 26783
41902 6919
42002 42187
42102 15657
42202 61291
42302 44228
42402 4072
42502 11203
42602 17030
42702 57549
42802 5987
42902 43309
43002 9675
43102 22802
43202 61404
43302 30511
43402 50312
43502 22616
43602 26587
43702 32641
43802 8146
43902 50194
44002 21290
44102 3208
44202 18870
44302 33769
44402 48028
44502 28212
44602 25208
44702 3481
44802 1403
44902 61224
45002 41573
45102 16528
45202 27852
45302 6745
45402 38057
45502 11142
45602 23566
45702 60611
45802 36494
45902 15387
46002 55293
46102 18247
46202 37778
46302 5425
46402 45438
46502 25492
46602 53881
46702 8381
46802 516
46902 31919
47002 44119
47102 50622
47202 18453
47302 31656
47402 45308
47502 63172
47602 49996
47702 41367
47802 11045
47902 48952
48002 19708
48102 49838
48202 4397
48302 11575
48402 38456
48502 35660
48602 16374
48702 22272
48802 29373
48902 51457
49002 64731
49102 14089
49202 54851
49302 11934
49402 41816
49502 44292
49602 26114
49702 1180
49802 31592
49902 22718
50002 21727
50102 42389
50202 55413
50302 7863
50402 25591
50502 33260
50602 37899
50702 55787
50802 32325
50902 42352
51002 42468
51102 42511
51202 16196
51302 52749
51402 43617
51502 40643
51602 39131
51702 51264
51802 62917
51902 14189
52002 61065
52102 57475
52202 31891
52302 61587
52402 38717
52502 41656
52602 52927
52702 40934
52802 158
52902 18563
53002 39187
53102 53339
53202 56397
53302 43080
53402 9304
53502 3689
53602 39084
53702 65354
53802 48299
53902 58279
54002 61697
54102 14471
54202 8328
54302 51058
54402 59103
54502 22679
54602 27267
54702 35813
54802 44322
54902 34537
55002 50777
55102 42951
55202 53733
55302 19414
55402 63178
55502 2025
55602 59567
55702 4979
55802 21337
55902 30176
56002 61066
56102 2351
56202 21653
56302 42134
56402 58571
56502 35671
56602 55735
56702 32563
56802 55424
56902 35984
57002 2916
57102 34168
57202 48150
57302 8164
57402 62634
57502 55492
57602 60891
57702 53333
57802 25423
57902 41318
58002 55935
58102 2701
58202 36553
58302 1090
58402 23979
58502 49400
58602 43320
58702 59174
58802 38610
58902 10256
59002 21226
59102 13603
59202 13389
59302 37998
59402 4017
59502 2491
59602 33370
59702 51349
59802 50485
59902 18077
60002 18879
60102 5611
60202 27692
60302 50483
60402 56416
60502 24499
60602 35600
60702 30554
60802 2003
60902 24532
61002 25379
61102 34042
61202 61643
61302 26937
61402 17452
61502 23632
61602 40004
61702 43215
61802 35710
61902 58595
62002 22012
62102 8240
62202 55986
62302 45576
62402 55957
62502 12833
62602 50384
62702 42557
62802 935
62902 35492
63002 27299
63102 26143
63202 1893
63302 64103
63402 21301
63502 41889
63602 26249
63702 16193
63802 51976
63902 49185
64002 11809
64102 39631
64202 41369
64302 51967
64402 31677
64502 23952
64602 17917
64702 20771
64802 48764
64902 6505
65002 64725
65102 13972
65202 8295
65302 59771
65402 42787
65502 44383
65602 57747
65702 29383
65802 13580
65902 59142
66002 48940
66102 20039
66202 62721
66302 45026
66402 35265
66502 14939
66602 60964
66702 16956
66802 41054
66902 64614
67002 54650
67102 35238
67202 7428
67302 44907
67402 13786
67502 2585
67602 10958
67702 2098
67802 12835
67902 46874
68002 25201
68102 12831
68202 40912
68302 52654
68402 60301
68502 26813
68602 2890
68702 44411
68802 37998
68902 52730
69002 38381
69102 53352
69202 22713
69302 28646
69402 24004
69502 18809
69602 29702
69702 1461
69802 32706
69902 44906
70002 14958
70102 1245
70202 7823
70302 23279
70402 6109
70502 4496
70602 12227
70702 22470
70802 36517
70902 60667
71002 8696
71102 21902
71202 14118
71302 12710
71402 54156
71502 21775
71602 3525
71702 30062
71802 43068
71902 38851
72002 45386
72102 16415
72202 19087
72302 55750
72402 50398
72502 51414
72602 22212
72702 49409
72802 489
72902 31824
73002 1718
73102 44245
73202 29919
73302 32650
73402 10818
73502 17881
73602 14437
73702 25172
73802 7397
73902 60243
74002 41328
74102 55751
74202 53229
74302 30743
74402 15335
74502 56300
74602 1111
74702 7542
74802 61291
74902 56346
75002 27678
75102 45289
75202 3592
75302 26919
75402 56947
75502 40603
75602 30991
75702 3855
75802 3621
75902 50881
76002 63557
76102 10297
76202 54067
76302 19530
76402 62090
76502 51191
76602 21789
76702 24937
76802 51006
76902 41500
77002 50779
77102 27860
77202 38300
77302 26119
77402 36743
77502 39009
77602 20349
77702 13451
77802 29788
77902 39807
78002 54457
78102 24378
78202 63883
78302 33589
78402 64689
78502 27343
78602 54972
78702 52272
78802 9118
78902 42301
79002 2694
79102 54523
79202 22001
79302 60699
79402 21466
79502 57962
79602 21748
79702 35958
79802 51441
79902 12976
80002 10820
80102 39065
80202 35088
80302 57607
80402 12366
80502 41086
80602 19319
80702 40139
80802 37094
80902 44506
81002 39312
81102 8717
81202 14117
81302 28017
81402 1037
81502 15959
81602 33359
81702 23685
81802 1294
81902 13887
82002 20723
82102 57109
82202 40272
82302 30315
82402 56839
82502 769
82602 9880
82702 22933
82802 25124
82902 63741
83002 62871
83102 53137
83202 44308
83302 52483
83402 46585
83502 53358
83602 19137
83702 57453
83802 48207
83902 28215
84002 4142
84102 22603
84202 56351
84302 9223
84402 13542
84502 46352
84602 4269
84702 37989
84802 64869
84902 31511
85002 15192
85102 18651
85202 4638
85302 57732
85402 23927
85502 59966
85602 43356
85702 5924
85802 34416
85902 14227
86002 25360
86102 6084
86202 17342
86302 47749
86402 28366
86502 13975
86602 13697
86702 35807
86802 63603
86902 64757
87002 45651
87102 7796
87202 4286
87302 48086
87402 9406
87502 34643
87602 12139
87702 20047
87802 2741
87902 28433
88002 24449
88102 20846
88202 37788
88302 65133
88402 8002
88502 10372
88602 24700
88702 7584
88802 52269
88902 3198
89002 63944
89102 21897
89202 34996
89302 21585
89402 42248
89502 57573
89602 21103
89702 7766
89802 34784
89902 63876
90002 32271
90102 47563
