102 49460
202 2704
302 16378
402 64236
502 45828
602 8860
702 53496
802 63278
902 23151
1002 19062
1102 9018
1202 51507
1302 36406
1402 23612
1502 33272
1602 63628
1702 65204
1802 37234
1902 44354
2002 21652
2102 64519
2202 57839
2302 36755
2402 31582
2502 58476
2602 51791
2702 20574
2802 33075
2902 10043
3002 60741
3102 13401
3202 25975
3302 41266
3402 47767
3502 63891
3602 8588
3702 20811
3802 23537
3902 9617
4002 54055
4102 60697
4202 54649
4302 40438
4402 14866
4502 53431
4602 7402
4702 35888
4802 34300
4902 38397
5002 55210
5102 19080
5202 8712
5302 27080
5402 3211
5502 51491
5602 47906
5702 12435
5802 30885
5902 12592
6002 15897
6102 53328
6202 32187
6302 62964
6402 160
6502 37844
6602 64426
6702 19685
6802 35738
6902 44838
7002 50398
7102 23172
7202 36668
7302 19577
7402 19149
7502 51436
7602 61431
7702 25788
7802 58965
7902 4716
8002 56143
8102 45968
8202 45835
8302 26617
8402 61729
8502 45771
8602 43486
8702 55906
8802 39755
8902 14680
9002 6532
9102 40851
9202 1160
9302 10854
9402 19378
9502 30038
9602 22021
9702 34339
9802 24754
9902 22457
10002 23162
10102 41905
10202 17550
10302 16815
10402 46227
10502 36508
10602 11724
10702 43614
10802 61470
10902 62288
11002 33902
11102 27657
11202 3531
11302 491
11402 4643
11502 13728
11602 40729
11702 29544
11802 26048
11902 35639
12002 26236
12102 13008
12202 65498
12302 63198
12402 62908
12502 32960
12602 34570
12702 12946
12802 26783
12902 21947
13002 18047
13102 15759
13202 49173
13302 35891
13402 15128
13502 46190
13602 57879
13702 34067
13802 34669
13902 32130
14002 7849
14102 14715
14202 26828
14302 19230
14402 6783
14502 43932
14602 41846
14702 63923
14802 27809
14902 29909
15002 40080
15102 11435
15202 23791
15302 50716
15402 27120
15502 43634
15602 8834
15702 17124
15802 408
15902 43704
16002 4677
16102 32902
16202 62512
16302 53313
16402 6632
16502 22019
16602 43259
16702 32898
16802 50358
16902 54307
17002 16810
17102 15145
17202 44594
17302 46519
17402 2079
17502 31995
17602 41562
17702 36974
17802 64148
17902 21094
18002 37561
18102 30314
18202 49994
18302 13927
18402 14016
18502 9641
18602 7507
18702 14862
18802 51931
18902 8717
19002 23793
19102 20598
19202 59038
19302 40103
19402 22527
19502 3462
19602 9992
19702 40821
19802 14427
19902 30552
20002 28585
20102 60861
20202 22365
20302 63770
20402 31292
20502 48244
20602 48794
20702 37873
20802 31950
20902 62481
21002 30325
21102 28960
21202 43341
21302 56781
21402 5669
21502 35896
21602 13797
21702 53151
21802 874
21902 16742
22002 13853
22102 4981
22202 11198
22302 49513
22402 56674
22502 1659
22602 1547
22702 34760
22802 22993
22902 9362
23002 50129
23102 31395
23202 56100
23302 24962
23402 43299
23502 34508
23602 31011
23702 56877
23802 29242
23902 47515
24002 42525
24102 46299
24202 21975
24302 22563
24402 31382
24502 34667
24602 3603
24702 9902
24802 36092
24902 14799
25002 37750
25102 16804
25202 18603
25302 60656
25402 10059
25502 14409
25602 9696
25702 13123
25802 807
25902 46152
26002 33761
26102 45677
26202 4089
26302 12149
26402 55072
26502 7387
26602 45062
26702 24978
26802 48962
26902 9999
27002 16720
27102 44380
27202 44355
27302 53534
27402 24258
27502 59927
27602 20349
27702 57051
27802 30392
27902 4818
28002 21383
28102 5972
28202 5711
28302 57510
28402 22619
28502 7648
28602 41688
28702 17422
28802 34101
28902 18902
29002 46408
29102 44951
29202 50166
29302 30274
29402 18334
29502 41191
29602 25081
29702 36258
29802 59355
29902 21684
30002 41721
30102 57651
30202 47742
30302 30887
30402 7797
30502 17836
30602 10475
30702 4371
30802 40568
30902 38452
31002 52481
31102 43893
31202 56453
31302 37614
31402 59294
31502 57058
31602 4282
31702 27477
31802 6293
31902 58701
32002 55679
32102 53237
32202 50652
32302 64184
32402 9684
32502 44034
32602 25143
32702 30531
32802 9448
32902 31664
33002 58625
33102 18062
33202 65412
33302 55993
33402 42798
33502 26231
33602 2355
33702 58151
33802 3364
33902 41708
34002 48590
34102 34519
34202 42728
34302 47048
34402 7487
34502 34624
34602 663
34702 21756
34802 53502
34902 65533
35002 36071
35102 60846
35202 43323
35302 27965
35402 5134
35502 51817
35602 49981
35702 19117
35802 26692
35902 4263
36002 13203
