102 26814
202 54653
302 6337
402 5001
502 18785
602 33201
702 62349
802 16040
902 14412
1002 24934
1102 36131
1202 21564
1302 2854
1402 6673
1502 52640
1602 61721
1702 31380
1802 65434
1902 47834
2002 56731
2102 15160
2202 59997
2302 60376
2402 23606
2502 62433
2602 37479
2702 11915
2802 37057
2902 40002
3002 53906
3102 61067
3202 35614
3302 30252
3402 27183
3502 5694
3602 20886
3702 26173
3802 2083
3902 55
4002 50754
4102 60029
4202 28472
4302 21827
4402 26219
4502 51099
4602 2597
4702 64496
4802 31735
4902 9674
5002 65223
5102 24276
5202 55825
5302 41407
5402 59597
5502 60883
5602 47624
5702 55524
5802 11929
5902 14822
6002 61643
6102 8225
6202 63138
6302 17891
6402 1074
6502 53262
6602 16929
6702 36320
6802 44972
6902 25050
7002 23414
7102 19719
7202 42274
7302 28078
7402 38588
7502 13504
7602 26618
7702 15017
7802 7819
7902 14043
8002 28167
8102 54518
8202 5160
8302 42601
8402 26395
8502 42718
8602 39917
8702 11155
8802 32734
8902 18100
9002 57541
9102 18656
9202 59109
9302 9516
9402 41518
9502 18717
9602 57760
9702 58102
9802 39741
9902 23068
10002 13497
10102 1783
10202 63729
10302 24053
10402 58721
10502 28998
10602 34900
10702 27240
10802 1496
10902 21580
11002 26460
11102 42381
11202 6454
11302 9691
11402 60231
11502 55739
11602 37135
11702 3788
11802 838
11902 38820
12002 10453
12102 62377
12202 2504
12302 33688
12402 6479
12502 37712
12602 58359
12702 6899
12802 29973
12902 14300
13002 6720
13102 3297
13202 44511
13302 36507
13402 38063
13502 18018
13602 50557
13702 12432
13802 30820
13902 5434
14002 40455
14102 17395
14202 14844
14302 17110
14402 63005
14502 365
14602 44715
14702 47598
14802 50566
14902 35537
15002 61390
15102 64905
15202 58198
15302 46258
15402 61236
15502 2874
15602 61875
15702 11163
15802 16827
15902 31401
16002 6260
16102 35503
16202 24883
16302 25789
16402 65300
16502 3439
16602 53993
16702 32093
16802 35286
16902 5754
17002 29772
17102 51459
17202 16258
17302 19586
17402 65397
17502 9363
17602 28944
17702 42712
17802 13617
17902 35056
18002 46622
18102 54176
18202 46188
18302 43810
18402 26632
18502 3244
18602 36482
18702 313
18802 9787
18902 15537
19002 16819
19102 27321
19202 18390
19302 28096
19402 62083
19502 24558
19602 28684
19702 2543
19802 61467
19902 21568
20002 64031
20102 18672
20202 65454
20302 33655
20402 35285
20502 2632
20602 40538
20702 40581
20802 24448
20902 20007
21002 6787
21102 46396
21202 63723
21302 16371
21402 39390
21502 30950
21602 34678
21702 65079
21802 36550
21902 60862
22002 37855
22102 53974
22202 49368
22302 16737
22402 45425
22502 21532
22602 22588
22702 768
22802 59815
22902 9818
23002 49044
23102 17910
23202 6649
23302 29263
23402 41559
23502 62878
23602 49132
23702 63404
23802 65084
23902 1220
24002 60605
24102 15455
24202 40847
24302 18556
24402 49301
24502 28807
24602 59577
24702 32079
24802 55763
24902 61986
25002 465
25102 22041
25202 15004
25302 48646
25402 58034
25502 60981
25602 37846
25702 36021
25802 28386
25902 10341
26002 51682
26102 13475
26202 34573
26302 13645
26402 9697
26502 64980
26602 272
26702 21238
26802 34650
26902 36096
27002 47556
27102 46422
27202 49124
27302 48226
27402 22745
27502 3377
27602 58400
27702 29553
27802 13931
27902 47581
28002 46770
28102 21608
28202 26415
28302 55151
28402 13812
28502 22235
28602 55753
28702 25589
28802 34783
28902 3085
29002 40410
29102 25671
29202 64842
29302 36184
29402 57799
29502 60715
29602 7354
29702 26234
29802 14147
29902 32682
30002 1150
30102 30041
30202 18558
30302 39126
30402 34646
30502 44267
30602 40558
30702 46686
30802 39238
30902 45502
31002 21880
31102 63873
31202 25230
31302 16544
31402 40941
31502 30402
31602 20624
31702 13464
31802 24703
31902 50566
32002 45669
32102 53316
32202 62355
32302 43015
32402 28250
32502 51999
32602 61177
32702 63416
32802 10757
32902 42206
33002 2882
33102 62639
33202 4077
33302 35866
33402 43717
33502 16866
33602 12357
33702 47830
33802 32911
33902 16744
34002 22050
34102 64892
34202 52181
34302 29650
34402 6554
34502 24165
34602 18300
34702 9071
34802 322
34902 62707
35002 19324
35102 33479
35202 13057
35302 7507
35402 37276
35502 31442
35602 49372
35702 65282
35802 24412
35902 2659
36002 30939
36102 57959
36202 5084
36302 46243
36402 41642
36502 8758
36602 31771
36702 20402
36802 62854
36902 209
37002 32726
37102 54538
37202 61499
37302 46130
37402 27381
37502 59904
37602 28188
37702 18861
37802 41847
37902 40762
38002 51666
38102 37285
38202 14426
38302 10517
38402 13370
38502 7661
38602 1557
38702 55226
38802 59355
38902 36021
39002 50502
39102 4633
39202 44056
39302 51240
39402 42731
39502 56733
39602 42044
39702 291
39802 39768
39902 27878
40002 30402
40102 4351
40202 13638
40302 17181
40402 44351
40502 13447
40602 20659
40702 29114
40802 3587
40902 55587
41002 15921
41102 23196
41202 21918
41302 41798
41402 48355
41502 54907
41602 11910
41702 29875
41802 13684
41902 20218
42002 43204
42102 19408
42202 5285
42302 45020
42402 65482
42502 55943
42602 56403
42702 59736
42802 12353
42902 59548
43002 13159
43102 61392
43202 8478
43302 3486
43402 14277
43502 12292
43602 42497
43702 25251
43802 44863
43902 34214
44002 24461
44102 31969
44202 28769
44302 61644
44402 16327
44502 46309
44602 47517
44702 47833
44802 546
44902 59371
45002 11934
45102 49921
45202 1894
45302 12601
45402 25497
45502 30710
45602 2232
45702 31545
45802 34952
45902 23950
46002 52782
46102 41084
46202 50734
46302 55990
46402 26293
46502 4283
46602 14190
46702 38864
46802 34058
46902 14304
47002 12244
47102 34970
47202 14625
47302 7276
47402 31557
47502 7362
47602 47358
47702 1316
47802 4109
47902 50710
48002 13184
48102 872
48202 55474
48302 65224
48402 5679
48502 39802
48602 20517
48702 61108
48802 33353
48902 22873
49002 15790
49102 15756
49202 21396
49302 1580
49402 35087
49502 65049
49602 16543
49702 153
49802 28484
49902 48555
50002 17548
50102 30428
50202 1289
50302 52819
50402 50502
50502 61454
50602 22817
50702 28166
50802 37955
50902 23680
51002 56881
51102 3351
51202 61183
51302 64493
51402 51841
51502 40392
51602 53446
51702 24881
51802 40386
51902 20333
52002 7755
52102 45535
52202 40629
52302 27034
52402 32639
52502 848
52602 51019
52702 43448
52802 37636
52902 45233
53002 55631
53102 28858
53202 16779
53302 27740
53402 47409
53502 4789
53602 50186
53702 40382
53802 3685
53902 59777
54002 10467
54102 41152
54202 56782
54302 6949
54402 4547
54502 14724
54602 13347
54702 1529
54802 25539
54902 29775
55002 65065
55102 33325
55202 54000
55302 38793
55402 31463
55502 15318
55602 60629
55702 61649
55802 13207
55902 47816
56002 17573
56102 7993
56202 14260
56302 52248
56402 13816
56502 6072
56602 57821
56702 51028
56802 40900
56902 25233
57002 55531
57102 19255
57202 48359
57302 29616
57402 49204
57502 27767
57602 19439
57702 31291
57802 28633
57902 27858
58002 39542
58102 47539
58202 22970
58302 14326
58402 42459
58502 46601
58602 20972
58702 46771
58802 41341
58902 15354
59002 42375
59102 14136
59202 55656
59302 64742
59402 19761
59502 23159
59602 15066
59702 21790
59802 58400
59902 43370
60002 5854
60102 18548
60202 45944
60302 36567
60402 28269
60502 11020
60602 29439
60702 33853
60802 4582
60902 59311
61002 38833
61102 52209
61202 57210
61302 48459
61402 3510
61502 11804
61602 38052
61702 11884
61802 42460
61902 62553
62002 61899
62102 40407
62202 21120
62302 57308
62402 13202
62502 15786
62602 54156
62702 52658
62802 42449
62902 31950
63002 34334
63102 21648
63202 22398
63302 41199
63402 11410
63502 16322
63602 60783
63702 10489
63802 47254
63902 64382
64002 61651
64102 30824
64202 2143
64302 65418
64402 42753
64502 6835
64602 30846
64702 13350
64802 49116
64902 56926
65002 34527
65102 37699
65202 62172
65302 57284
65402 34945
65502 65264
65602 33149
65702 8005
65802 15897
65902 27782
66002 57017
66102 28542
66202 61059
66302 41533
66402 58384
66502 3668
66602 10574
66702 37021
66802 10948
66902 12425
67002 24101
67102 26795
67202 40106
67302 7766
67402 11922
67502 31189
67602 2758
67702 22390
67802 32760
67902 54502
68002 43992
68102 50312
68202 52209
68302 52162
68402 35916
68502 36823
68602 7247
68702 38497
68802 7758
68902 19084
69002 1166
69102 59932
69202 55583
69302 63398
69402 38318
69502 20252
69602 22713
69702 4388
69802 21924
69902 8984
70002 9574
70102 42749
70202 14750
70302 42968
70402 43545
70502 16216
70602 48660
70702 19286
70802 53473
70902 63908
71002 11820
71102 40612
71202 25945
71302 11778
71402 21410
71502 20371
71602 21840
71702 57839
71802 19305
71902 20917
72002 62068
72102 20632
72202 10898
72302 44458
72402 32544
72502 10009
72602 55088
72702 21474
72802 56951
72902 168
73002 63945
73102 21798
73202 64071
73302 36813
73402 55298
73502 8980
73602 64777
73702 41407
73802 27440
73902 33927
74002 30963
74102 15462
74202 52183
74302 6266
74402 60812
74502 29422
74602 35372
74702 50527
74802 7351
74902 60167
75002 58107
75102 41846
75202 21817
75302 10273
75402 36981
75502 15519
75602 901
75702 34113
75802 3222
75902 4834
76002 60566
76102 51535
76202 32424
76302 4978
76402 50845
76502 46269
76602 58715
76702 5938
76802 31490
76902 179
77002 29896
77102 13362
77202 51945
77302 53975
77402 14734
77502 43645
77602 59305
77702 38771
77802 49052
77902 41067
78002 57442
78102 57434
78202 18574
78302 12970
78402 45472
78502 26136
78602 24058
78702 22553
78802 10374
78902 27266
79002 55114
79102 39289
79202 57477
79302 27072
79402 12092
79502 18013
79602 5883
79702 18358
79802 31405
79902 764
80002 62395
80102 1052
80202 51289
80302 29330
80402 13728
80502 13836
80602 34008
80702 7582
80802 56604
80902 48637
81002 43583
81102 40011
81202 23066
81302 60318
81402 55230
81502 31435
81602 13941
81702 65187
81802 25702
81902 53636
82002 58106
82102 23563
82202 48760
82302 55738
82402 25063
82502 37683
82602 43317
82702 31911
82802 14686
82902 65010
83002 17574
83102 41382
83202 19938
83302 43712
83402 4269
83502 4153
83602 6349
83702 55074
83802 24459
83902 3272
84002 3012
84102 30867
84202 15424
84302 24324
84402 55616
84502 1887
84602 50556
84702 11543
84802 26329
84902 45362
85002 65396
85102 10921
85202 36167
85302 56843
85402 12259
85502 63913
85602 31764
85702 3377
85802 62795
85902 16453
86002 46172
86102 28394
86202 31160
86302 42298
86402 40544
86502 45261
86602 11474
86702 31677
86802 4545
86902 59204
87002 63788
87102 34156
87202 56176
87302 49875
87402 32878
87502 49374
87602 38883
87702 12314
87802 57859
87902 52450
88002 50642
88102 60601
88202 56844
88302 7375
88402 16970
88502 35165
88602 10247
88702 65443
88802 11360
88902 42257
89002 26669
89102 62358
89202 18676
89302 13044
89402 24975
89502 33961
89602 52724
89702 19916
89802 48634
89902 49025
90002 53409
90102 36371
