102 50090
202 50463
302 20624
402 4297
502 40633
602 29927
702 16771
802 47522
902 64542
1002 8933
1102 63910
1202 52154
1302 26577
1402 11655
1502 48501
1602 27581
1702 8843
1802 63473
1902 11845
2002 28067
2102 8384
2202 48631
2302 56919
2402 42793
2502 28725
2602 4167
2702 24887
2802 131
2902 15120
3002 40083
3102 60765
3202 3065
3302 42848
3402 42796
3502 58263
3602 16472
3702 51826
3802 29306
3902 20211
4002 56660
4102 10853
4202 19303
4302 47587
4402 38177
4502 19045
4602 43216
4702 2641
4802 36984
4902 59303
5002 51883
5102 35022
5202 56218
5302 26176
5402 58211
5502 27799
5602 22122
5702 8070
5802 2609
5902 6915
6002 26786
6102 40636
6202 48569
6302 13712
6402 62312
6502 18449
6602 29569
6702 52555
6802 6806
6902 36553
7002 27644
7102 9549
7202 25991
7302 50857
7402 16798
7502 1762
7602 39467
7702 63630
7802 47095
7902 35395
8002 19182
8102 22350
8202 39367
8302 11774
8402 4044
8502 9466
8602 12370
8702 128
8802 11537
8902 60354
9002 30300
9102 53963
9202 10697
9302 13381
9402 30968
9502 50127
9602 54708
9702 53969
9802 17914
9902 14710
10002 23087
10102 44471
10202 4233
10302 24282
10402 46565
10502 28910
10602 32221
10702 7017
10802 28458
10902 12261
11002 36840
11102 6950
11202 15033
11302 22474
11402 41205
11502 60325
11602 36239
11702 49984
11802 37513
11902 24109
12002 24540
12102 2224
12202 27542
12302 24689
12402 56724
12502 37347
12602 2732
12702 33503
12802 10074
12902 18290
13002 25498
13102 51686
13202 1638
13302 45955
13402 52210
13502 22108
13602 33583
13702 51884
13802 36062
13902 4120
14002 16991
14102 2702
14202 23614
14302 31213
14402 38350
14502 60044
14602 34741
14702 60554
14802 53233
14902 37628
15002 14163
15102 19375
15202 65232
15302 50424
15402 42840
15502 61399
15602 1905
15702 9511
15802 38184
15902 28405
16002 46429
16102 57367
16202 23867
16302 26387
16402 17875
16502 13167
16602 35447
16702 10644
16802 60051
16902 55722
17002 47944
17102 52792
17202 32801
17302 37816
17402 33083
17502 23351
17602 10265
17702 61165
17802 46007
17902 16088
18002 37499
18102 894
18202 38188
18302 4506
18402 59396
18502 1831
18602 13194
18702 58404
18802 8769
18902 19361
19002 60456
19102 9470
19202 58271
19302 44258
19402 25786
19502 51096
19602 48882
19702 12542
19802 61306
19902 21478
20002 7678
20102 35947
20202 39764
20302 59124
20402 56369
20502 19250
20602 34483
20702 4059
20802 31577
20902 10578
21002 46776
21102 25417
21202 61964
21302 2638
21402 62986
21502 39754
21602 28843
21702 52991
21802 63393
21902 48878
22002 35193
22102 10689
22202 17570
22302 18561
22402 49446
22502 31957
22602 21104
22702 8698
22802 59223
22902 4937
23002 51905
23102 44886
23202 6831
23302 44400
23402 50393
23502 9034
23602 15324
23702 51886
23802 61048
23902 1201
24002 1759
24102 55749
24202 44404
24302 6608
24402 30041
24502 26659
24602 61862
24702 17386
24802 63823
24902 42845
25002 42069
25102 49427
25202 8386
25302 47654
25402 52188
25502 58792
25602 47948
25702 46320
25802 37394
25902 4043
26002 20959
26102 30972
26202 61630
26302 59311
26402 18031
26502 30206
26602 30493
26702 30896
26802 63283
26902 44526
27002 55534
27102 64734
27202 63938
27302 36174
27402 11153
27502 46235
27602 33945
27702 9731
27802 23217
27902 9072
28002 32946
28102 51743
28202 33976
28302 58415
28402 59120
28502 54591
28602 6536
28702 4379
28802 3869
28902 16189
29002 375
29102 4292
29202 15801
29302 52641
29402 63146
29502 20539
29602 58671
29702 1108
29802 57256
29902 11101
30002 36632
30102 57861
30202 12136
30302 9322
30402 64836
30502 5587
30602 11924
30702 50704
30802 38858
30902 39490
31002 58384
31102 5615
31202 12079
31302 63278
31402 61618
31502 56699
31602 7107
31702 61005
31802 17149
31902 15620
32002 25503
32102 48181
32202 9638
32302 38549
32402 51216
32502 28282
32602 49967
32702 15463
32802 18797
32902 2596
33002 44075
33102 7926
33202 49424
33302 42656
33402 47401
33502 33070
33602 54874
33702 62562
33802 61047
33902 8498
34002 24832
34102 54644
34202 6440
34302 39195
34402 12817
34502 11492
34602 47609
34702 24584
34802 14452
34902 7102
35002 50059
35102 18821
35202 467
35302 24034
35402 52382
35502 8782
35602 40744
35702 12655
35802 48629
35902 7382
36002 13288
36102 64480
36202 32522
36302 63945
36402 35763
36502 36150
36602 29513
36702 18179
36802 15332
36902 28922
37002 54722
37102 47109
37202 38246
37302 11770
37402 6040
37502 38252
37602 25636
37702 40919
37802 57369
37902 17295
38002 17157
38102 26696
38202 22301
38302 8686
38402 57432
38502 60537
38602 43899
38702 40865
38802 23755
38902 43229
39002 51243
39102 42
39202 41928
39302 31597
39402 63478
39502 13695
39602 42289
39702 46304
39802 3709
39902 16923
40002 59615
40102 41548
40202 53413
40302 43805
40402 44681
40502 9617
40602 2207
40702 43701
40802 7945
40902 19185
41002 6249
41102 18569
41202 26726
41302 39473
41402 61515
41502 8329
41602 65340
41702 16017
41802 46149
41902 33945
42002 4830
42102 52635
42202 10345
42302 46172
42402 1288
42502 47283
42602 61757
42702 11857
42802 31303
42902 10699
43002 20699
43102 46227
43202 50925
43302 63678
43402 47179
43502 51796
43602 44977
43702 62944
43802 34741
43902 21095
44002 59462
44102 36863
44202 35811
44302 11964
44402 8142
44502 59699
44602 17208
44702 6816
44802 14511
44902 35116
45002 39146
45102 55548
45202 24219
45302 21117
45402 19364
45502 1781
45602 3225
45702 29525
45802 43393
45902 25396
46002 27609
46102 17492
46202 58403
46302 37838
46402 40386
46502 29650
46602 8782
46702 62465
46802 47258
46902 7379
47002 6053
47102 14871
47202 50487
47302 29167
47402 20921
47502 48739
47602 14392
47702 12149
47802 33414
47902 30928
48002 58069
48102 2835
48202 49615
48302 1648
48402 13540
48502 36184
48602 24546
48702 47888
48802 34647
48902 43057
49002 21835
49102 17512
49202 14605
49302 63782
49402 35962
49502 2418
49602 9776
49702 27613
49802 24157
49902 65165
50002 60209
50102 299
50202 10843
50302 60225
50402 61245
50502 4923
50602 7542
50702 13177
50802 61629
50902 1455
51002 22466
51102 48203
51202 31555
51302 1373
51402 42114
51502 15048
51602 25624
51702 43127
51802 46393
51902 3059
52002 10853
52102 47477
52202 61764
52302 39648
52402 34873
52502 10001
52602 14083
52702 50059
52802 47928
52902 50639
53002 33729
53102 21414
53202 33630
53302 23219
53402 17021
53502 55338
53602 55904
53702 11465
53802 40595
53902 35786
54002 61118
54102 47936
54202 11041
54302 29305
54402 63035
54502 39599
54602 18820
54702 37912
54802 763
54902 23754
55002 16057
55102 57593
55202 30920
55302 6890
55402 34915
55502 18790
55602 16714
55702 40396
55802 2823
55902 33398
56002 29567
56102 4635
56202 19355
56302 3286
56402 23191
56502 47556
56602 61168
56702 44664
56802 35026
56902 46322
57002 16671
57102 41743
57202 3996
57302 4996
57402 53533
57502 45986
57602 56579
57702 17005
57802 41225
57902 33105
58002 19852
58102 16190
58202 9829
58302 46107
58402 40046
58502 2297
58602 43653
58702 36117
58802 58672
58902 49587
59002 13889
59102 22185
59202 37907
59302 54405
59402 4580
59502 24277
59602 18950
59702 42481
59802 11416
59902 954
60002 25981
60102 32148
60202 22512
60302 58094
60402 38440
60502 61381
60602 42824
60702 14039
60802 64393
60902 31147
61002 1529
61102 57092
61202 12257
61302 17597
61402 25426
61502 13133
61602 20649
61702 58255
61802 58206
61902 57263
62002 48100
62102 24693
62202 28364
62302 24607
62402 16590
62502 30514
62602 63599
62702 49185
62802 64205
62902 58561
63002 8958
63102 25906
63202 42171
63302 63812
63402 54846
63502 9366
63602 10772
63702 29413
63802 34567
63902 16392
64002 24618
64102 13765
64202 4044
64302 5584
64402 50306
64502 7348
64602 18036
64702 49327
64802 17643
64902 51179
65002 50879
65102 10043
65202 434
65302 59417
65402 40741
65502 19450
65602 7184
65702 47782
65802 43088
65902 61936
66002 7693
66102 59950
66202 20310
66302 10336
66402 616
66502 47285
66602 23074
66702 5398
66802 2956
66902 2820
67002 27094
67102 40190
67202 55082
67302 46409
67402 18114
67502 57125
67602 43402
67702 2231
67802 30888
67902 35544
68002 1802
68102 46752
68202 10729
68302 27467
68402 53623
68502 34494
68602 54702
68702 59135
68802 44632
68902 63332
69002 33433
69102 56736
69202 22035
69302 22446
69402 48745
69502 17742
69602 53688
69702 36141
69802 30386
69902 64345
70002 55833
70102 27474
70202 11196
70302 30990
70402 39100
70502 61148
70602 25827
70702 4364
70802 30352
70902 21043
71002 54659
71102 41246
71202 65429
71302 48187
71402 26695
71502 47550
71602 7860
71702 41495
71802 41959
71902 16838
72002 38939
72102 62513
72202 45455
72302 63836
72402 59787
72502 16429
72602 60512
72702 17440
72802 3982
72902 60207
73002 16755
73102 29154
73202 15083
73302 15512
73402 44786
73502 20827
73602 63914
73702 62304
73802 23825
73902 40467
74002 57006
74102 6307
74202 36696
74302 5023
74402 15183
74502 57620
74602 18347
74702 2464
74802 53837
74902 47563
75002 39935
75102 28872
75202 51081
75302 53215
75402 51481
75502 63802
75602 58479
75702 17565
75802 20590
75902 20575
76002 44427
76102 19405
76202 65005
76302 57765
76402 54686
76502 57775
76602 63598
76702 10735
76802 40701
76902 62521
77002 18237
77102 31806
77202 17893
77302 5993
77402 5856
77502 7054
77602 37396
77702 13936
77802 36692
77902 62263
78002 14336
78102 56340
78202 34602
78302 3259
78402 3567
78502 20661
78602 14952
78702 53562
78802 13232
78902 50914
79002 25912
79102 54838
79202 22948
79302 53592
79402 13724
79502 47972
79602 5072
79702 57903
79802 45904
79902 54488
80002 45314
80102 41074
80202 22378
80302 57441
80402 20797
80502 17254
80602 14245
80702 31021
80802 7403
80902 21205
81002 53032
81102 60732
81202 24452
81302 51348
81402 31206
81502 44699
81602 4752
81702 28465
81802 42860
81902 30474
82002 62148
82102 38365
82202 7880
82302 28842
82402 53339
82502 25900
82602 6755
82702 27243
82802 63708
82902 34365
83002 54830
83102 46127
83202 51079
83302 45164
83402 31721
83502 35503
83602 16279
83702 22941
83802 58683
83902 22583
84002 26545
84102 27885
84202 64161
84302 20385
84402 45132
84502 37798
84602 61569
84702 1392
84802 57918
84902 54810
85002 9026
85102 24440
85202 57059
85302 63280
85402 54737
85502 25178
85602 39988
85702 6025
85802 23370
85902 28097
86002 62274
86102 28704
86202 31819
86302 60738
86402 22764
86502 56485
86602 25154
86702 46536
86802 36260
86902 16510
87002 1987
87102 46086
87202 8277
87302 65442
87402 28907
87502 33479
87602 12767
87702 30052
87802 39485
87902 4563
88002 45190
88102 64481
88202 21656
88302 53294
88402 13074
88502 38614
88602 5350
88702 9322
88802 58805
88902 35780
89002 26755
89102 9423
89202 33353
89302 31723
89402 51548
89502 58490
89602 54608
89702 29061
89802 46903
89902 28100
90002 39956
90102 54664
