102 34666
202 31568
302 60131
402 51687
502 54604
602 1356
702 22522
802 58264
902 59689
1002 5428
1102 29938
1202 28712
1302 30516
1402 44314
1502 28744
1602 62445
1702 26344
1802 13673
1902 20416
2002 33313
2102 51958
2202 7639
2302 19532
2402 59648
2502 25421
2602 25175
2702 52448
2802 23334
2902 38573
3002 60281
3102 43669
3202 34181
3302 53359
3402 61414
3502 6558
3602 29948
3702 16155
3802 11074
3902 28132
4002 10747
4102 39819
4202 44086
4302 31328
4402 39698
4502 53340
4602 21802
4702 46766
4802 35491
4902 24346
5002 51016
5102 13863
5202 29360
5302 19026
5402 24009
5502 42098
5602 20540
5702 56248
5802 45208
5902 25328
6002 27687
6102 17593
6202 29849
6302 45485
6402 12304
6502 27789
6602 59881
6702 21466
6802 35897
6902 59674
7002 23106
7102 58529
7202 28149
7302 41193
7402 15134
7502 16886
7602 41072
7702 10630
7802 33549
7902 27828
8002 47859
8102 39169
8202 11176
8302 6455
8402 35356
8502 8639
8602 48552
8702 44605
8802 9614
8902 7917
9002 17920
9102 18743
9202 6435
9302 65476
9402 7259
9502 5332
9602 9030
9702 47412
9802 54544
9902 29817
10002 34983
10102 34065
10202 59224
10302 36044
10402 12588
10502 60884
10602 58128
10702 53418
10802 39090
10902 46067
11002 40661
11102 38405
11202 25838
11302 4526
11402 3329
11502 8332
11602 9741
11702 43181
11802 49143
11902 53602
12002 64257
12102 26470
12202 22196
12302 40093
12402 11291
12502 35224
12602 43772
12702 11672
12802 50286
12902 26047
13002 9424
13102 31788
13202 51092
13302 44216
13402 26984
13502 31479
13602 55088
13702 45730
13802 35386
13902 12022
14002 36147
14102 18104
14202 42922
14302 58183
14402 453
14502 48133
14602 54888
14702 12093
14802 4944
14902 49839
15002 46369
15102 128
15202 19535
15302 52628
15402 16973
15502 44216
15602 15633
15702 61652
15802 52551
15902 27989
16002 54930
16102 43112
16202 43152
16302 50769
16402 4697
16502 41877
16602 49134
16702 3033
16802 30165
16902 34530
17002 1500
17102 48284
17202 25353
17302 50975
17402 12104
17502 58645
17602 20824
17702 17910
17802 49862
17902 5648
18002 15465
18102 562
18202 14498
18302 41207
18402 13224
18502 15887
18602 56633
18702 27005
18802 7352
18902 62002
19002 28565
19102 28215
19202 19663
19302 16193
19402 36426
19502 42333
19602 15845
19702 43951
19802 22843
19902 13040
20002 57069
20102 24137
20202 6285
20302 38335
20402 20301
20502 34274
20602 16777
20702 30515
20802 24053
20902 7537
21002 34249
21102 7642
21202 52426
21302 13658
21402 18588
21502 51127
21602 6274
21702 40395
21802 42287
21902 52456
22002 7698
22102 41471
22202 31416
22302 10793
22402 4581
22502 51016
22602 27610
22702 7085
22802 5522
22902 3386
23002 14113
23102 17372
23202 53748
23302 56929
23402 20713
23502 35287
23602 64949
23702 61625
23802 6222
23902 9715
24002 41558
24102 19472
24202 3810
24302 48768
24402 1548
24502 19214
24602 23740
24702 33977
24802 27996
24902 26370
25002 3619
25102 10777
25202 15746
25302 53020
25402 38001
25502 52737
25602 58283
25702 45755
25802 23181
25902 64610
26002 8260
26102 37238
26202 29394
26302 59134
26402 3414
26502 813
26602 32367
26702 39797
26802 2144
26902 19571
27002 4093
27102 55606
27202 46039
27302 15248
27402 48071
27502 55597
27602 49370
27702 35929
27802 21771
27902 59634
28002 55115
28102 49282
28202 2936
28302 16358
28402 65281
28502 37683
28602 39358
28702 52823
28802 5942
28902 7911
29002 11615
29102 23988
29202 25480
29302 48252
29402 9837
29502 55515
29602 1114
29702 7034
29802 35552
29902 41409
30002 62395
30102 3293
30202 23794
30302 2612
30402 41300
30502 57407
30602 12933
30702 11419
30802 30839
30902 6611
31002 42658
31102 26973
31202 3285
31302 17404
31402 21058
31502 36655
31602 50399
31702 48603
31802 40559
31902 6407
32002 35923
32102 21031
32202 65205
32302 42799
32402 2794
32502 49984
32602 57579
32702 9610
32802 59682
32902 906
33002 55821
33102 2641
33202 23613
33302 49933
33402 1887
33502 37279
33602 7911
33702 60725
33802 21517
33902 10712
34002 25513
34102 12368
34202 21428
34302 750
34402 29648
34502 58193
34602 628
34702 21076
34802 38827
34902 63982
35002 15592
35102 39299
35202 21233
35302 15899
35402 18580
35502 61671
35602 47652
35702 59496
35802 15039
35902 1962
36002 31721
36102 58466
36202 3719
36302 58051
36402 406
36502 53550
36602 47967
36702 61676
36802 18489
36902 10057
37002 65323
37102 51489
37202 1852
37302 57774
37402 37710
37502 29746
37602 64727
37702 19600
37802 45637
37902 60564
38002 22385
38102 3833
38202 12354
38302 12931
38402 22131
38502 43717
38602 64415
38702 51721
38802 31654
38902 51659
39002 65385
39102 51451
39202 5853
39302 14816
39402 32392
39502 24520
39602 21511
39702 52818
39802 50070
39902 55057
40002 52133
40102 21976
40202 54763
40302 21310
40402 41292
40502 48808
40602 24165
40702 12377
40802 440
40902 34204
41002 38810
41102 21189
41202 38701
41302 62851
41402 60701
41502 24074
41602 30666
41702 40893
41802 26510
41902 54028
42002 15994
42102 19516
42202 56807
42302 54104
42402 45659
42502 31372
42602 22716
42702 65313
42802 46278
42902 50013
43002 8164
43102 35523
43202 1673
43302 2326
43402 59513
43502 20648
43602 46815
43702 33909
43802 43670
43902 35817
44002 61773
44102 15144
44202 36258
44302 10356
44402 23932
44502 33069
44602 19694
44702 40942
44802 53260
44902 62097
45002 49785
45102 733
45202 22400
45302 17100
45402 5199
45502 53886
45602 36904
45702 1070
45802 51807
45902 47164
46002 22026
46102 41203
46202 50184
46302 2333
46402 35608
46502 41569
46602 36740
46702 53100
46802 15250
46902 48636
47002 22724
47102 61727
47202 3723
47302 40718
47402 2721
47502 1708
47602 58779
47702 6419
47802 18699
47902 34133
48002 20372
48102 18542
48202 57645
48302 59291
48402 54993
48502 50028
48602 30449
48702 4071
48802 45212
48902 37950
49002 3093
49102 14475
49202 5739
49302 7191
49402 14059
49502 3764
49602 25268
49702 26745
49802 52556
49902 14941
50002 24232
50102 25150
50202 40315
50302 48518
50402 58994
50502 23701
50602 44794
50702 41598
50802 31815
50902 1794
51002 42926
51102 2884
51202 61880
51302 64359
51402 30770
51502 42368
51602 55829
51702 59417
51802 44486
51902 12105
52002 9046
52102 24485
52202 25720
52302 30496
52402 48416
52502 43382
52602 64135
52702 12061
52802 11850
52902 31246
53002 56418
53102 49070
53202 7994
53302 7856
53402 30193
53502 38849
53602 18658
53702 45841
53802 55502
53902 39183
54002 20602
54102 59652
54202 60826
54302 28222
54402 33273
54502 18948
54602 47375
54702 33079
54802 52638
54902 65282
55002 42088
55102 23684
55202 19746
55302 18054
55402 33827
55502 2934
55602 17830
55702 4405
55802 39670
55902 58523
56002 42960
56102 18322
56202 46787
56302 21082
56402 50313
56502 50733
56602 55908
56702 40167
56802 42632
56902 6459
57002 8311
57102 736
57202 25274
57302 36347
57402 38650
57502 36233
57602 27742
57702 12801
57802 21362
57902 55752
58002 45799
58102 36117
58202 7950
58302 34512
58402 56427
58502 58112
58602 41935
58702 11074
58802 44268
58902 62444
59002 23237
59102 48277
59202 65310
59302 31367
59402 30777
59502 56557
59602 35675
59702 13980
59802 47169
59902 46454
60002 16718
60102 15163
60202 19290
60302 22990
60402 2830
60502 33955
60602 27811
60702 32158
60802 32874
60902 13790
61002 8409
61102 61797
61202 58551
61302 31188
61402 14020
61502 18733
61602 34587
61702 55159
61802 40234
61902 43791
62002 55249
62102 33840
62202 39316
62302 10923
62402 18223
62502 33543
62602 16812
62702 63225
62802 9167
62902 13606
63002 3917
63102 53167
63202 46740
63302 54178
63402 19136
63502 49879
63602 31004
63702 9642
63802 13451
63902 21423
64002 26016
64102 12851
64202 12707
64302 32560
64402 25301
64502 16125
64602 56718
64702 12738
64802 36051
64902 51130
65002 60953
65102 46230
65202 36290
65302 55137
65402 45249
65502 18883
65602 35496
65702 36927
65802 40100
65902 63474
66002 38937
66102 24750
66202 27725
66302 594
66402 3412
66502 9362
66602 19322
66702 39258
66802 59860
66902 25821
67002 61579
67102 43956
67202 32159
67302 56277
67402 62993
67502 1315
67602 23438
67702 9825
67802 35352
67902 13913
68002 15549
68102 42635
68202 19920
68302 46234
68402 30199
68502 33682
68602 64011
68702 56391
68802 13448
68902 33520
69002 45737
69102 22343
69202 9698
69302 19499
69402 52881
69502 42836
69602 11902
69702 31938
69802 39826
69902 62297
70002 7096
70102 17539
70202 23648
70302 50966
70402 62268
70502 28572
70602 2740
70702 57917
70802 21631
70902 3535
71002 975
71102 32791
71202 30574
71302 55213
71402 44161
71502 13764
71602 64225
71702 13115
71802 65299
71902 37988
72002 38729
72102 56895
72202 7288
72302 55926
72402 55163
72502 15082
72602 59792
72702 61665
72802 54933
72902 46068
73002 3932
73102 33204
73202 32955
73302 63652
73402 46110
73502 39647
73602 29731
73702 4177
73802 9761
73902 26948
74002 62219
74102 27136
74202 47202
74302 15868
74402 29657
74502 1350
74602 20052
74702 55706
74802 43927
74902 3350
75002 31758
75102 38914
75202 44574
75302 64247
75402 41241
75502 50553
75602 64032
75702 9569
75802 56774
75902 13292
76002 50075
76102 38395
76202 47846
76302 29382
76402 9851
76502 12750
76602 51672
76702 22414
76802 554
76902 1004
77002 10235
77102 4586
77202 61305
77302 917
77402 49533
77502 25953
77602 49903
77702 34657
77802 34990
77902 33284
78002 64584
78102 51784
78202 10566
78302 47214
78402 34368
78502 27007
78602 2838
78702 6894
78802 11728
78902 15440
79002 59881
79102 39842
79202 43496
79302 31922
79402 37309
79502 10515
79602 41159
79702 4824
79802 6964
79902 8208
80002 33717
80102 46329
80202 35439
80302 57999
80402 15864
80502 16014
80602 17744
80702 5062
80802 12901
80902 43480
81002 59073
81102 630
81202 46232
81302 53077
81402 38550
81502 36639
81602 15641
81702 9287
81802 34001
81902 32958
82002 44457
82102 63221
82202 37412
82302 29255
82402 12921
82502 10529
82602 60462
82702 25826
82802 19418
82902 29256
83002 54854
83102 3011
83202 8409
83302 43612
83402 15891
83502 29589
83602 15491
83702 15654
83802 30722
83902 26761
84002 62287
84102 63552
84202 37038
84302 23733
84402 10946
84502 53508
84602 35838
84702 17812
84802 48127
84902 44208
85002 46826
85102 20970
85202 50884
85302 49279
85402 22100
85502 41901
85602 14360
85702 6944
85802 63310
85902 48419
86002 34325
86102 32112
86202 12027
86302 33480
86402 36520
86502 47830
86602 1598
86702 44919
86802 31190
86902 25930
87002 28401
87102 11552
87202 27643
87302 51281
87402 31982
87502 21420
87602 4585
87702 33395
87802 37396
87902 12591
88002 23280
88102 7587
88202 19771
88302 45859
88402 32929
88502 40365
88602 5544
88702 55840
88802 27520
88902 43597
89002 17941
89102 42347
89202 25938
89302 65359
89402 29493
89502 2417
89602 18739
89702 29757
89802 4324
89902 25989
90002 8273
90102 23473
90202 19686
90302 28071
90402 7266
