102 17075
202 3482
302 24363
402 9552
502 6723
602 33912
702 14938
802 42041
902 2566
1002 58670
1102 27812
1202 46919
1302 7328
1402 3810
1502 37551
1602 15514
1702 30972
1802 45102
1902 63844
2002 50394
2102 34547
2202 36320
2302 64315
2402 63022
2502 7163
2602 1403
2702 62803
2802 13794
2902 25376
3002 48200
3102 3746
3202 34839
3302 54704
3402 42975
3502 8957
3602 10867
3702 36914
3802 5134
3902 12111
4002 38912
4102 54866
4202 42082
4302 60372
4402 31287
4502 49618
4602 11751
4702 3517
4802 6140
4902 35265
5002 12050
5102 42687
5202 9694
5302 19754
5402 20713
5502 14658
5602 14640
5702 62870
5802 64417
5902 16470
6002 28098
6102 3866
6202 36172
6302 56480
6402 40673
6502 31694
6602 7260
6702 64903
6802 10056
6902 47099
7002 12749
7102 51912
7202 60096
7302 38003
7402 48929
7502 16093
7602 29175
7702 42859
7802 7896
7902 45426
8002 50288
8102 24244
8202 64056
8302 26922
8402 45170
8502 25621
8602 60836
8702 60108
8802 59029
8902 44843
9002 51646
9102 51717
9202 36470
9302 53189
9402 36047
9502 5494
9602 26187
9702 6141
9802 37459
9902 22697
10002 57311
10102 4511
10202 31887
10302 53124
10402 28322
10502 6823
10602 47697
10702 27782
10802 6990
10902 28883
11002 9993
11102 46300
11202 47869
11302 27580
11402 54382
11502 46577
11602 54191
11702 28512
11802 10945
11902 7589
12002 31520
12102 1769
12202 29513
12302 5536
12402 53218
12502 55117
12602 51226
12702 32445
12802 41453
12902 5113
13002 47181
13102 34846
13202 63662
13302 13357
13402 46036
13502 52644
13602 56049
13702 30736
13802 40830
13902 23518
14002 4642
14102 55504
14202 40388
14302 33451
14402 12632
14502 34875
14602 6688
14702 19661
14802 62382
14902 20869
15002 1989
15102 53219
15202 26127
15302 10567
15402 4415
15502 46612
15602 60267
15702 16025
15802 19863
15902 12248
16002 47515
16102 7268
16202 35785
16302 25676
16402 54039
16502 26346
16602 2790
16702 18659
16802 3099
16902 31703
17002 13634
17102 6262
17202 39036
17302 19088
17402 25214
17502 37365
17602 51119
17702 14945
17802 11016
17902 18832
18002 650
18102 38932
18202 34313
18302 46313
18402 9975
18502 27930
18602 35550
18702 8451
18802 6509
18902 65459
19002 46301
19102 52551
19202 3420
19302 8803
19402 61652
19502 1022
19602 20177
19702 38552
19802 2448
19902 27367
20002 20077
20102 49512
20202 3230
20302 5504
20402 62842
20502 41246
20602 15467
20702 44717
20802 32175
20902 43838
21002 11129
21102 45334
21202 57333
21302 53208
21402 32173
21502 46093
21602 23601
21702 16504
21802 57421
21902 31382
22002 3702
22102 43697
22202 31420
22302 54235
22402 53742
22502 6377
22602 24149
22702 17880
22802 54914
22902 60788
23002 22630
23102 63083
23202 32506
23302 62355
23402 46045
23502 49308
23602 6511
23702 48166
23802 44853
23902 6793
24002 49800
24102 34585
24202 54461
24302 15688
24402 57935
24502 64039
24602 12729
24702 2159
24802 53124
24902 10887
25002 30686
25102 42930
25202 1731
25302 27680
25402 43416
25502 29386
25602 50479
25702 19148
25802 53448
25902 49609
26002 25926
26102 3827
26202 12860
26302 6605
26402 55933
26502 20572
26602 24705
26702 21658
26802 32974
26902 60336
27002 25968
27102 50034
27202 31350
27302 52266
27402 60352
27502 53206
27602 49520
27702 55537
27802 62100
27902 18818
28002 22352
28102 14192
28202 8815
28302 56282
28402 52548
28502 53975
28602 48637
28702 31550
28802 36405
28902 31104
29002 29954
29102 41242
29202 18491
29302 43348
29402 24205
29502 56077
29602 42541
29702 18176
29802 54750
29902 38254
30002 27089
30102 51166
30202 44923
30302 24309
30402 17622
30502 5876
30602 35081
30702 41275
30802 27212
30902 45343
31002 4409
31102 3232
31202 2333
31302 17594
31402 37527
31502 10541
31602 42116
31702 32693
31802 51272
31902 44055
32002 59319
32102 19191
32202 36210
32302 46091
32402 22283
32502 18284
32602 18345
32702 42176
32802 16650
32902 50605
33002 53
33102 28493
33202 65231
33302 28583
33402 3331
33502 32794
33602 27994
33702 16481
33802 55601
33902 60227
34002 44050
34102 64162
34202 12329
34302 23971
34402 50994
34502 18452
34602 40520
34702 52288
34802 2893
34902 2383
35002 33201
35102 63195
35202 34205
35302 35522
35402 53030
35502 44897
35602 5614
35702 13551
35802 60894
35902 8103
36002 3091
36102 34953
36202 41172
36302 29117
36402 28159
36502 59219
36602 29503
36702 20821
36802 16506
36902 46108
37002 16345
37102 32607
37202 18824
37302 23510
37402 10247
37502 63067
37602 37040
37702 29959
37802 54664
37902 50151
38002 38142
38102 65230
38202 56335
38302 16824
38402 19444
38502 11769
38602 46725
38702 28980
38802 12672
38902 52631
39002 31301
39102 46765
39202 641
39302 40306
39402 21788
39502 18081
39602 48282
39702 28466
39802 6792
39902 9249
40002 64616
40102 53780
40202 35302
40302 36052
40402 33718
40502 29198
40602 40789
40702 57858
40802 55002
40902 80
41002 18501
41102 52350
41202 55190
41302 6441
41402 40590
41502 39965
41602 30860
41702 25317
41802 31889
41902 28762
42002 58760
42102 26574
42202 209
42302 24440
42402 27612
42502 1606
42602 2631
42702 50489
42802 49514
42902 42664
43002 28605
43102 58953
43202 40274
43302 35560
43402 57455
43502 24981
43602 53505
43702 40810
43802 26125
43902 22592
44002 14389
44102 59086
44202 36075
44302 54704
44402 17572
44502 6517
44602 53849
44702 817
44802 63664
44902 8726
45002 24139
45102 17678
45202 7977
45302 12453
45402 54043
45502 51975
45602 35080
45702 3709
45802 42320
45902 30066
46002 26206
46102 1176
46202 21463
46302 61344
46402 22789
46502 30058
46602 36099
46702 1706
46802 44406
46902 60436
47002 2593
47102 1426
47202 4948
47302 43478
47402 58488
47502 6847
47602 41493
47702 17733
47802 6570
47902 65141
48002 34983
48102 2310
48202 64123
48302 46908
48402 54945
48502 46158
48602 11327
48702 56898
48802 3229
48902 57644
49002 6790
49102 5755
49202 10866
49302 14233
49402 12373
49502 32407
49602 18774
49702 44935
49802 39435
49902 18559
50002 5374
50102 63651
50202 15747
50302 17788
50402 21667
50502 58982
50602 24959
50702 15823
50802 54923
50902 64084
51002 21850
51102 45302
51202 57365
51302 25938
51402 22020
51502 50688
51602 14768
51702 58480
51802 60435
51902 44048
52002 5620
52102 13568
52202 61051
52302 45766
52402 36101
52502 5579
52602 2906
52702 59857
52802 16421
52902 16288
53002 49187
53102 49257
53202 23
53302 48130
53402 40121
53502 32964
53602 10919
53702 59521
53802 14475
53902 50017
54002 29103
54102 28733
54202 9443
54302 34328
54402 12015
54502 41872
54602 31348
54702 28784
54802 47846
54902 39314
55002 42963
55102 46977
55202 45780
55302 29294
55402 26774
55502 28801
55602 9796
55702 26399
55802 52708
55902 19911
56002 42133
56102 39959
56202 15738
56302 59397
56402 25058
56502 24959
56602 19033
56702 52897
56802 15296
56902 48497
57002 45142
57102 11916
57202 16389
57302 21471
57402 10783
57502 32345
57602 1466
57702 45489
57802 47645
57902 29472
58002 32547
58102 54514
58202 62088
58302 42243
58402 61693
58502 51500
58602 42349
58702 63746
58802 31005
58902 48164
59002 35525
59102 29926
59202 61896
59302 1651
59402 1410
59502 64668
59602 13580
59702 63914
59802 54604
59902 52859
60002 48190
60102 40388
60202 63998
60302 22181
60402 8468
60502 61497
60602 42054
60702 58432
60802 49592
60902 41939
61002 57934
61102 32418
61202 44924
61302 23390
61402 37772
61502 45055
61602 4930
61702 1894
61802 2295
61902 23688
62002 47238
62102 28339
62202 30412
62302 10740
62402 21173
62502 35677
62602 61260
62702 56273
62802 16058
62902 1
63002 46129
63102 4836
63202 60963
63302 19023
63402 25744
63502 62355
63602 62836
63702 54465
63802 31701
63902 57973
64002 55695
64102 17687
64202 14916
64302 64981
64402 19023
64502 52335
64602 15522
64702 55484
64802 36466
64902 55839
65002 25406
65102 23320
65202 57717
65302 39470
65402 49843
65502 41654
65602 10756
65702 52083
65802 21105
65902 35984
66002 19754
66102 24611
66202 1512
66302 60974
66402 20840
66502 45786
66602 33448
66702 30724
66802 53685
66902 40871
67002 25276
67102 40617
67202 61883
67302 62694
67402 10669
67502 62018
67602 12879
67702 53419
67802 54996
67902 60514
68002 6245
68102 49575
68202 5214
68302 37303
68402 19382
68502 46325
68602 33007
68702 18800
68802 9858
68902 8819
69002 35830
69102 22959
69202 49947
69302 6633
69402 28440
69502 42995
69602 29033
69702 32273
69802 22112
69902 52657
70002 33270
70102 35070
70202 27447
70302 38311
70402 27845
70502 22429
70602 29405
70702 682
70802 62892
70902 2725
71002 35349
71102 388
71202 11428
71302 29292
71402 64283
71502 34257
71602 1171
71702 6164
71802 15731
71902 14612
72002 33663
72102 55615
72202 34646
72302 32321
72402 33014
72502 48533
72602 8303
72702 2076
72802 5471
72902 56193
73002 36452
73102 41653
73202 44479
73302 16055
73402 42229
73502 34639
73602 50999
73702 8007
73802 49643
73902 47956
74002 10044
74102 48328
74202 25224
74302 49284
74402 29185
74502 41380
74602 49080
74702 43669
74802 24983
74902 11588
75002 17378
75102 41400
75202 16969
75302 34907
75402 40694
75502 34934
75602 52138
75702 8415
75802 49643
75902 39241
76002 60002
76102 52481
76202 31509
76302 39436
76402 64974
76502 45426
76602 34883
76702 25619
76802 39330
76902 43037
77002 12417
77102 60260
77202 32460
77302 60872
77402 38663
77502 54431
77602 47073
77702 22616
77802 28843
77902 7407
78002 49109
78102 11030
78202 38825
78302 20560
78402 41935
78502 22011
78602 23446
78702 6283
78802 63370
78902 19435
79002 6838
79102 61053
79202 33685
79302 19322
79402 49880
79502 485
79602 20124
79702 64485
79802 30839
79902 10188
80002 23743
80102 12091
80202 50649
80302 41529
80402 52909
80502 62355
80602 17818
80702 55920
80802 36599
80902 33486
81002 48736
81102 10021
81202 55452
81302 41950
81402 43915
81502 64334
81602 9705
81702 5481
81802 52505
81902 43897
82002 53777
82102 7390
82202 26283
82302 56148
82402 3045
82502 52507
82602 40908
82702 39661
82802 49297
82902 64677
83002 23833
83102 1226
83202 62275
83302 57882
83402 52779
83502 35278
83602 14622
83702 46602
83802 27161
83902 26513
84002 17261
84102 2138
84202 46008
84302 33262
84402 58959
84502 48646
84602 38223
84702 15335
84802 8677
84902 34431
85002 14235
85102 31073
85202 25311
85302 60585
85402 42292
85502 11980
85602 30806
85702 34359
85802 42469
85902 26190
86002 29889
86102 45061
86202 52393
86302 59482
86402 14358
86502 64552
86602 22551
86702 29818
86802 31496
86902 33468
87002 47442
87102 6526
87202 32087
87302 924
87402 34990
87502 63689
87602 57159
87702 46246
87802 39462
87902 54283
88002 12770
88102 53219
88202 4309
88302 18836
88402 6913
88502 34267
88602 10136
88702 14924
88802 30614
88902 48007
89002 23396
89102 37585
89202 41026
89302 22452
89402 64607
89502 592
89602 60621
89702 17269
89802 10631
89902 21078
90002 6822
90102 27824
