102 65238
202 61027
302 23687
402 48466
502 40149
602 52339
702 19633
802 38352
902 36618
1002 62976
1102 19808
1202 57290
1302 63321
1402 27804
1502 34167
1602 64733
1702 985
1802 39564
1902 14968
2002 56564
2102 21133
2202 18618
2302 17186
2402 61805
2502 55662
2602 54642
2702 55494
2802 43516
2902 8788
3002 59643
3102 945
3202 4797
3302 49449
3402 48107
3502 56413
3602 31034
3702 17197
3802 40359
3902 4330
4002 45305
4102 20188
4202 6634
4302 53743
4402 36031
4502 32344
4602 4895
4702 47333
4802 26539
4902 29781
5002 36975
5102 44460
5202 4015
5302 17813
5402 62706
5502 60824
5602 64638
5702 60904
5802 34445
5902 60309
6002 49487
6102 18505
6202 17016
6302 3294
6402 44794
6502 55459
6602 29198
6702 57385
6802 24831
6902 45099
7002 31712
7102 25784
7202 38373
7302 61211
7402 60760
7502 51604
7602 7540
7702 29401
7802 53029
7902 27812
8002 20523
8102 18841
8202 64116
8302 60638
8402 52737
8502 33212
8602 18827
8702 64644
8802 47815
8902 60859
9002 44178
9102 8731
9202 36702
9302 25322
9402 13769
9502 52522
9602 30592
9702 15121
9802 11076
9902 29254
10002 13447
10102 16228
10202 51332
10302 17555
10402 12053
10502 4181
10602 33074
10702 44163
10802 43709
10902 45920
11002 41155
11102 64014
11202 46214
11302 3926
11402 8628
11502 58658
11602 52320
11702 22397
11802 39605
11902 61817
12002 37993
12102 21125
12202 25208
12302 61756
12402 34633
12502 1267
12602 39651
12702 27103
12802 30777
12902 27075
13002 57046
13102 26459
13202 61769
13302 63055
13402 18132
13502 35427
13602 63460
13702 3385
13802 2830
13902 2359
14002 12461
14102 13428
14202 8398
14302 20125
14402 1257
14502 20834
14602 9626
14702 31443
14802 44547
14902 33128
15002 44544
15102 28915
15202 29828
15302 5935
15402 43778
15502 60970
15602 19158
15702 15073
15802 18836
15902 39835
16002 49041
16102 56035
16202 8395
16302 4434
16402 17638
16502 30328
16602 24151
16702 28945
16802 10279
16902 2603
17002 21937
17102 34664
17202 8820
17302 27505
17402 26342
17502 34031
17602 51241
17702 31560
17802 62465
17902 76
18002 37888
18102 61730
18202 15537
18302 58591
18402 12158
18502 38660
18602 53138
18702 55157
18802 9675
18902 9680
19002 57752
19102 53228
19202 31355
19302 12736
19402 25039
19502 22071
19602 57088
19702 51962
19802 4847
19902 23346
20002 52623
20102 63950
20202 23524
20302 1679
20402 42699
20502 52569
20602 11286
20702 31384
20802 33820
20902 22744
21002 33648
21102 10833
21202 26851
21302 33706
21402 40665
21502 25422
21602 45509
21702 20969
21802 57066
21902 20695
22002 30135
22102 21689
22202 64820
22302 3162
22402 24601
22502 60428
22602 27295
22702 10833
22802 22547
22902 57080
23002 24905
23102 14701
23202 22819
23302 50447
23402 8991
23502 5200
23602 58629
23702 15898
23802 39206
23902 39035
24002 44329
24102 59638
24202 8340
24302 7909
24402 15805
24502 12138
24602 59636
24702 56811
24802 33858
24902 51911
25002 65002
25102 8551
25202 66
25302 40715
25402 17245
25502 18741
25602 45998
25702 34996
25802 11642
25902 18243
26002 14273
26102 45371
26202 31780
26302 54925
26402 30311
26502 36083
26602 46455
26702 3549
26802 44691
26902 27610
27002 39796
27102 3298
27202 53687
27302 34210
27402 36207
27502 63269
27602 1732
27702 34189
27802 27548
27902 60335
28002 55544
28102 33859
28202 31322
28302 14503
28402 9789
28502 23656
28602 60572
28702 51397
28802 38683
28902 4324
29002 41910
29102 39768
29202 17998
29302 3628
29402 33243
29502 37488
29602 3181
29702 46812
29802 12809
29902 44037
30002 55251
30102 61366
30202 14939
30302 51043
30402 32438
30502 30275
30602 8613
30702 41245
30802 9440
30902 14100
31002 44497
31102 58302
31202 64312
31302 11447
31402 27958
31502 6688
31602 9071
31702 61882
31802 9721
31902 8092
32002 48889
32102 28136
32202 21330
32302 38090
32402 9662
32502 9092
32602 57343
32702 58868
32802 55935
32902 37144
33002 39769
33102 62630
33202 9316
33302 23522
33402 51008
33502 31724
33602 51601
33702 63537
33802 16187
33902 18862
34002 44857
34102 28953
34202 29281
34302 8200
34402 43942
34502 62504
34602 18186
34702 1896
34802 6583
34902 65067
35002 30912
35102 1718
35202 47153
35302 44444
35402 23140
35502 42833
35602 56786
35702 28575
35802 33810
35902 63268
36002 19217
36102 17133
36202 34071
36302 54649
36402 37474
36502 2857
36602 23575
36702 14004
36802 27570
36902 30241
37002 7838
37102 60088
37202 18610
37302 18424
37402 4781
37502 21429
37602 46157
37702 63858
37802 17165
37902 24961
38002 44388
38102 2343
38202 30403
38302 34492
38402 1005
38502 34336
38602 7397
38702 18701
38802 31712
38902 46640
39002 48526
39102 4997
39202 54439
39302 11624
39402 5256
39502 48877
39602 62983
39702 52932
39802 50452
39902 16927
40002 60285
40102 2426
40202 31314
40302 44833
40402 19797
40502 37620
40602 39170
40702 2995
40802 21300
40902 9295
41002 49893
41102 8356
41202 16449
41302 16936
41402 55393
41502 22441
41602 6109
41702 15553
41802 51621
41902 17645
42002 9100
42102 17887
42202 62123
42302 4182
42402 60936
42502 18900
42602 46003
42702 13969
42802 60304
42902 97
43002 50114
43102 65223
43202 5405
43302 29070
43402 32259
43502 61923
43602 12206
43702 30985
43802 46868
43902 52288
44002 28125
44102 55453
44202 44971
44302 2956
44402 43687
44502 2480
44602 3217
44702 59797
44802 34031
44902 9440
45002 8963
45102 60566
45202 6871
45302 8289
45402 10551
45502 37566
45602 37927
45702 22947
45802 51958
45902 12842
46002 40275
46102 29985
46202 20914
46302 6959
46402 9623
46502 62296
46602 3785
46702 5454
46802 39635
46902 63094
47002 59478
47102 47028
47202 23885
47302 41952
47402 37174
47502 38849
47602 37017
47702 40729
47802 26258
47902 38774
48002 5450
48102 48998
48202 41052
48302 1142
48402 4254
48502 33320
48602 6817
48702 30265
48802 15750
48902 10050
49002 15825
49102 51159
49202 37606
49302 30719
49402 9022
49502 39308
49602 13449
49702 26036
49802 56764
49902 59815
50002 58574
50102 2644
50202 58616
50302 3636
50402 62814
50502 37976
50602 54008
50702 23648
50802 36335
50902 3188
51002 37951
51102 7164
51202 1765
51302 18034
51402 31142
51502 25611
51602 48039
51702 38271
51802 25950
51902 36610
52002 50632
52102 10726
52202 12860
52302 47944
52402 11643
52502 55311
52602 50040
52702 60278
52802 54810
52902 40823
53002 56013
53102 22836
53202 19898
53302 25764
53402 30278
53502 62793
53602 21510
53702 3111
53802 36461
53902 22466
54002 59462
54102 16326
54202 1560
54302 9993
54402 47245
54502 53521
54602 46967
54702 35759
54802 48970
54902 49834
55002 40969
55102 54502
55202 17781
55302 44441
55402 64888
55502 21433
55602 31705
55702 65532
55802 36798
55902 43203
56002 11141
56102 24319
56202 64407
56302 49726
56402 25147
56502 38046
56602 42984
56702 15394
56802 12805
56902 29110
57002 53269
57102 44035
57202 49486
57302 22301
57402 28464
57502 48262
57602 37403
57702 41855
57802 45674
57902 37747
58002 2109
58102 33772
58202 59944
58302 33090
58402 20750
58502 54773
58602 60767
58702 52622
58802 19412
58902 49520
59002 56230
59102 40374
59202 4278
59302 26429
59402 1513
59502 56573
59602 41312
59702 30044
59802 55431
59902 7195
60002 14678
60102 51886
60202 62522
60302 47187
60402 55587
60502 21394
60602 3411
60702 41046
60802 55632
60902 24516
61002 53141
61102 54937
61202 47406
61302 25722
61402 61471
61502 8640
61602 30713
61702 49077
61802 59347
61902 57947
62002 34555
62102 63501
62202 6867
62302 16471
62402 42162
62502 33925
62602 35110
62702 29488
62802 44672
62902 18983
63002 1154
63102 40877
63202 48067
63302 64132
63402 62702
63502 23640
63602 26408
63702 25875
63802 8195
63902 51589
64002 62318
64102 4090
64202 11415
64302 53826
64402 23537
64502 774
64602 51028
64702 30734
64802 53909
64902 40437
65002 58304
65102 42003
65202 42626
65302 56182
65402 63202
65502 54160
65602 26710
65702 60738
65802 62954
65902 19761
66002 6610
66102 20111
66202 41582
66302 33286
66402 4952
66502 46008
66602 64255
66702 32028
66802 23993
66902 53267
67002 22501
67102 18719
67202 48667
67302 22057
67402 46839
67502 60206
67602 61774
67702 56587
67802 26756
67902 9643
68002 27875
68102 58260
68202 25370
68302 17970
68402 55134
68502 41692
68602 5407
68702 2688
68802 15818
68902 52372
69002 2124
69102 16469
69202 3924
69302 5164
69402 8414
69502 38369
69602 2392
69702 49963
69802 12602
69902 33746
70002 59822
70102 20423
70202 14879
70302 49105
70402 5942
70502 5206
70602 3428
70702 52146
70802 1939
70902 22513
71002 56207
71102 50715
71202 19317
71302 31099
71402 24103
71502 27511
71602 56071
71702 15968
71802 55554
71902 44968
72002 41645
72102 34166
72202 53655
72302 45635
72402 64171
72502 45202
72602 43281
72702 44854
72802 17059
72902 21141
73002 11104
73102 42531
73202 8444
73302 35156
73402 40746
73502 5943
73602 46759
73702 11274
73802 19344
73902 20190
74002 24188
74102 25492
74202 62771
74302 10140
74402 51650
74502 53029
74602 60769
74702 30597
74802 37337
74902 31338
75002 2658
75102 10648
75202 45581
75302 56313
75402 32034
75502 37582
75602 40050
75702 29135
75802 43507
75902 56963
76002 42410
76102 16568
76202 28521
76302 46459
76402 60034
76502 16211
76602 29565
76702 14201
76802 56517
76902 10701
77002 37515
77102 28827
77202 55252
77302 17020
77402 45728
77502 53149
77602 20136
77702 50859
77802 50701
77902 52577
78002 12582
78102 52988
78202 45823
78302 47653
78402 29272
78502 56621
78602 37308
78702 15355
78802 47483
78902 4430
79002 31150
79102 56440
79202 16871
79302 25717
79402 15150
79502 32847
79602 18967
79702 62416
79802 40727
79902 23460
80002 46950
80102 4484
80202 113
80302 24664
80402 31267
80502 35124
80602 12177
80702 16322
80802 26090
80902 30033
81002 14681
81102 38486
81202 28153
81302 22714
81402 62409
81502 15027
81602 1779
81702 43029
81802 38185
81902 35942
82002 59662
82102 1617
82202 27275
82302 10451
82402 53568
82502 17363
82602 46773
82702 63655
82802 36263
82902 64912
83002 34725
83102 54615
83202 63529
83302 42624
83402 51989
83502 3045
83602 13896
83702 55581
83802 58204
83902 47631
84002 11225
84102 56513
84202 9518
84302 42019
84402 9385
84502 27342
84602 58554
84702 9876
84802 16730
84902 48170
85002 48199
85102 45517
85202 39652
85302 63956
85402 11203
85502 20367
85602 29092
85702 13470
85802 38279
85902 28089
86002 19904
86102 58741
86202 8943
86302 62432
86402 46823
86502 16441
86602 32968
86702 23104
86802 50518
86902 14562
87002 8703
87102 23557
87202 50321
87302 17424
87402 51998
87502 23725
87602 1975
87702 5257
87802 33629
87902 53620
88002 18725
88102 6439
88202 21020
88302 93
88402 8668
88502 51396
88602 56643
88702 54242
88802 15904
88902 64262
89002 51766
89102 19375
89202 47092
89302 1406
89402 50913
89502 5274
89602 42360
89702 12418
89802 52382
89902 13449
90002 49518
90102 1811
