102 9750
202 46631
302 19227
402 19626
502 32039
602 36702
702 11233
802 48277
902 52131
1002 2590
1102 12301
1202 8029
1302 60874
1402 15241
1502 15219
1602 9424
1702 53244
1802 6789
1902 25480
2002 11121
2102 7665
2202 33167
2302 57175
2402 62683
2502 25429
2602 19385
2702 59840
2802 58273
2902 57190
3002 4902
3102 23098
3202 20868
3302 42915
3402 478
3502 39950
3602 54579
3702 3959
3802 7785
3902 12664
4002 49993
4102 32989
4202 28407
4302 28366
4402 34341
4502 30831
4602 53655
4702 10496
4802 16867
4902 12203
5002 1962
5102 40202
5202 57319
5302 3842
5402 40795
5502 11518
5602 39938
5702 4212
5802 49480
5902 6182
6002 4179
6102 12789
6202 63072
6302 27076
6402 13685
6502 1594
6602 47302
6702 37060
6802 33213
6902 43901
7002 44346
7102 39382
7202 13078
7302 35413
7402 23580
7502 21999
7602 2128
7702 565
7802 28158
7902 3298
8002 43804
8102 18823
8202 30192
8302 64500
8402 12218
8502 8872
8602 47028
8702 64645
8802 57510
8902 880
9002 27716
9102 14223
9202 31258
9302 20998
9402 7258
9502 45324
9602 12699
9702 56662
9802 34108
9902 33690
10002 30475
10102 42582
10202 17126
10302 17207
10402 51696
10502 23028
10602 48813
10702 54014
10802 51522
10902 16057
11002 48235
11102 54397
11202 44391
11302 22837
11402 41742
11502 26770
11602 60184
11702 62919
11802 64378
11902 33499
12002 27603
12102 25685
12202 60949
12302 23632
12402 14900
12502 29715
12602 42239
12702 53161
12802 28094
12902 1884
13002 10286
13102 43279
13202 14701
13302 18935
13402 540
13502 4826
13602 17893
13702 56339
13802 55424
13902 51761
14002 30567
14102 28941
14202 59903
14302 14342
14402 54180
14502 44054
14602 28243
14702 29266
14802 37847
14902 11424
15002 38115
15102 26475
15202 37726
15302 64087
15402 65094
15502 24107
15602 25861
15702 33958
15802 55695
15902 30718
16002 30585
16102 54660
16202 33085
16302 10278
16402 58671
16502 64199
16602 63868
16702 39520
16802 46864
16902 50003
17002 21746
17102 6056
17202 26361
17302 32420
17402 6848
17502 59622
17602 47057
17702 38602
17802 11075
17902 45058
18002 49301
18102 56643
18202 59222
18302 49674
18402 45248
18502 47695
18602 51069
18702 33112
18802 34178
18902 28565
19002 48319
19102 53396
19202 28815
19302 955
19402 29655
19502 52046
19602 13594
19702 37450
19802 6464
19902 60683
20002 59743
20102 29003
20202 31600
20302 38278
20402 4627
20502 45177
20602 58359
20702 48554
20802 31089
20902 45879
21002 53669
21102 64871
21202 62123
21302 40588
21402 34907
21502 47369
21602 8503
21702 3865
21802 3442
21902 7288
22002 17354
22102 56164
22202 12835
22302 13877
22402 5046
22502 58307
22602 11098
22702 29792
22802 24538
22902 46409
23002 62622
23102 6057
23202 24881
23302 53281
23402 26528
23502 15401
23602 13603
23702 5129
23802 4107
23902 29831
24002 48608
24102 44946
24202 32674
24302 6532
24402 12827
24502 1636
24602 50498
24702 3614
24802 17877
24902 31527
25002 5403
25102 53104
25202 21699
25302 31504
25402 47606
25502 43110
25602 36259
25702 58352
25802 46541
25902 57489
26002 32355
26102 63116
26202 238
26302 53970
26402 50672
26502 38560
26602 32944
26702 26
26802 10481
26902 11625
27002 31299
27102 38933
27202 18790
27302 16808
27402 25987
27502 3940
27602 32842
27702 37113
27802 48597
27902 57348
28002 20762
28102 55651
28202 6500
28302 15219
28402 21468
28502 19255
28602 7491
28702 30899
28802 24326
28902 63075
29002 47357
29102 28785
29202 49686
29302 38402
29402 56619
29502 28189
29602 36687
29702 37111
29802 15490
29902 6201
30002 39351
30102 63341
30202 62069
30302 3022
30402 8039
30502 48426
30602 17184
30702 447
30802 13397
30902 10840
31002 25360
31102 15753
31202 57647
31302 20286
31402 24856
31502 28240
31602 2932
31702 58816
31802 53948
31902 33113
32002 15846
32102 12325
32202 277
32302 24917
32402 5389
32502 45784
32602 59636
32702 35220
32802 22351
32902 27290
33002 13045
33102 13761
33202 49253
33302 17710
33402 11470
33502 55783
33602 10827
33702 46654
33802 39913
33902 3686
34002 55824
34102 60235
34202 15423
34302 34036
34402 22145
34502 33709
34602 16499
34702 42395
34802 63560
34902 64282
35002 41150
35102 24261
35202 32701
35302 36584
35402 22297
35502 39909
35602 42365
35702 58422
35802 18612
35902 59273
36002 4380
36102 41573
36202 38767
36302 37345
36402 13909
36502 32153
36602 18626
36702 20275
36802 3731
36902 11704
37002 21340
37102 21425
37202 62472
37302 60826
37402 3505
37502 31162
37602 33744
37702 4631
37802 28325
37902 17520
38002 20298
38102 11769
38202 58693
38302 19653
38402 57431
38502 22618
38602 54978
38702 38906
38802 5124
38902 49718
39002 28708
39102 2928
39202 31532
39302 57808
39402 19032
39502 44830
39602 62212
39702 17976
39802 21221
39902 25158
40002 24918
40102 64443
40202 60689
40302 38983
40402 26617
40502 25632
40602 54003
40702 28146
40802 3483
40902 44294
41002 33056
41102 65351
41202 12385
41302 46272
41402 43056
41502 17041
41602 41295
41702 1067
41802 24002
41902 23485
42002 8784
42102 3722
42202 43119
42302 65107
42402 20553
42502 43115
42602 53471
42702 49224
42802 17705
42902 51125
43002 60989
43102 37801
43202 34858
43302 62933
43402 61725
43502 35097
43602 16694
43702 61115
43802 37790
43902 61220
44002 60582
44102 13371
44202 27398
44302 47349
44402 8227
44502 24411
44602 52788
44702 23441
44802 28014
44902 9340
45002 48343
45102 23423
45202 48395
45302 12953
45402 56433
45502 19424
45602 53718
45702 62151
45802 52582
45902 6595
46002 12274
46102 6543
46202 34612
46302 51297
46402 7905
46502 13273
46602 58674
46702 39714
46802 42719
46902 30024
47002 42182
47102 41562
47202 19484
47302 44546
47402 27174
47502 31475
47602 44725
47702 43036
47802 63061
47902 4055
48002 27538
48102 48922
48202 36258
48302 5424
48402 34734
48502 54748
48602 28192
48702 46648
48802 18735
48902 59163
49002 30773
49102 8467
49202 62036
49302 59060
49402 45372
49502 62442
49602 1737
49702 49744
49802 16973
49902 60768
50002 43545
50102 54845
50202 44335
50302 15005
50402 7257
50502 17686
50602 49556
50702 27567
50802 35470
50902 52195
51002 24357
51102 46944
51202 50826
51302 55004
51402 12291
51502 6308
51602 13131
51702 14593
51802 12357
51902 7317
52002 11654
52102 2649
52202 39018
52302 19527
52402 53745
52502 20566
52602 31008
52702 31346
52802 31742
52902 65349
53002 46914
53102 39684
53202 54984
53302 25041
53402 20392
53502 46053
53602 51660
53702 36043
53802 28414
53902 32617
54002 29264
54102 33336
54202 62599
54302 26996
54402 64925
54502 42495
54602 31739
54702 8075
54802 45841
54902 33538
55002 11869
55102 33964
55202 37241
55302 6061
55402 3142
55502 32126
55602 59666
55702 3220
55802 17896
55902 20629
56002 30397
56102 62118
56202 28286
56302 16266
56402 64189
56502 17383
56602 640
56702 54080
56802 19939
56902 45181
57002 7677
57102 63854
57202 25010
57302 46041
57402 24089
57502 57144
57602 62626
57702 29981
57802 14397
57902 33291
58002 32792
58102 7628
58202 49040
58302 38791
58402 2534
58502 1679
58602 14796
58702 44463
58802 11128
58902 4479
59002 42924
59102 8371
59202 31384
59302 31755
59402 2384
59502 48126
59602 64216
59702 40793
59802 35290
59902 47264
60002 25131
60102 2480
60202 46717
60302 35499
60402 1941
60502 4806
60602 51261
60702 34031
60802 55530
60902 36552
61002 39617
61102 43432
61202 24041
61302 29848
61402 55702
61502 33166
61602 45603
61702 59279
61802 33845
61902 28138
62002 34663
62102 14436
62202 56474
62302 9466
62402 41732
62502 49316
62602 62424
62702 53345
62802 21177
62902 19149
63002 61603
63102 60437
63202 57659
63302 47271
63402 41210
63502 12501
63602 32922
63702 4286
63802 62571
63902 48482
64002 28151
64102 38075
64202 822
64302 65464
64402 10872
64502 41
64602 54093
64702 28938
64802 21494
64902 11546
65002 44681
65102 61059
65202 20657
65302 20438
65402 56686
65502 9619
65602 49078
65702 49476
65802 32126
65902 17071
66002 63516
66102 17362
66202 28568
66302 4090
66402 57202
66502 10965
66602 17428
66702 30587
66802 51150
66902 60244
67002 25525
67102 55959
67202 49382
67302 24415
67402 58430
67502 1204
67602 63731
67702 24644
67802 46679
67902 24365
68002 40375
68102 10679
68202 32575
68302 65384
68402 36027
68502 16261
68602 13706
68702 25769
68802 18187
68902 58726
69002 57349
69102 12334
69202 45828
69302 11673
69402 6429
69502 65129
69602 48308
69702 20861
69802 12976
69902 46121
70002 15129
70102 6906
70202 16990
70302 23371
70402 11301
70502 1305
70602 15210
70702 60330
70802 52819
70902 32891
71002 15463
71102 27763
71202 10371
71302 17012
71402 56724
71502 33511
71602 44781
71702 16450
71802 15173
71902 60623
72002 49735
72102 11689
72202 32861
72302 51956
72402 24291
72502 34955
72602 3191
72702 15384
72802 20433
72902 42481
73002 43837
73102 35982
73202 53492
73302 62275
73402 21809
73502 48537
73602 35769
73702 19130
73802 38732
73902 29671
74002 60948
74102 7881
74202 11195
74302 63551
74402 28684
74502 29467
74602 4702
74702 11940
74802 20750
74902 48476
75002 34973
75102 35133
75202 15041
75302 8041
75402 26016
75502 54933
75602 42580
75702 31910
75802 24851
75902 24060
76002 58752
76102 50233
76202 17623
76302 29101
76402 422
76502 48574
76602 2166
76702 62556
76802 47749
76902 5695
77002 64827
77102 61214
77202 47504
77302 539
77402 40312
77502 8694
77602 21593
77702 65402
77802 36526
77902 58852
78002 6511
78102 16997
78202 42608
78302 40805
78402 53874
78502 3505
78602 17293
78702 6450
78802 37319
78902 62396
79002 493
79102 11785
79202 37710
79302 6929
79402 20898
79502 65128
79602 19263
79702 57976
79802 45070
79902 49108
80002 30097
80102 13218
80202 56458
80302 51352
80402 25248
80502 41369
80602 38114
80702 41554
80802 37355
80902 51399
81002 43660
81102 17169
81202 64035
81302 1581
81402 60340
81502 60479
81602 6242
81702 13104
81802 50924
81902 49226
82002 55432
82102 24756
82202 64353
82302 61170
82402 61539
82502 11365
82602 52575
82702 16196
82802 49648
82902 23317
83002 45175
83102 63190
83202 3591
83302 51147
83402 39194
83502 13395
83602 59509
83702 65083
83802 58060
83902 55911
84002 39484
84102 12176
84202 30158
84302 51114
84402 18841
84502 11830
84602 47014
84702 55049
84802 33656
84902 49132
85002 37662
85102 59425
85202 10795
85302 49038
85402 9846
85502 22540
85602 46756
85702 17519
85802 17819
85902 13639
86002 44400
86102 29144
86202 5677
86302 35542
86402 34970
86502 12457
86602 22658
86702 32135
86802 3697
86902 16409
87002 37991
87102 9718
87202 15366
87302 38113
87402 17545
87502 17152
87602 10393
87702 10072
87802 35999
87902 37311
88002 58033
88102 46026
88202 4973
88302 31987
88402 28434
88502 26246
88602 16999
88702 7181
88802 31835
88902 44772
89002 20584
89102 29355
89202 15067
89302 2464
89402 13662
89502 12040
89602 51743
89702 37303
89802 35833
89902 50395
90002 37112
90102 32893
