102 62065
202 27879
302 47190
402 60830
502 46055
602 61062
702 33720
802 26282
902 7451
1002 9858
1102 35195
1202 21174
1302 55948
1402 52281
1502 12340
1602 13359
1702 23345
1802 10089
1902 31088
2002 10237
2102 54015
2202 30969
2302 18223
2402 22171
2502 59361
2602 34846
2702 19816
2802 34202
2902 20714
3002 7405
3102 48307
3202 36150
3302 32394
3402 3300
3502 41634
3602 562
3702 34821
3802 36541
3902 2702
4002 47462
4102 21052
4202 32493
4302 35708
4402 59961
4502 18370
4602 1380
4702 46171
4802 54525
4902 19462
5002 13813
5102 3598
5202 51450
5302 18392
5402 4120
5502 53440
5602 57373
5702 34137
5802 59834
5902 64183
6002 45292
6102 45858
6202 44277
6302 56980
6402 21373
6502 47434
6602 17680
6702 60884
6802 40741
6902 25141
7002 24424
7102 19215
7202 58435
7302 23003
7402 60263
7502 62863
7602 37905
7702 59179
7802 65525
7902 60643
8002 14203
8102 58137
8202 63587
8302 59693
8402 65013
8502 18772
8602 27740
8702 47530
8802 56440
8902 59256
9002 19147
9102 60370
9202 32602
9302 36582
9402 40646
9502 11842
9602 42100
9702 20125
9802 33685
9902 24566
10002 14340
10102 38920
10202 59397
10302 44224
10402 23599
10502 21814
10602 36832
10702 25088
10802 29914
10902 3542
11002 8696
11102 25230
11202 39789
11302 46388
11402 7853
11502 32561
11602 31637
11702 24285
11802 14608
11902 60450
12002 37581
12102 18655
12202 63605
12302 36427
12402 54031
12502 53069
12602 20795
12702 35917
12802 46164
12902 7713
13002 30352
13102 33335
13202 62639
13302 34278
13402 25633
13502 25260
13602 60119
13702 1891
13802 50607
13902 29971
14002 16403
14102 61845
14202 44575
14302 42185
14402 27398
14502 12786
14602 13995
14702 17144
14802 6555
14902 59839
15002 41766
15102 30977
15202 19390
15302 7645
15402 39109
15502 929
15602 31313
15702 47984
15802 21981
15902 3103
16002 46754
16102 36225
16202 60384
16302 59276
16402 45338
16502 12412
16602 986
16702 3316
16802 38323
16902 30937
17002 15357
17102 60195
17202 25521
17302 23699
17402 9398
17502 41456
17602 6841
17702 34678
17802 9121
17902 53093
18002 29851
18102 62432
18202 7063
18302 13715
18402 60547
18502 9116
18602 24794
18702 60639
18802 21941
18902 34260
19002 61360
19102 23558
19202 34554
19302 31132
19402 26344
19502 42146
19602 24160
19702 60100
19802 9060
19902 19886
20002 11473
20102 13590
20202 49446
20302 52711
20402 51089
20502 16898
20602 43854
20702 29339
20802 22636
20902 26155
21002 7441
21102 59039
21202 20765
21302 44220
21402 1444
21502 42094
21602 23488
21702 39040
21802 58454
21902 34753
22002 38336
22102 21561
22202 29765
22302 7317
22402 56803
22502 19842
22602 52615
22702 1798
22802 63933
22902 53272
23002 19348
23102 9520
23202 9637
23302 47895
23402 22259
23502 42772
23602 7991
23702 38178
23802 39352
23902 38957
24002 59675
24102 58929
24202 19711
24302 14549
24402 45108
24502 50394
24602 18543
24702 42194
24802 20400
24902 49124
25002 43978
25102 16308
25202 19174
25302 62269
25402 63533
25502 20291
25602 4474
25702 3998
25802 37763
25902 14318
26002 4980
26102 13270
26202 49578
26302 29622
26402 35483
26502 55996
26602 64381
26702 8994
26802 6190
26902 36136
27002 33303
27102 46374
27202 41465
27302 64670
27402 55737
27502 5489
27602 13217
27702 14640
27802 19234
27902 9320
28002 63814
28102 6196
28202 7359
28302 36773
28402 2414
28502 44410
28602 21724
28702 60299
28802 58456
28902 38488
29002 39545
29102 19435
29202 53564
29302 42103
29402 4795
29502 44776
29602 21485
29702 43464
29802 60012
29902 51537
30002 3697
30102 8013
30202 51979
30302 39131
30402 10439
30502 25764
30602 22883
30702 37001
30802 56523
30902 54807
31002 43075
31102 6925
31202 10843
31302 55125
31402 37422
31502 63036
31602 17993
31702 27240
31802 17558
31902 40803
32002 15887
32102 60939
32202 17624
32302 32192
32402 7640
32502 55569
32602 50091
32702 911
32802 35007
32902 37859
33002 60284
33102 19134
33202 45063
33302 39762
33402 53034
33502 18754
33602 17287
33702 39499
33802 24191
33902 26015
34002 22457
34102 12225
34202 12268
34302 33213
34402 13262
34502 59941
34602 56394
34702 31971
34802 4188
34902 48907
35002 18379
35102 8491
35202 22095
35302 22768
35402 60901
35502 54073
35602 44122
35702 38391
35802 41105
35902 38951
36002 13688
36102 27943
36202 61490
36302 51339
36402 35267
36502 34002
36602 19578
36702 51600
36802 1406
36902 27656
37002 58542
37102 1902
37202 58818
37302 14407
37402 55759
37502 55540
37602 35918
37702 36854
37802 36222
37902 54324
38002 904
38102 15138
38202 33093
38302 49344
38402 2215
38502 8939
38602 51578
38702 60942
38802 38355
38902 5845
39002 50322
39102 35792
39202 42354
39302 50397
39402 26874
39502 61352
39602 26529
39702 18027
39802 61218
39902 2923
40002 22416
40102 31262
40202 21072
40302 36962
40402 15696
40502 25580
40602 11493
40702 48509
40802 53437
40902 62687
41002 21254
41102 43568
41202 42412
41302 36241
41402 5060
41502 16851
41602 39681
41702 4834
41802 57634
41902 35582
42002 3553
42102 26738
42202 3779
42302 11278
42402 32027
42502 2468
42602 9267
42702 14018
42802 65468
42902 35140
43002 28855
43102 17915
43202 36460
43302 26812
43402 22107
43502 20917
43602 17340
43702 13879
43802 6448
43902 18196
44002 57328
44102 9234
44202 4533
44302 24816
44402 12529
44502 48044
44602 15077
44702 8473
44802 37390
44902 30396
45002 1039
45102 2304
45202 52783
45302 42986
45402 711
45502 60775
45602 18259
45702 50453
45802 63494
45902 63043
46002 21090
46102 5151
46202 12151
46302 51508
46402 48464
46502 14508
46602 17544
46702 14716
46802 50824
46902 52990
47002 10159
47102 56378
47202 20673
47302 3306
47402 20752
47502 4832
47602 42176
47702 13163
47802 5693
47902 52832
48002 54604
48102 51105
48202 13070
48302 54018
48402 3580
48502 41997
48602 56173
48702 250
48802 38196
48902 46864
49002 23428
49102 17202
49202 38072
49302 30474
49402 52363
49502 12864
49602 1273
49702 16241
49802 45265
49902 5779
50002 40022
50102 64835
50202 35335
50302 53567
50402 32401
50502 37609
50602 6881
50702 46543
50802 86
50902 25178
51002 9937
51102 43854
51202 65231
51302 17478
51402 63956
51502 27883
51602 49422
51702 58892
51802 26026
51902 18431
52002 58128
52102 52649
52202 40206
52302 54672
52402 49519
52502 36687
52602 37018
52702 41747
52802 33835
52902 12120
53002 25278
53102 53550
53202 3585
53302 46568
53402 38766
53502 64172
53602 56532
53702 24612
53802 37502
53902 36207
54002 6418
54102 25671
54202 26399
54302 27716
54402 34120
54502 41496
54602 57855
54702 16451
54802 57856
54902 28173
55002 64161
55102 6217
55202 40208
55302 54990
55402 46482
55502 50703
55602 36218
55702 55304
55802 25342
55902 42721
56002 13836
56102 46060
56202 14428
56302 29269
56402 50469
56502 882
56602 65223
56702 48593
56802 47642
56902 34675
57002 23444
57102 47124
57202 31967
57302 50248
57402 53728
57502 36234
57602 42497
57702 1393
57802 28104
57902 18565
58002 60780
58102 49384
58202 5945
58302 27571
58402 50124
58502 28452
58602 9759
58702 54712
58802 57403
58902 39292
59002 47913
59102 43893
59202 49778
59302 64847
59402 23269
59502 47205
59602 1064
59702 28239
59802 3569
59902 10233
60002 51811
60102 47983
60202 34771
60302 13680
60402 33259
60502 47011
60602 10381
60702 62957
60802 2156
60902 52575
61002 23535
61102 10320
61202 11914
61302 22056
61402 60160
61502 64550
61602 59704
61702 41518
61802 8591
61902 20449
62002 8897
62102 60102
62202 11593
62302 51322
62402 26810
62502 47780
62602 1568
62702 59218
62802 64203
62902 39039
63002 10344
63102 1308
63202 34235
63302 10
63402 3971
63502 38467
63602 32951
63702 56626
63802 29976
63902 51414
64002 32094
64102 20024
64202 19426
64302 33237
64402 32004
64502 24638
64602 36451
64702 24516
64802 61089
64902 47864
65002 12520
65102 41745
65202 63443
65302 64946
65402 50723
65502 13683
65602 33449
65702 4918
65802 17275
65902 35105
66002 40757
66102 38991
66202 36374
66302 46054
66402 29029
66502 33450
66602 9965
66702 27311
66802 36502
66902 41481
67002 59514
67102 9387
67202 61369
67302 19599
67402 53480
67502 15754
67602 30976
67702 36618
67802 54229
67902 40664
68002 11379
68102 56070
68202 9410
68302 4464
68402 32562
68502 34876
68602 10583
68702 65367
68802 38252
68902 44685
69002 7534
69102 43144
69202 29749
69302 41114
69402 22327
69502 55818
69602 49992
69702 51502
69802 12041
69902 48599
70002 7438
70102 28331
70202 53877
70302 2465
70402 19938
70502 16326
70602 22687
70702 18846
70802 60300
70902 17369
71002 56023
71102 16405
71202 3571
71302 23093
71402 18568
71502 52747
71602 6789
71702 44527
71802 48427
71902 41690
72002 60348
72102 3715
72202 29001
72302 28194
72402 36303
72502 22410
72602 57745
72702 38765
72802 62968
72902 43503
73002 38756
73102 63113
73202 10872
73302 60153
73402 1387
73502 18713
73602 5107
73702 6213
73802 28377
73902 3989
74002 14608
74102 48761
74202 20866
74302 56242
74402 59298
74502 37468
74602 31146
74702 54106
74802 61420
74902 10238
75002 58001
75102 47389
75202 28056
75302 17643
75402 36717
75502 4088
75602 4941
75702 16306
75802 25857
75902 14302
76002 53259
76102 5059
76202 44665
76302 44149
76402 23095
76502 3766
76602 56971
76702 11465
76802 15298
76902 27989
77002 28477
77102 6445
77202 60273
77302 58118
77402 22620
77502 42064
77602 45875
77702 31670
77802 3093
77902 22057
78002 57721
78102 9628
78202 44717
78302 55366
78402 30347
78502 29352
78602 16828
78702 14048
78802 22268
78902 5950
79002 45083
79102 30401
79202 23689
79302 4895
79402 27550
79502 41067
79602 7999
79702 3803
79802 59467
79902 3295
80002 28757
80102 9166
80202 9549
80302 10018
80402 58628
80502 35004
80602 26572
80702 46275
80802 27857
80902 38194
81002 20894
81102 7555
81202 62516
81302 27810
81402 21718
81502 22791
81602 18999
81702 46582
81802 54075
81902 32546
82002 62621
82102 34742
82202 39028
82302 46779
82402 1517
82502 22225
82602 64119
82702 57524
82802 53862
82902 46845
83002 27930
83102 48697
83202 54932
83302 52215
83402 25440
83502 14185
83602 61564
83702 21042
83802 48814
83902 11762
84002 45808
84102 12277
84202 14542
84302 39038
84402 11809
84502 6439
84602 56347
84702 24877
84802 19601
84902 32010
85002 46205
85102 16012
85202 59692
85302 50175
85402 9743
85502 49158
85602 44899
85702 7526
85802 10685
85902 14205
86002 44620
86102 48177
86202 47297
86302 7263
86402 17221
86502 27307
86602 24562
86702 60408
86802 44394
86902 51088
87002 5951
87102 65079
87202 20936
87302 15984
87402 426
87502 840
87602 29092
87702 19836
87802 21457
87902 30293
88002 6322
88102 14612
88202 56461
88302 1206
88402 9094
88502 16865
88602 14281
88702 694
88802 54682
88902 36888
89002 56041
89102 1821
89202 61061
89302 43150
89402 29106
89502 16674
89602 30980
89702 3649
89802 18421
89902 37538
90002 16048
90102 51828
