102 42956
202 56329
302 42640
402 35670
502 7367
602 37261
702 61641
802 12354
902 47313
1002 47852
1102 1461
1202 15067
1302 36266
1402 49118
1502 7943
1602 3513
1702 4553
1802 29914
1902 7726
2002 40118
2102 21550
2202 52875
2302 32788
2402 53970
2502 498
2602 49433
2702 23112
2802 47974
2902 2606
3002 27651
3102 54619
3202 43750
3302 11465
3402 6064
3502 41172
3602 32052
3702 21714
3802 30133
3902 12764
4002 41435
4102 24673
4202 5012
4302 9037
4402 10148
4502 37923
4602 14382
4702 38753
4802 17295
4902 25528
5002 2553
5102 61329
5202 12449
5302 20507
5402 60518
5502 54407
5602 63972
5702 46853
5802 36751
5902 28357
6002 57413
6102 25691
6202 42951
6302 10061
6402 20880
6502 36797
6602 65013
6702 14679
6802 31272
6902 14128
7002 20440
7102 45851
7202 54433
7302 880
7402 8601
7502 2139
7602 7618
7702 36616
7802 45169
7902 14583
8002 16415
8102 20381
8202 27906
8302 2414
8402 2748
8502 45826
8602 32248
8702 27524
8802 65443
8902 45060
9002 42982
9102 35228
9202 22448
9302 51229
9402 31621
9502 52268
9602 1405
9702 33704
9802 13477
9902 753
10002 59646
10102 42136
10202 45686
10302 17510
10402 30588
10502 38167
10602 2955
10702 49941
10802 30790
10902 47204
11002 36682
11102 58406
11202 58526
11302 16140
11402 62740
11502 39998
11602 30391
11702 25240
11802 39321
11902 26215
12002 4579
12102 8286
12202 13798
12302 24948
12402 6663
12502 41033
12602 52578
12702 2581
12802 60955
12902 24483
13002 22980
13102 9202
13202 13710
13302 5142
13402 13741
13502 41436
13602 3135
13702 52992
13802 10275
13902 36765
14002 61360
14102 43610
14202 57695
14302 31633
14402 33908
14502 53092
14602 52063
14702 56714
14802 38200
14902 49076
15002 60550
15102 21528
15202 35736
15302 25877
15402 48489
15502 40771
15602 15318
15702 25234
15802 49865
15902 41131
16002 9726
16102 42108
16202 27045
16302 62531
16402 11768
16502 4944
16602 16256
16702 43937
16802 51736
16902 23912
17002 63541
17102 47567
17202 8252
17302 29174
17402 31630
17502 28436
17602 49280
17702 10799
17802 37667
17902 22428
18002 38228
18102 1667
18202 13427
18302 2316
18402 43321
18502 58002
18602 31205
18702 45796
18802 37248
18902 46672
19002 60122
19102 17716
19202 11883
19302 48749
19402 27954
19502 37921
19602 984
19702 48153
19802 26337
19902 19158
20002 7960
20102 40757
20202 12388
20302 18425
20402 30894
20502 3548
20602 41224
20702 29762
20802 64698
20902 12713
21002 45204
21102 46952
21202 38202
21302 16822
21402 7471
21502 60843
21602 40773
21702 58658
21802 34962
21902 39218
22002 64353
22102 48646
22202 38546
22302 559
22402 43121
22502 54370
22602 39514
22702 22186
22802 26054
22902 56228
23002 62083
23102 37282
23202 47947
23302 5673
23402 43562
23502 12693
23602 32330
23702 11747
23802 5750
23902 10193
24002 4814
24102 35335
24202 21180
24302 32996
24402 23176
24502 8643
24602 38347
24702 20976
24802 62265
24902 61836
25002 51736
25102 27698
25202 50479
25302 56236
25402 44497
25502 60169
25602 44948
25702 37292
25802 51246
25902 39641
26002 43865
26102 21889
26202 23738
26302 2504
26402 3414
26502 8765
26602 61986
26702 58852
26802 18420
26902 4495
27002 29123
27102 22768
27202 18429
27302 39026
27402 48258
27502 17147
27602 60543
27702 47637
27802 58091
27902 61516
28002 51243
28102 40563
28202 48893
28302 36109
28402 46824
28502 17553
28602 60659
28702 22441
28802 46149
28902 63197
29002 58202
29102 6899
29202 29022
29302 21275
29402 64773
29502 21411
29602 5002
29702 46768
29802 12320
29902 53044
30002 39149
30102 19976
30202 46867
30302 63600
30402 35438
30502 43923
30602 61353
30702 35376
30802 48400
30902 21228
31002 64636
31102 53359
31202 22614
31302 52924
31402 29099
31502 9103
31602 37546
31702 57982
31802 21948
31902 27018
32002 9555
32102 12769
32202 27367
32302 64259
32402 855
32502 52432
32602 7941
32702 15040
32802 48154
32902 16651
33002 14534
33102 55223
33202 30629
33302 2874
33402 30350
33502 6014
33602 5641
33702 45065
33802 2325
33902 14875
34002 16806
34102 34483
34202 56888
34302 56107
34402 61748
34502 61437
34602 2560
34702 36419
34802 54973
34902 23209
35002 37113
35102 51300
35202 16765
35302 41890
35402 48186
35502 15132
35602 57284
35702 18513
35802 5713
35902 60433
36002 51745
36102 23654
36202 30646
36302 34924
36402 63095
36502 38044
36602 61678
36702 296
36802 40693
36902 7254
37002 2012
37102 13094
37202 24033
37302 23000
37402 3512
37502 27039
37602 4252
37702 31656
37802 16261
37902 8662
38002 3984
38102 24952
38202 53051
38302 19551
38402 36734
38502 52419
38602 50620
38702 59405
38802 22941
38902 49428
39002 55499
39102 12990
39202 20319
39302 61535
39402 49203
39502 40878
39602 39396
39702 11545
39802 45455
39902 3717
40002 10003
40102 47890
40202 25527
40302 62767
40402 29477
40502 63554
40602 12613
40702 40172
40802 32839
40902 31098
41002 9630
41102 2860
41202 21921
41302 43173
41402 41927
41502 2942
41602 24764
41702 33853
41802 52211
41902 42981
42002 4519
42102 17223
42202 14983
42302 2975
42402 11805
42502 20029
42602 26680
42702 50134
42802 39859
42902 42179
43002 56712
43102 58499
43202 39048
43302 26740
43402 29931
43502 45840
43602 5495
43702 46196
43802 18585
43902 47447
44002 55748
44102 31715
44202 4812
44302 45209
44402 20983
44502 18023
44602 21106
44702 48464
44802 54091
44902 28081
45002 41624
45102 47879
45202 49416
45302 44592
45402 56646
45502 33881
45602 36795
45702 7287
45802 20422
45902 34410
46002 13149
46102 57624
46202 47635
46302 3218
46402 41612
46502 22584
46602 17502
46702 48368
46802 12112
46902 55796
47002 33338
47102 31263
47202 1706
47302 3147
47402 62410
47502 54146
47602 7918
47702 10710
47802 60094
47902 14841
48002 13798
48102 62131
48202 64546
48302 39714
48402 45258
48502 28868
48602 34046
48702 23094
48802 33908
48902 63361
49002 22930
49102 47180
49202 10514
49302 5416
49402 605
49502 10567
49602 4331
49702 4038
49802 6140
49902 20344
50002 15129
50102 15079
50202 40061
50302 45230
50402 49180
50502 30256
50602 34579
50702 1807
50802 24362
50902 40159
51002 21886
51102 56338
51202 62088
51302 48536
51402 45896
51502 43807
51602 49526
51702 23588
51802 40842
51902 22902
52002 20538
52102 15811
52202 52051
52302 8420
52402 31800
52502 50016
52602 7831
52702 42178
52802 17810
52902 57872
53002 33486
53102 24229
53202 43442
53302 27104
53402 19657
53502 23234
53602 10223
53702 31032
53802 44004
53902 23135
54002 59903
54102 57200
54202 9610
54302 40644
54402 9293
54502 5539
54602 60453
54702 43695
54802 55524
54902 1477
55002 9410
55102 45776
55202 24348
55302 40039
55402 28957
55502 16309
55602 39064
55702 26197
55802 20760
55902 61069
56002 30562
56102 23319
56202 6321
56302 61875
56402 34506
56502 53613
56602 33294
56702 12532
56802 58056
56902 43819
57002 56360
57102 11647
57202 39841
57302 35144
57402 62637
57502 24778
57602 43177
57702 56959
57802 38646
57902 20615
58002 25398
58102 14805
58202 12553
58302 47288
58402 34718
58502 50836
58602 22787
58702 34594
58802 2814
58902 23945
59002 19073
59102 29645
59202 21471
59302 34442
59402 32952
59502 32476
59602 5330
59702 60029
59802 43181
59902 24115
60002 27545
60102 64423
60202 50256
60302 23153
60402 26024
60502 44077
60602 18574
60702 77
60802 47896
60902 18967
61002 47500
61102 22098
61202 2593
61302 32365
61402 3748
61502 34619
61602 7015
61702 19042
61802 48861
61902 33752
62002 64931
62102 63078
62202 26799
62302 60324
62402 51751
62502 19123
62602 26373
62702 27783
62802 22695
62902 6
63002 49279
63102 18456
63202 39730
63302 45537
63402 615
63502 42704
63602 39390
63702 40831
63802 28751
63902 22702
64002 33525
64102 55686
64202 63993
64302 342
64402 23707
64502 53135
64602 59224
64702 34383
64802 57320
64902 44726
65002 12985
65102 4796
65202 42391
65302 46008
65402 45193
65502 50493
65602 23302
65702 11059
65802 59682
65902 40941
66002 48197
66102 9853
66202 53580
66302 30352
66402 31379
66502 8309
66602 16224
66702 45145
66802 44866
66902 19659
67002 18491
67102 50841
67202 34948
67302 36354
67402 42310
67502 16206
67602 1328
67702 39159
67802 37477
67902 15401
68002 10148
68102 25264
68202 12504
68302 4430
68402 39738
68502 19668
68602 38815
68702 33587
68802 12818
68902 782
69002 29225
69102 56359
69202 22073
69302 51823
69402 16853
69502 36929
69602 64043
69702 54510
69802 55186
69902 432
70002 45197
70102 45976
70202 7677
70302 51604
70402 49527
70502 36149
70602 44302
70702 32308
70802 58710
70902 55668
71002 57825
71102 40839
71202 64958
71302 16325
71402 49702
71502 3247
71602 62182
71702 1887
71802 5798
71902 24403
72002 48723
72102 22079
72202 38571
72302 50013
72402 27463
72502 9104
72602 7912
72702 33767
72802 15958
72902 17114
73002 8607
73102 47582
73202 11665
73302 8235
73402 22790
73502 10538
73602 19902
73702 40591
73802 64005
73902 10659
74002 14993
74102 62282
74202 35203
74302 33361
74402 46824
74502 61536
74602 49029
74702 56478
74802 59233
74902 30255
75002 51134
75102 18122
75202 33160
75302 25650
75402 31089
75502 13087
75602 37881
75702 25621
75802 55586
75902 55558
76002 48560
76102 44138
76202 2966
76302 42593
76402 16253
76502 30691
76602 10740
76702 30351
76802 35612
76902 48823
77002 21368
77102 61486
77202 20985
77302 33005
77402 59367
77502 22234
77602 8470
77702 47384
77802 5060
77902 40495
78002 27278
78102 56618
78202 24903
78302 61195
78402 5168
78502 35978
78602 15331
78702 451
78802 28363
78902 15852
79002 622
79102 1965
79202 12268
79302 17838
79402 61611
79502 11518
79602 60616
79702 3631
79802 26810
79902 21515
80002 3122
80102 49367
80202 2222
80302 44535
80402 3049
80502 31731
80602 21185
80702 19484
80802 8996
80902 53589
81002 36527
81102 35962
81202 64576
81302 65354
81402 56713
81502 10576
81602 64847
81702 26320
81802 17278
81902 35101
82002 11966
82102 52072
82202 44138
82302 61321
82402 46041
82502 30516
82602 56615
82702 30089
82802 23292
82902 29631
83002 64499
83102 32337
83202 7679
83302 58635
83402 11044
83502 15764
83602 49085
83702 62559
83802 9126
83902 1728
84002 34711
84102 34949
84202 23578
84302 20265
84402 15385
84502 4346
84602 34120
84702 25978
84802 50440
84902 6338
85002 31853
85102 49593
85202 59451
85302 33312
85402 45703
85502 21387
85602 1736
85702 58219
85802 17969
85902 18259
86002 49305
86102 35047
86202 58714
86302 38819
86402 30065
86502 49726
86602 55168
86702 15908
86802 62764
86902 15388
87002 22798
87102 8103
87202 33708
87302 49746
87402 27313
87502 41653
87602 16147
87702 21534
87802 64211
87902 4396
88002 3890
88102 33418
88202 41071
88302 17337
88402 10107
88502 64776
88602 47899
88702 17358
88802 7989
88902 25644
89002 25116
89102 36643
89202 60651
89302 53388
89402 21750
89502 39286
89602 21609
89702 47956
89802 65298
89902 1568
90002 27922
90102 3795
