102 8297
202 7150
302 55446
402 44410
502 29360
602 45862
702 7958
802 34555
902 55186
1002 47596
1102 49929
1202 56062
1302 39659
1402 52149
1502 9378
1602 47273
1702 4814
1802 849
1902 37675
2002 6473
2102 50651
2202 59452
2302 59067
2402 15265
2502 58372
2602 64562
2702 51795
2802 20759
2902 9126
3002 23417
3102 52700
3202 2014
3302 30701
3402 48925
3502 50017
3602 27485
3702 54612
3802 53021
3902 42148
4002 43781
4102 11599
4202 20886
4302 53409
4402 55621
4502 1082
4602 21890
4702 34960
4802 59380
4902 9488
5002 60397
5102 33129
5202 64853
5302 17782
5402 25750
5502 13061
5602 12210
5702 34455
5802 61471
5902 32184
6002 51253
6102 3033
6202 8056
6302 31610
6402 61315
6502 18790
6602 20035
6702 8460
6802 60040
6902 38277
7002 11630
7102 20936
7202 45945
7302 23831
7402 1312
7502 34982
7602 52387
7702 63069
7802 50250
7902 49009
8002 34762
8102 37611
8202 6312
8302 47243
8402 43786
8502 39027
8602 1773
8702 34959
8802 15236
8902 59430
9002 6374
9102 55247
9202 23312
9302 62081
9402 48917
9502 26799
9602 39515
9702 24728
9802 27234
9902 39199
10002 33880
10102 43671
10202 9519
10302 44497
10402 63395
10502 58388
10602 26332
10702 37820
10802 22150
10902 32774
11002 55084
11102 39591
11202 47788
11302 56586
11402 6365
11502 51732
11602 64128
11702 48833
11802 48055
11902 17847
12002 7702
12102 4791
12202 41213
12302 33772
12402 17359
12502 26433
12602 49177
12702 56665
12802 8908
12902 54411
13002 32791
13102 41675
13202 60425
13302 54361
13402 5475
13502 52420
13602 35584
13702 37110
13802 38038
13902 39095
14002 29052
14102 61569
14202 44573
14302 35500
14402 45082
14502 48432
14602 42344
14702 27212
14802 46470
14902 52128
15002 7632
15102 20346
15202 65434
15302 23898
15402 41909
15502 2002
15602 24722
15702 55925
15802 49661
15902 493
16002 27853
16102 40356
16202 54192
16302 62105
16402 45166
16502 21129
16602 63431
16702 25109
16802 55769
16902 63731
17002 25047
17102 48794
17202 48032
17302 22191
17402 8460
17502 37782
17602 461
17702 22340
17802 35071
17902 60558
18002 17311
18102 3725
18202 26085
18302 57742
18402 10075
18502 61262
18602 56752
18702 31277
18802 45991
18902 7302
19002 33562
19102 63428
19202 5186
19302 25509
19402 3989
19502 30958
19602 57631
19702 18716
19802 46514
19902 41665
20002 17676
20102 56792
20202 51427
20302 56629
20402 23827
20502 22761
20602 57862
20702 36127
20802 18468
20902 36480
21002 40522
21102 8754
21202 64528
21302 36542
21402 17844
21502 59800
21602 65485
21702 45794
21802 55639
21902 7713
22002 45688
22102 43615
22202 40005
22302 25550
22402 6129
22502 20851
22602 27304
22702 50944
22802 17119
22902 51469
23002 12280
23102 10004
23202 51113
23302 7735
23402 46660
23502 31847
23602 48810
23702 54929
23802 45520
23902 5618
24002 1155
24102 55552
24202 31160
24302 57874
24402 715
24502 58353
24602 45760
24702 38362
24802 6917
24902 7957
25002 60230
25102 3521
25202 20861
25302 59963
25402 63512
25502 38766
25602 5903
25702 61783
25802 16842
25902 63858
26002 22938
26102 5250
26202 297
26302 47042
26402 28991
26502 38776
26602 19694
26702 2269
26802 13035
26902 14865
27002 57407
27102 36269
27202 8347
27302 60498
27402 742
27502 57097
27602 5489
27702 25315
27802 41314
27902 2477
28002 19405
28102 29623
28202 55836
28302 11891
28402 48281
28502 25677
28602 63799
28702 27393
28802 52225
28902 49949
29002 29057
29102 50454
29202 58370
29302 21712
29402 29329
29502 11101
29602 36290
29702 55664
29802 1079
29902 50772
30002 27983
30102 15170
30202 54229
30302 45835
30402 2466
30502 7342
30602 25210
30702 7447
30802 847
30902 60366
31002 22493
31102 46111
31202 43083
31302 51646
31402 1906
31502 4213
31602 33714
31702 2343
31802 24485
31902 18411
32002 39050
32102 46524
32202 8203
32302 41539
32402 51040
32502 63390
32602 44838
32702 14984
32802 57840
32902 46364
33002 35294
33102 30688
33202 4013
33302 49339
33402 30150
33502 13348
33602 39859
33702 29795
33802 32384
33902 33341
34002 22207
34102 6277
34202 33237
34302 30671
34402 2603
34502 62495
34602 39444
34702 58253
34802 16185
34902 52626
35002 59500
35102 56850
35202 49787
35302 25532
35402 37358
35502 30408
35602 62373
35702 60147
35802 1753
35902 35244
36002 1091
36102 22216
36202 15835
36302 10432
36402 48343
36502 60550
36602 42733
36702 10363
36802 40320
36902 61726
37002 63645
37102 50492
37202 45146
37302 29340
37402 56128
37502 52931
37602 63316
37702 53074
37802 15085
37902 53107
38002 27780
38102 54370
38202 51246
38302 5309
38402 37412
38502 18241
38602 441
38702 5001
38802 1242
38902 54501
39002 32129
39102 3221
39202 45731
39302 6932
39402 35787
39502 31995
39602 34265
39702 41037
39802 35017
39902 26639
40002 48150
40102 7304
40202 38355
40302 45092
40402 24724
40502 40013
40602 36986
40702 24506
40802 59687
40902 8174
41002 19668
41102 11578
41202 28406
41302 33197
41402 5333
41502 10612
41602 38212
41702 11992
41802 17475
41902 144
42002 46779
42102 61119
42202 2668
42302 44438
42402 64626
42502 55877
42602 4362
42702 52894
42802 35208
42902 43580
43002 59682
43102 41159
43202 53204
43302 53063
43402 28269
43502 18838
43602 24719
43702 61259
43802 45441
43902 5670
44002 20609
44102 63202
44202 39871
44302 28882
44402 23410
44502 31240
44602 34406
44702 40240
44802 25408
44902 29570
45002 21410
45102 6734
45202 34230
45302 51679
45402 16360
45502 65404
45602 7813
45702 26839
45802 1786
45902 16523
46002 4871
46102 28400
46202 28378
46302 33049
46402 50735
46502 59769
46602 3797
46702 34502
46802 4991
46902 65417
47002 14435
47102 9530
47202 5356
47302 48859
47402 33548
47502 53807
47602 26269
47702 36696
47802 53380
47902 45443
48002 60345
48102 36308
48202 6148
48302 4829
48402 26179
48502 26823
48602 23445
48702 57262
48802 12585
48902 37419
49002 43370
49102 32592
49202 40685
49302 29668
49402 19836
49502 14416
49602 3754
49702 22834
49802 31522
49902 30881
50002 57015
50102 12328
50202 61311
50302 20616
50402 4333
50502 45465
50602 61975
50702 23154
50802 64611
50902 48201
51002 57938
51102 57111
51202 13194
51302 27624
51402 47292
51502 9673
51602 19617
51702 3508
51802 45879
51902 56857
52002 50505
52102 52329
52202 30187
52302 18595
52402 23976
52502 45819
52602 38707
52702 31135
52802 11719
52902 21017
53002 38981
53102 2034
53202 33088
53302 37424
53402 36430
53502 38783
53602 52447
53702 34266
53802 9479
53902 4306
54002 2176
54102 20784
54202 1583
54302 5940
54402 63529
54502 58906
54602 4493
54702 57506
54802 51986
54902 62325
55002 63751
55102 11944
55202 52786
55302 43320
55402 35103
55502 25317
55602 5498
55702 52224
55802 10111
55902 32663
56002 25231
56102 57682
56202 53738
56302 54029
56402 2791
56502 32411
56602 52699
56702 54619
56802 19027
56902 26427
57002 26704
57102 55157
57202 21718
57302 1718
57402 6102
57502 10217
57602 15745
57702 39766
57802 27739
57902 62860
58002 60786
58102 4983
58202 42136
58302 10829
58402 51907
58502 45221
58602 21390
58702 38834
58802 4280
58902 32436
59002 53463
59102 41210
59202 30971
59302 30371
59402 41636
59502 60398
59602 47895
59702 12573
59802 5197
59902 13981
60002 20375
60102 8173
60202 28303
60302 54660
60402 20377
60502 53861
60602 8372
60702 47227
60802 9164
60902 13481
61002 4875
61102 6144
61202 32543
61302 404
61402 46443
61502 33520
61602 14674
61702 28547
61802 5248
61902 8086
62002 43502
62102 4259
62202 18259
62302 2444
62402 20651
62502 7927
62602 14388
62702 2915
62802 53351
62902 27939
63002 22214
63102 49105
63202 34047
63302 43376
63402 59309
63502 38509
63602 29285
63702 5091
63802 14999
63902 45323
64002 41179
64102 24272
64202 9909
64302 26166
64402 4580
64502 33670
64602 8340
64702 34135
64802 23148
64902 61095
65002 33512
65102 37780
65202 56828
65302 36872
65402 63312
65502 27148
65602 16444
65702 11228
65802 53614
65902 5117
66002 47920
66102 1052
66202 50370
66302 63099
66402 50289
66502 35979
66602 18906
66702 50790
66802 22570
66902 63976
67002 43096
67102 34716
67202 2023
67302 30388
67402 38973
67502 35470
67602 8344
67702 61018
67802 843
67902 10242
68002 13872
68102 32240
68202 26907
68302 48322
68402 30641
68502 6437
68602 33717
68702 2378
68802 38873
68902 55252
69002 44474
69102 21315
69202 49894
69302 24696
69402 56669
69502 59238
69602 40879
69702 57760
69802 50060
69902 30278
70002 29922
70102 23662
70202 18510
70302 46468
70402 51739
70502 31085
70602 60089
70702 62035
70802 12761
70902 11121
71002 54831
71102 48203
71202 37184
71302 63095
71402 37436
71502 56039
71602 3005
71702 16452
71802 43580
71902 53343
72002 23588
72102 62848
72202 17257
72302 41329
72402 42600
72502 5389
72602 36717
72702 31335
72802 45462
72902 14371
73002 57710
73102 55317
73202 51321
73302 42713
73402 63830
73502 24598
73602 22464
73702 59819
73802 5859
73902 28148
74002 9065
74102 18349
74202 44848
74302 20415
74402 2255
74502 18091
74602 51823
74702 5817
74802 36788
74902 57357
75002 44240
75102 20492
75202 50418
75302 63778
75402 27591
75502 21899
75602 37533
75702 30373
75802 52265
75902 53670
76002 64176
76102 30924
76202 1708
76302 36834
76402 31251
76502 32339
76602 53707
76702 48834
76802 53998
76902 55898
77002 19039
77102 11820
77202 8786
77302 23229
77402 1889
77502 18206
77602 24891
77702 1857
77802 15472
77902 59192
78002 555
78102 18331
78202 24816
78302 962
78402 53686
78502 16367
78602 65238
78702 30817
78802 34478
78902 16720
79002 22678
79102 38018
79202 17266
79302 23811
79402 39393
79502 32137
79602 52627
79702 19895
79802 18381
79902 53378
80002 59223
80102 60962
80202 54781
80302 61513
80402 9747
80502 17185
80602 663
80702 885
80802 41821
80902 42033
81002 7044
81102 30457
81202 52058
81302 20200
81402 36255
81502 16488
81602 40677
81702 21586
81802 40070
81902 39430
82002 60144
82102 51892
82202 50004
82302 56302
82402 20438
82502 53742
82602 52564
82702 50137
82802 39698
82902 2459
83002 37355
83102 5653
83202 61794
83302 56944
83402 64302
83502 30789
83602 52275
83702 36952
83802 21822
83902 6515
84002 48561
84102 18519
84202 41353
84302 21200
84402 50019
84502 10951
84602 41007
84702 28363
84802 43753
84902 63295
85002 25203
85102 6917
85202 58514
85302 18806
85402 28614
85502 16740
85602 16387
85702 61765
85802 25421
85902 22025
86002 32257
86102 42645
86202 42886
86302 47755
86402 9890
86502 31985
86602 47020
86702 58169
86802 37498
86902 29589
87002 16303
87102 29295
87202 48943
87302 32265
87402 17026
87502 26321
87602 44410
87702 13582
87802 47156
87902 58727
88002 8519
88102 61617
88202 41392
88302 2814
88402 15396
88502 49903
88602 60654
88702 32522
88802 59212
88902 32857
89002 5148
89102 9610
89202 29249
89302 56150
89402 46161
89502 50891
89602 12213
89702 38856
89802 9391
89902 50418
90002 3960
90102 32941
