102 14172
202 50629
302 43648
402 50604
502 53156
602 42429
702 24042
802 40255
902 59067
1002 7905
1102 41890
1202 26314
1302 7369
1402 43953
1502 5280
1602 36571
1702 61131
1802 54045
1902 12969
2002 38355
2102 59377
2202 51884
2302 48653
2402 57456
2502 36261
2602 1677
2702 18198
2802 37939
2902 62990
3002 4755
3102 39092
3202 62943
3302 57856
3402 58672
3502 49780
3602 27652
3702 35942
3802 42078
3902 19498
4002 37702
4102 43369
4202 62321
4302 15170
4402 54886
4502 8779
4602 19664
4702 36090
4802 51448
4902 46380
5002 64367
5102 36470
5202 6883
5302 14083
5402 10324
5502 20769
5602 2838
5702 36023
5802 55311
5902 27781
6002 44528
6102 44526
6202 50619
6302 26348
6402 37662
6502 9226
6602 41050
6702 4281
6802 19873
6902 16356
7002 52162
7102 40371
7202 42769
7302 17496
7402 17156
7502 16581
7602 32737
7702 46056
7802 21599
7902 58823
8002 32420
8102 44047
8202 60934
8302 28524
8402 4761
8502 56061
8602 57995
8702 50284
8802 17115
8902 39391
9002 64424
9102 48025
9202 55452
9302 4443
9402 14821
9502 45321
9602 43142
9702 52344
9802 42591
9902 60040
10002 51136
10102 5633
10202 62517
10302 18962
10402 15456
10502 27901
10602 60601
10702 12722
10802 43122
10902 23610
11002 9674
11102 2757
11202 5003
11302 43457
11402 34052
11502 21327
11602 26173
11702 60828
11802 43796
11902 59111
12002 4641
12102 38603
12202 30249
12302 27461
12402 8853
12502 49006
12602 14601
12702 31682
12802 23571
12902 16793
13002 3883
13102 17460
13202 54846
13302 58243
13402 44722
13502 33319
13602 37964
13702 29577
13802 35515
13902 61153
14002 55063
14102 13997
14202 25291
14302 10291
14402 17308
14502 39379
14602 48635
14702 61548
14802 30889
14902 21644
15002 5689
15102 57435
15202 57653
15302 4155
15402 34191
15502 7856
15602 4039
15702 54745
15802 24999
15902 62073
16002 54069
16102 41998
16202 49825
16302 21410
16402 10018
16502 24343
16602 45373
16702 47045
16802 23343
16902 43509
17002 64987
17102 11546
17202 16755
17302 48170
17402 56749
17502 7782
17602 64776
17702 12674
17802 11158
17902 1441
18002 5092
18102 34350
18202 30077
18302 27937
18402 54180
18502 6692
18602 22635
18702 13211
18802 32027
18902 1923
19002 22592
19102 19152
19202 58693
19302 63998
19402 18743
19502 17366
19602 56453
19702 42551
19802 40910
19902 54045
20002 52662
20102 7655
20202 46361
20302 47959
20402 27883
20502 56154
20602 17111
20702 23144
20802 37591
20902 62939
21002 65460
21102 65124
21202 43610
21302 19841
21402 47734
21502 18678
21602 44504
21702 64378
21802 51489
21902 42564
22002 16757
22102 45101
22202 51801
22302 24533
22402 38724
22502 16060
22602 30066
22702 17500
22802 21978
22902 59044
23002 54681
23102 23030
23202 53729
23302 20689
23402 51002
23502 46677
23602 49229
23702 26031
23802 63124
23902 10122
24002 14587
24102 12849
24202 16014
24302 15659
24402 1942
24502 41260
24602 23938
24702 62402
24802 43233
24902 64736
25002 15712
25102 31294
25202 61942
25302 60582
25402 21643
25502 58318
25602 8968
25702 21233
25802 23107
25902 2879
26002 28818
26102 6355
26202 21733
26302 61137
26402 6415
26502 33953
26602 14697
26702 41685
26802 4273
26902 47425
27002 25391
27102 6407
27202 35765
27302 44862
27402 28264
27502 8981
27602 12316
27702 5962
27802 51220
27902 8783
28002 24620
28102 52601
28202 41209
28302 4739
28402 53551
28502 35601
28602 34721
28702 44336
28802 42465
28902 48099
29002 33273
29102 40383
29202 36479
29302 37863
29402 35941
29502 63318
29602 38515
29702 13055
29802 46055
29902 39503
30002 45529
30102 17324
30202 38222
30302 55140
30402 17999
30502 65004
30602 14984
30702 13384
30802 54307
30902 31067
31002 57352
31102 54381
31202 20707
31302 5582
31402 25096
31502 43395
31602 62114
31702 4379
31802 63084
31902 14996
32002 57150
32102 16666
32202 30827
32302 8332
32402 11679
32502 9793
32602 55300
32702 64787
32802 17359
32902 23547
33002 57441
33102 59175
33202 115
33302 2934
33402 16333
33502 25380
33602 37323
33702 16266
33802 31451
33902 10766
34002 53871
34102 19405
34202 51726
34302 6463
34402 41926
34502 63092
34602 46420
34702 52528
34802 62785
34902 5018
35002 4756
35102 54412
35202 50855
35302 442
35402 58937
35502 17209
35602 32267
35702 63627
35802 5641
35902 31948
36002 2801
36102 61086
36202 15767
36302 30831
36402 50894
36502 55642
36602 29141
36702 58259
36802 40606
36902 8315
37002 7180
37102 2828
37202 41079
37302 21439
37402 8158
37502 6076
37602 25715
37702 20977
37802 60328
37902 62552
38002 4004
38102 25297
38202 62686
38302 36169
38402 12426
38502 62648
38602 11681
38702 63714
38802 56495
38902 40114
39002 30616
39102 64967
39202 49728
39302 50978
39402 14502
39502 63447
39602 57520
39702 37834
39802 7946
39902 18185
40002 59747
40102 60110
40202 47979
40302 16561
40402 44001
40502 1357
40602 41504
40702 672
40802 41137
40902 11825
41002 30260
41102 40829
41202 43753
41302 2974
41402 4589
41502 52176
41602 52508
41702 4451
41802 34287
41902 4297
42002 44318
42102 24807
42202 30063
42302 11520
42402 31444
42502 6929
42602 6085
42702 365
42802 18191
42902 28211
43002 31051
43102 41917
43202 24860
43302 42658
43402 47524
43502 53375
43602 40512
43702 19420
43802 52804
43902 48553
44002 63233
44102 16681
44202 7842
44302 33767
44402 64760
44502 7856
44602 53131
44702 32174
44802 32464
44902 8583
45002 24845
45102 51657
45202 56142
45302 38387
45402 57640
45502 49729
45602 60789
45702 39265
45802 42926
45902 9951
46002 20768
46102 13841
46202 55188
46302 5099
46402 35344
46502 12043
46602 45721
46702 42980
46802 33048
46902 62931
47002 34719
47102 19565
47202 38758
47302 56958
47402 839
47502 2321
47602 50394
47702 50488
47802 2593
47902 12820
48002 27072
48102 10422
48202 3845
48302 57358
48402 33378
48502 102
48602 38423
48702 5865
48802 10283
48902 64357
49002 61879
49102 40586
49202 53088
49302 1872
49402 28776
49502 55666
49602 17755
49702 9829
49802 49942
49902 48408
50002 35296
50102 53460
50202 52881
50302 45484
50402 31988
50502 1909
50602 53219
50702 7005
50802 45678
50902 10842
51002 6099
51102 47565
51202 65090
51302 24519
51402 64904
51502 58057
51602 33447
51702 20544
51802 53826
51902 53030
52002 27205
52102 47997
52202 45821
52302 33400
52402 54863
52502 15467
52602 40484
52702 54840
52802 52776
52902 44677
53002 14105
53102 60289
53202 39775
53302 64489
53402 18576
53502 14153
53602 52973
53702 17280
53802 60316
53902 15881
54002 57644
54102 32864
54202 31585
54302 29786
54402 48614
54502 26478
54602 18250
54702 51505
54802 47064
54902 7937
55002 57536
55102 61901
55202 35494
55302 62631
55402 14901
55502 27033
55602 24518
55702 47315
55802 63499
55902 53609
56002 4412
56102 4287
56202 41428
56302 31863
56402 15640
56502 6987
56602 30224
56702 18182
56802 25972
56902 28461
57002 40287
57102 61829
57202 63196
57302 59670
57402 22182
57502 13265
57602 11932
57702 24281
57802 13494
57902 61201
58002 29410
58102 29904
58202 43300
58302 49536
58402 52478
58502 34839
58602 45763
58702 45576
58802 42177
58902 61774
59002 50332
59102 21078
59202 28825
59302 39125
59402 763
59502 48016
59602 19301
59702 18099
59802 44423
59902 9583
60002 62753
60102 421
60202 43716
60302 13376
60402 5204
60502 62934
60602 11968
60702 2704
60802 5772
60902 5821
61002 60809
61102 1565
61202 27832
61302 46855
61402 26587
61502 58724
61602 56769
61702 39887
61802 55092
61902 22594
62002 26577
62102 7089
62202 13304
62302 6817
62402 27999
62502 14529
62602 14684
62702 26443
62802 45823
62902 19848
63002 10837
63102 56277
63202 62620
63302 60792
63402 19552
63502 42368
63602 46017
63702 34891
63802 59505
63902 40593
64002 49997
64102 14556
64202 38439
64302 12289
64402 65304
64502 22098
64602 15225
64702 9581
64802 54679
64902 9371
65002 59114
65102 22359
65202 21679
65302 3345
65402 43620
65502 51351
65602 1836
65702 45250
65802 31689
65902 32845
66002 42445
66102 52243
66202 43800
66302 21700
66402 35296
66502 23269
66602 19198
66702 30069
66802 58621
66902 41708
67002 52940
67102 15034
67202 6348
67302 62294
67402 15320
67502 15109
67602 54818
67702 27523
67802 15867
67902 16832
68002 64697
68102 1216
68202 26688
68302 41733
68402 357
68502 28537
68602 63828
68702 2371
68802 28120
68902 62645
69002 5867
69102 58333
69202 22637
69302 36078
69402 34697
69502 38724
69602 52747
69702 45635
69802 2165
69902 43437
70002 3504
70102 62609
70202 34423
70302 15074
70402 46976
70502 11044
70602 11763
70702 29385
70802 15058
70902 36684
71002 38078
71102 2492
71202 29563
71302 57599
71402 53071
71502 14260
71602 6910
71702 45306
71802 46334
71902 17469
72002 55597
72102 57563
72202 713
72302 60537
72402 28558
72502 29193
72602 54029
72702 34228
72802 18821
72902 8011
73002 33757
73102 26348
73202 14787
73302 21920
73402 23014
73502 49060
73602 45936
73702 48676
73802 17977
73902 44832
74002 616
74102 58207
74202 17058
74302 41094
74402 7550
74502 31886
74602 47114
74702 37993
74802 52231
74902 64756
75002 27179
75102 23351
75202 4947
75302 45626
75402 12328
75502 23761
75602 16083
75702 60719
75802 44095
75902 15556
76002 19823
76102 44177
76202 33959
76302 35778
76402 3996
76502 8327
76602 17677
76702 8429
76802 35869
76902 57009
77002 56785
77102 14780
77202 14085
77302 33818
77402 20131
77502 49880
77602 11928
77702 44259
77802 52648
77902 36934
78002 31595
78102 49220
78202 2578
78302 31763
78402 43150
78502 16672
78602 56457
78702 54413
78802 46056
78902 3827
79002 44858
79102 44428
79202 48736
79302 62981
79402 17813
79502 40548
79602 34769
79702 26283
79802 55048
79902 47481
80002 14803
80102 56978
80202 1068
80302 22301
80402 40501
80502 56913
80602 29256
80702 49623
80802 1086
80902 45701
81002 9758
81102 11005
81202 25591
81302 37526
81402 34269
81502 55746
81602 63899
81702 46530
81802 41584
81902 53338
82002 64667
82102 64573
82202 5359
82302 60094
82402 27338
82502 37901
82602 49079
82702 10789
82802 13417
82902 30673
83002 43165
83102 39863
83202 2851
83302 65197
83402 54377
83502 5870
83602 20690
83702 12534
83802 3513
83902 41255
84002 65505
84102 13954
84202 34685
84302 18201
84402 20246
84502 54316
84602 48991
84702 22051
84802 31341
84902 51831
85002 9632
85102 30604
85202 17765
85302 37299
85402 31800
85502 15695
85602 29022
85702 45007
85802 57652
85902 63139
86002 54993
86102 34964
86202 49223
86302 36200
86402 54169
86502 43671
86602 59012
86702 14106
86802 52624
86902 63182
87002 17588
87102 49022
87202 59002
87302 7445
87402 3578
87502 6335
87602 15873
87702 42969
87802 59118
87902 5560
88002 20096
88102 56523
88202 20997
88302 4418
88402 47707
88502 47630
88602 54094
88702 23659
88802 53102
88902 35240
89002 51210
89102 4388
89202 36233
89302 32422
89402 33401
89502 12892
89602 8934
89702 61017
89802 65017
89902 63592
90002 40927
90102 12555
