102 26495
202 29201
302 11816
402 40829
502 23382
602 45881
702 34953
802 24095
902 49033
1002 52299
1102 49204
1202 13508
1302 42430
1402 6889
1502 31345
1602 28296
1702 24630
1802 5617
1902 956
2002 42810
2102 56181
2202 64487
2302 49492
2402 58028
2502 32747
2602 11736
2702 51594
2802 27818
2902 17416
3002 58668
3102 22630
3202 39127
3302 64235
3402 51970
3502 18263
3602 63431
3702 47442
3802 47610
3902 30928
4002 34042
4102 26587
4202 40952
4302 29796
4402 20962
4502 21596
4602 33188
4702 26327
4802 53181
4902 35001
5002 1903
5102 22123
5202 20206
5302 61336
5402 26325
5502 46764
5602 5545
5702 49501
5802 20918
5902 60289
6002 23640
6102 45013
6202 39365
6302 25718
6402 56782
6502 53337
6602 58259
6702 39460
6802 29568
6902 48121
7002 55966
7102 40871
7202 26327
7302 3325
7402 48863
7502 54855
7602 22616
7702 8209
7802 60512
7902 7092
8002 39025
8102 41831
8202 28465
8302 26606
8402 38915
8502 8845
8602 1387
8702 60334
8802 50212
8902 47424
9002 18111
9102 42953
9202 10831
9302 45414
9402 35340
9502 6168
9602 21398
9702 9777
9802 57369
9902 35657
10002 61131
10102 8363
10202 35775
10302 30391
10402 58401
10502 58507
10602 40609
10702 44158
10802 33337
10902 64440
11002 3791
11102 11432
11202 18718
11302 48840
11402 48459
11502 45503
11602 26380
11702 29920
11802 3490
11902 590
12002 63839
12102 51234
12202 63436
12302 59843
12402 3122
12502 967
12602 16186
12702 57470
12802 58880
12902 742
13002 42120
13102 14958
13202 43234
13302 27014
13402 29311
13502 24220
13602 45027
13702 39328
13802 20229
13902 61098
14002 64271
14102 60633
14202 35588
14302 52052
14402 49368
14502 29530
14602 37302
14702 15534
14802 27694
14902 15955
15002 18690
15102 49860
15202 36436
15302 32149
15402 40394
15502 34133
15602 62650
15702 33672
15802 52122
15902 30086
16002 48862
16102 2081
16202 14484
16302 64742
16402 25684
16502 18731
16602 477
16702 64631
16802 54870
16902 17353
17002 23761
17102 39281
17202 53738
17302 39743
17402 36549
17502 37522
17602 16895
17702 63598
17802 50282
17902 43995
18002 57464
18102 48236
18202 47369
18302 36987
18402 46224
18502 24199
18602 1098
18702 54158
18802 57664
18902 25605
19002 51701
19102 24659
19202 29760
19302 963
19402 13651
19502 51863
19602 37452
19702 29246
19802 59265
19902 59642
20002 64913
20102 53539
20202 59312
20302 43875
20402 29569
20502 10340
20602 7143
20702 61262
20802 61083
20902 21170
21002 41995
21102 62917
21202 41701
21302 19752
21402 48893
21502 829
21602 36285
21702 9937
21802 10725
21902 31555
22002 60677
22102 33479
22202 13142
22302 54552
22402 52441
22502 54768
22602 29210
22702 4153
22802 54086
22902 45360
23002 46721
23102 40896
23202 14637
23302 39913
23402 48347
23502 46593
23602 20583
23702 60254
23802 63923
23902 6928
24002 27904
24102 30119
24202 20523
24302 58047
24402 62128
24502 3093
24602 23290
24702 53482
24802 34259
24902 32043
25002 8532
25102 37315
25202 1551
25302 55021
25402 61523
25502 40904
25602 13709
25702 32101
25802 43688
25902 11633
26002 33264
26102 43605
26202 14929
26302 40151
26402 38366
26502 58528
26602 47855
26702 58631
26802 2901
26902 56030
27002 21897
27102 3788
27202 50291
27302 11291
27402 45553
27502 30065
27602 44464
27702 40068
27802 18410
27902 6860
28002 50228
28102 7537
28202 16004
28302 43965
28402 57945
28502 50910
28602 16807
28702 63289
28802 60431
28902 9399
29002 39083
29102 47776
29202 31515
29302 38839
29402 15422
29502 4949
29602 15222
29702 24889
29802 26189
29902 15721
30002 3008
30102 4508
30202 56079
30302 42686
30402 16623
30502 768
30602 37171
30702 40692
30802 6810
30902 16028
31002 34914
31102 9683
31202 4688
31302 10951
31402 55174
31502 57254
31602 17746
31702 47378
31802 30117
31902 39719
32002 4186
32102 23376
32202 37575
32302 42413
32402 34488
32502 19174
32602 6324
32702 61607
32802 16829
32902 3140
33002 22377
33102 24303
33202 33020
33302 58470
33402 43460
33502 20714
33602 22927
33702 39285
33802 40491
33902 46715
34002 29466
34102 39540
34202 44355
34302 2632
34402 7270
34502 18854
34602 37650
34702 35402
34802 62577
34902 40867
35002 37311
35102 60918
35202 8658
35302 20604
35402 2192
35502 37025
35602 2544
35702 18816
35802 41050
35902 57099
36002 38812
36102 41670
36202 46330
36302 24201
36402 20075
36502 27743
36602 40985
36702 1597
36802 61567
36902 13382
37002 5474
37102 40110
37202 44386
37302 2886
37402 51931
37502 58759
37602 26981
37702 43165
37802 27881
37902 37401
38002 57628
38102 19646
38202 33026
38302 33486
38402 28479
38502 27057
38602 52945
38702 8667
38802 15502
38902 31095
39002 26820
39102 7945
39202 19399
39302 38403
39402 3535
39502 453
39602 40029
39702 2706
39802 21713
39902 38775
40002 28800
40102 45061
40202 28058
40302 15916
40402 65086
40502 5425
40602 64147
40702 60051
40802 45533
40902 31843
41002 22898
41102 40376
41202 44094
41302 29100
41402 17982
41502 62635
41602 58707
41702 40569
41802 45871
41902 4517
42002 53178
42102 20356
42202 32459
42302 26530
42402 40252
42502 62663
42602 46556
42702 5546
42802 38466
42902 63351
43002 49490
43102 2849
43202 41464
43302 58849
43402 3680
43502 57671
43602 16563
43702 49298
43802 47537
43902 6763
44002 40212
44102 38100
44202 54818
44302 27173
44402 27109
44502 253
44602 32569
44702 59715
44802 27256
44902 13618
45002 7345
45102 7601
45202 34035
45302 65110
45402 24374
45502 6839
45602 39513
45702 46023
45802 44176
45902 49831
46002 48662
46102 13826
46202 38820
46302 30615
46402 31428
46502 9946
46602 42972
46702 63813
46802 23557
46902 59403
47002 58127
47102 49166
47202 57202
47302 62804
47402 29856
47502 30510
47602 18137
47702 64586
47802 45990
47902 40136
48002 29566
48102 64793
48202 18388
48302 17381
48402 53696
48502 63518
48602 51033
48702 15938
48802 5360
48902 18909
49002 59512
49102 61911
49202 2893
49302 56517
49402 9639
49502 9973
49602 49611
49702 51600
49802 20116
49902 48449
50002 17472
50102 22238
50202 16052
50302 19597
50402 62100
50502 59060
50602 51737
50702 42772
50802 37188
50902 49519
51002 50162
51102 26257
51202 43639
51302 47173
51402 53403
51502 39088
51602 4086
51702 23195
51802 31276
51902 55401
52002 25761
52102 12978
52202 3369
52302 64535
52402 47237
52502 48751
52602 13000
52702 64190
52802 28335
52902 59281
53002 25231
53102 19960
53202 3232
53302 45088
53402 12651
53502 40021
53602 64896
53702 14149
53802 38690
53902 33832
54002 31177
54102 2647
54202 20441
54302 18175
54402 15339
54502 4997
54602 8775
54702 29561
54802 36308
54902 21665
55002 8267
55102 28420
55202 46680
55302 50195
55402 3309
55502 64320
55602 19319
55702 12090
55802 34477
55902 23218
56002 37511
56102 21293
56202 37368
56302 37925
56402 13295
56502 41808
56602 58752
56702 6584
56802 20735
56902 51885
57002 47121
57102 43793
57202 32447
57302 24866
57402 19995
57502 44273
57602 56245
57702 10733
57802 49028
57902 53711
58002 37695
58102 36039
58202 26393
58302 21087
58402 13294
58502 59680
58602 32089
58702 36916
58802 43414
58902 43217
59002 12366
59102 11545
59202 50523
59302 55759
59402 40559
59502 24240
59602 37535
59702 59219
59802 40344
59902 40138
60002 33124
60102 40473
60202 30243
60302 31075
60402 43539
60502 13737
60602 42542
60702 48473
60802 26024
60902 65217
61002 24175
61102 10584
61202 21325
61302 22809
61402 5241
61502 1953
61602 36529
61702 64877
61802 34481
61902 21353
62002 14042
62102 10778
62202 5570
62302 5760
62402 20169
62502 16204
62602 51135
62702 13409
62802 3741
62902 39399
63002 2106
63102 33440
63202 16246
63302 4354
63402 57424
63502 7997
63602 53888
63702 21227
63802 22954
63902 43056
64002 592
64102 20320
64202 765
64302 35603
64402 24320
64502 14812
64602 28273
64702 37721
64802 5048
64902 42569
65002 51578
65102 38223
65202 41191
65302 15013
65402 7714
65502 12217
65602 61730
65702 18280
65802 39755
65902 56414
66002 2304
66102 51645
66202 23785
66302 15684
66402 60545
66502 18924
66602 29842
66702 9273
66802 60591
66902 3226
67002 14986
67102 28669
67202 8341
67302 12593
67402 54279
67502 30894
67602 60327
67702 56417
67802 64996
67902 29913
68002 49868
68102 4020
68202 39387
68302 57294
68402 6891
68502 40494
68602 24392
68702 27717
68802 48523
68902 45755
69002 61363
69102 43482
69202 4855
69302 8494
69402 38795
69502 35962
69602 53610
69702 49184
69802 33727
69902 38274
70002 10091
70102 38807
70202 4045
70302 44625
70402 15281
70502 44189
70602 54468
70702 58470
70802 36697
70902 33968
71002 35484
71102 29692
71202 16862
71302 37606
71402 57129
71502 7759
71602 65092
71702 8540
71802 36308
71902 49837
72002 34250
72102 58463
72202 58049
72302 4554
72402 63816
72502 14870
72602 62621
72702 24110
72802 11038
72902 62493
73002 19109
73102 54001
73202 22264
73302 41086
73402 11752
73502 27782
73602 65001
73702 22268
73802 60121
73902 65029
74002 65525
74102 55009
74202 51908
74302 19864
74402 19083
74502 15465
74602 1102
74702 6667
74802 34011
74902 64418
75002 12836
75102 53077
75202 14670
75302 60617
75402 12093
75502 30078
75602 50324
75702 34663
75802 5876
75902 63649
76002 30569
76102 5519
76202 61207
76302 47156
76402 43491
76502 47963
76602 48604
76702 14977
76802 35311
76902 12525
77002 10568
77102 39609
77202 30491
77302 31844
77402 6867
77502 24597
77602 15992
77702 30286
77802 60008
77902 12169
78002 6508
78102 29470
78202 34020
78302 10499
78402 2454
78502 61711
78602 49984
78702 12178
78802 45319
78902 11310
79002 1913
79102 47977
79202 40539
79302 50394
79402 43144
79502 40280
79602 36202
79702 37204
79802 44612
79902 9056
80002 15916
80102 31192
80202 27199
80302 8151
80402 19002
80502 31140
80602 52882
80702 56144
80802 14833
80902 39170
81002 139
81102 9694
81202 35472
81302 4280
81402 57892
81502 45179
81602 12063
81702 9424
81802 52915
81902 7284
82002 60074
82102 777
82202 26506
82302 62284
82402 40299
82502 27995
82602 63567
82702 37194
82802 56913
82902 17379
83002 60782
83102 37611
83202 8039
83302 59987
83402 13476
83502 62760
83602 30511
83702 29889
83802 27191
83902 52962
84002 40471
84102 58527
84202 61602
84302 52907
84402 41424
84502 4762
84602 35574
84702 38601
84802 1798
84902 65524
85002 30557
85102 9682
85202 24203
85302 59553
85402 53339
85502 26033
85602 48306
85702 31495
85802 61408
85902 28189
86002 30947
86102 3901
86202 20881
86302 17500
86402 41166
86502 31873
86602 25741
86702 46259
86802 14088
86902 52273
87002 62154
87102 41385
87202 7647
87302 60200
87402 61529
87502 59227
87602 26702
87702 56821
87802 410
87902 12107
88002 14978
88102 58270
88202 3253
88302 41787
88402 33406
88502 25158
88602 51533
88702 42579
88802 15281
88902 1994
89002 23223
89102 27415
89202 18908
89302 45853
89402 26467
89502 4937
89602 24620
89702 44739
89802 11916
89902 58655
90002 35752
90102 35513
