102 40958
202 30759
302 25308
402 17540
502 36065
602 3105
702 46832
802 56618
902 23136
1002 52611
1102 42364
1202 6422
1302 392
1402 44041
1502 7286
1602 39764
1702 51407
1802 10513
1902 11830
2002 2735
2102 11630
2202 62467
2302 45298
2402 22437
2502 44926
2602 31738
2702 10819
2802 7251
2902 35756
3002 23036
3102 54528
3202 15743
3302 60512
3402 59490
3502 35092
3602 16833
3702 5387
3802 25096
3902 50539
4002 6318
4102 12327
4202 25921
4302 62724
4402 22596
4502 40540
4602 29144
4702 6988
4802 11148
4902 29421
5002 55687
5102 12245
5202 37937
5302 60083
5402 43580
5502 3195
5602 23700
5702 50870
5802 29785
5902 37432
6002 55186
6102 23477
6202 15975
6302 23143
6402 46790
6502 51760
6602 8680
6702 38293
6802 52885
6902 63650
7002 49798
7102 13941
7202 61148
7302 48240
7402 53640
7502 32334
7602 1414
7702 36038
7802 25293
7902 54605
8002 38924
8102 54524
8202 7418
8302 26221
8402 18977
8502 61033
8602 4369
8702 22042
8802 48119
8902 31696
9002 28293
9102 65376
9202 1678
9302 55687
9402 30799
9502 57654
9602 51151
9702 63827
9802 45290
9902 41887
10002 956
10102 29404
10202 8916
10302 8696
10402 55383
10502 9415
10602 9143
10702 14233
10802 14212
10902 28250
11002 61256
11102 24519
11202 44940
11302 50177
11402 15699
11502 62599
11602 10237
11702 502
11802 8796
11902 23979
12002 29665
12102 48019
12202 60217
12302 46800
12402 11399
12502 26270
12602 17003
12702 27555
12802 43454
12902 56998
13002 24643
13102 59803
13202 19927
13302 13124
13402 46533
13502 52478
13602 2317
13702 18350
13802 23997
13902 22318
14002 52707
14102 61812
14202 22790
14302 28822
14402 16421
14502 13796
14602 20214
14702 4877
14802 49388
14902 13316
15002 48809
15102 56156
15202 41935
15302 1829
15402 3846
15502 60027
15602 40222
15702 22987
15802 59876
15902 10280
16002 44570
16102 48585
16202 50555
16302 6755
16402 11826
16502 44717
16602 29428
16702 64089
16802 61150
16902 59238
17002 2231
17102 50514
17202 39500
17302 62500
17402 14637
17502 25909
17602 51291
17702 19960
17802 35969
17902 13320
18002 17381
18102 23878
18202 13432
18302 60768
18402 60375
18502 37610
18602 40770
18702 21817
18802 1194
18902 53901
19002 59615
19102 47770
19202 64714
19302 3392
19402 60676
19502 49847
19602 11119
19702 27430
19802 51578
19902 48493
20002 17401
20102 48919
20202 53235
20302 12800
20402 16555
20502 4370
20602 57369
20702 56913
20802 29884
20902 27587
21002 12354
21102 37323
21202 27203
21302 8003
21402 19285
21502 7564
21602 30891
21702 44211
21802 38745
21902 50706
22002 16992
22102 28655
22202 2791
22302 2031
22402 39414
22502 33073
22602 21272
22702 2484
22802 21421
22902 32861
23002 55747
23102 36359
23202 24838
23302 47657
23402 60282
23502 46569
23602 49849
23702 32003
23802 10677
23902 20675
24002 10767
24102 57943
24202 7377
24302 18085
24402 48650
24502 32722
24602 19340
24702 64002
24802 48878
24902 26226
25002 59299
25102 36043
25202 23355
25302 40794
25402 34007
25502 33525
25602 61530
25702 40554
25802 21756
25902 21289
26002 37181
26102 64370
26202 28729
26302 37929
26402 24847
26502 62995
26602 12932
26702 50582
26802 3537
26902 40464
27002 8165
27102 46511
27202 7571
27302 53984
27402 34011
27502 49971
27602 57929
27702 48867
27802 63245
27902 43977
28002 44543
28102 61561
28202 40779
28302 46736
28402 2318
28502 12096
28602 10949
28702 32309
28802 45515
28902 53518
29002 24747
29102 52653
29202 52081
29302 15236
29402 16408
29502 23949
29602 34580
29702 906
29802 18802
29902 62089
30002 45007
30102 21470
30202 61247
30302 59937
30402 61587
30502 25849
30602 25100
30702 40907
30802 63468
30902 6693
31002 39459
31102 57967
31202 20656
31302 18979
31402 8878
31502 11144
31602 3207
31702 49022
31802 56906
31902 9808
32002 37143
32102 58134
32202 16831
32302 31881
32402 31795
32502 342
32602 63419
32702 8235
32802 13693
32902 9875
33002 29284
33102 32893
33202 58174
33302 36956
33402 1082
33502 9523
33602 36753
33702 23094
33802 33497
33902 21911
34002 52331
34102 26745
34202 8214
34302 39741
34402 10744
34502 2168
34602 47466
34702 42043
34802 18046
34902 9913
35002 11260
35102 65118
35202 18051
35302 18180
35402 34659
35502 30636
35602 60083
35702 40030
35802 27682
35902 17016
36002 6567
36102 64295
36202 48052
36302 19968
36402 46608
36502 12485
36602 892
36702 21863
36802 7850
36902 60785
37002 34670
37102 16663
37202 27268
37302 48366
37402 35110
37502 14889
37602 43996
37702 18507
37802 6783
37902 46448
38002 38827
38102 6084
38202 5756
38302 4036
38402 16661
38502 11527
38602 33095
38702 22246
38802 64448
38902 20021
39002 32986
39102 32166
39202 52624
39302 48452
39402 48052
39502 61910
39602 19780
39702 45473
39802 10327
39902 29614
40002 55000
40102 51723
40202 15590
40302 45237
40402 12414
40502 63243
40602 25748
40702 14583
40802 17203
40902 9513
41002 4497
41102 56890
41202 3472
41302 37824
41402 56565
41502 53620
41602 1078
41702 35719
41802 44819
41902 56585
42002 54827
42102 55539
42202 23531
42302 56086
42402 20290
42502 43355
42602 44764
42702 19213
42802 43077
42902 12446
43002 43124
43102 58730
43202 52019
43302 43586
43402 56221
43502 50485
43602 24482
43702 24658
43802 63766
43902 55966
44002 55217
44102 14484
44202 21529
44302 44102
44402 62323
44502 38240
44602 33550
44702 17615
44802 42290
44902 48069
45002 52621
45102 56391
45202 28581
45302 18374
45402 45698
45502 61690
45602 57690
45702 50571
45802 15987
45902 57254
46002 51110
46102 14175
46202 19926
46302 54393
46402 58454
46502 65493
46602 54946
46702 25835
46802 27340
46902 47603
47002 34811
47102 19949
47202 13178
47302 15536
47402 19297
47502 23875
47602 60470
47702 35838
47802 55407
47902 26170
48002 36896
48102 19633
48202 50793
48302 48302
48402 11706
48502 53286
48602 39843
48702 54082
48802 44942
48902 41178
49002 37203
49102 27961
49202 9839
49302 64641
49402 21326
49502 5884
49602 52248
49702 27832
49802 10033
49902 43054
50002 59576
50102 46768
50202 60078
50302 17813
50402 28189
50502 64643
50602 9059
50702 2068
50802 11223
50902 20275
51002 60236
51102 45069
51202 30515
51302 61448
51402 5569
51502 57284
51602 39622
51702 36210
51802 61371
51902 45576
52002 43683
52102 39379
52202 15063
52302 47803
52402 62083
52502 48987
52602 4547
52702 15181
52802 63381
52902 53776
53002 10648
53102 4033
53202 64821
53302 20487
53402 22978
53502 4971
53602 60407
53702 7156
53802 14106
53902 4901
54002 60971
54102 52555
54202 13575
54302 40309
54402 45033
54502 56152
54602 61162
54702 36696
54802 21394
54902 59335
55002 54393
55102 6214
55202 26561
55302 18266
55402 18556
55502 51287
55602 54728
55702 25065
55802 37822
55902 36761
56002 37985
56102 29184
56202 56096
56302 64106
56402 22815
56502 11929
56602 16907
56702 44121
56802 16603
56902 2955
57002 37882
57102 1752
57202 24182
57302 14762
57402 54207
57502 61715
57602 1662
57702 64352
57802 33752
57902 62053
58002 65136
58102 35604
58202 3958
58302 60664
58402 47767
58502 48075
58602 9852
58702 25537
58802 13307
58902 39269
59002 25014
59102 5157
59202 27431
59302 4902
59402 11345
59502 43467
59602 42637
59702 53325
59802 28710
59902 5757
60002 32227
60102 60017
60202 52796
60302 15718
60402 32033
60502 56265
60602 48383
60702 28680
60802 60810
60902 5056
61002 29449
61102 46577
61202 33274
61302 41407
61402 48731
61502 23864
61602 21049
61702 19034
61802 1790
61902 43632
62002 33877
62102 29975
62202 40058
62302 54420
62402 21933
62502 49475
62602 63940
62702 41993
62802 3283
62902 58224
63002 25004
63102 13279
63202 14680
63302 26128
63402 28897
63502 62089
63602 62453
63702 36765
63802 41993
63902 28636
64002 36274
64102 3445
64202 36869
64302 2205
64402 33710
64502 31062
64602 47976
64702 38194
64802 21132
64902 25538
65002 6297
65102 53114
65202 40275
65302 48242
65402 3891
65502 41175
65602 60309
65702 25496
65802 28758
65902 48786
66002 9756
66102 20107
66202 45083
66302 29026
66402 43780
66502 11138
66602 42879
66702 54186
66802 52868
66902 34896
67002 8301
67102 51357
67202 29645
67302 57789
67402 18966
67502 62035
67602 35313
67702 26056
67802 10609
67902 40838
68002 43761
68102 30877
68202 56280
68302 39663
68402 37159
68502 18815
68602 49423
68702 3410
68802 3935
68902 18336
69002 43400
69102 39868
69202 30345
69302 51589
69402 63814
69502 12856
69602 22981
69702 15088
69802 34771
69902 2325
70002 20718
70102 16266
70202 26678
70302 52522
70402 59952
70502 33890
70602 35314
70702 31420
70802 2497
70902 13890
71002 11026
71102 46301
71202 60627
71302 58231
71402 23155
71502 7351
71602 26216
71702 45581
71802 34216
71902 47876
72002 6789
72102 27042
72202 50659
72302 5628
72402 54861
72502 52225
72602 19392
72702 18744
72802 18638
72902 31231
73002 53892
73102 19864
73202 48656
73302 32875
73402 380
73502 39433
73602 53135
73702 11142
73802 33420
73902 12856
74002 28344
74102 31907
74202 11449
74302 4731
74402 40504
74502 24083
74602 51277
74702 22498
74802 28173
74902 22389
75002 55423
75102 23653
75202 56276
75302 65344
75402 45938
75502 21809
75602 55800
75702 64212
75802 31619
75902 58245
76002 59021
76102 38645
76202 26332
76302 40210
76402 4837
76502 31285
76602 15560
76702 9387
76802 63992
76902 14415
77002 63952
77102 61837
77202 20865
77302 28607
77402 5649
77502 18072
77602 30421
77702 34979
77802 46354
77902 24441
78002 40611
78102 32178
78202 62583
78302 22500
78402 14880
78502 44586
78602 65392
78702 10422
78802 53229
78902 47854
79002 1757
79102 53259
79202 15666
79302 33807
79402 3317
79502 5530
79602 24073
79702 21237
79802 45637
79902 55091
80002 62592
80102 50554
80202 29697
80302 55406
80402 975
80502 33400
80602 24100
80702 48779
80802 57733
80902 6498
81002 52200
81102 10608
81202 61052
81302 43169
81402 47717
81502 57826
81602 20683
81702 59844
81802 34449
81902 360
82002 60428
82102 4799
82202 59109
82302 53816
82402 32783
82502 433
82602 64001
82702 40545
82802 43980
82902 55606
83002 12760
83102 12950
83202 60779
83302 46736
83402 38716
83502 20258
83602 52358
83702 2161
83802 20906
83902 23070
84002 14309
84102 349
84202 4825
84302 23557
84402 34192
84502 43344
84602 51009
84702 65007
84802 26677
84902 54640
85002 45086
85102 14961
85202 63506
85302 21941
85402 51624
85502 50448
85602 10854
85702 15571
85802 51835
85902 7851
86002 1156
86102 28179
86202 15522
86302 62479
86402 11905
86502 61816
86602 57420
86702 25226
86802 54874
86902 64608
87002 3484
87102 27489
87202 11553
87302 60540
87402 29281
87502 44423
87602 27421
87702 13146
87802 51014
87902 45215
88002 40039
88102 36915
88202 64509
88302 24727
88402 56150
88502 60271
88602 26454
88702 8858
88802 27154
88902 33796
89002 39234
89102 57442
89202 48630
89302 27562
89402 33581
89502 14104
89602 35956
89702 34035
89802 53089
89902 52618
90002 61534
90102 19133
