102 48716
202 39138
302 14281
402 38140
502 12367
602 53214
702 9890
802 8612
902 7621
1002 64838
1102 17713
1202 2862
1302 13099
1402 655
1502 33074
1602 6116
1702 52815
1802 50466
1902 18530
2002 24757
2102 46527
2202 4248
2302 40281
2402 50336
2502 49496
2602 18339
2702 39002
2802 19165
2902 33931
3002 23691
3102 42549
3202 14447
3302 28344
3402 43220
3502 16422
3602 9698
3702 34632
3802 33704
3902 8149
4002 25669
4102 55885
4202 64568
4302 28188
4402 8419
4502 40234
4602 31386
4702 44119
4802 27063
4902 62683
5002 27603
5102 10625
5202 56979
5302 27966
5402 38707
5502 24570
5602 50548
5702 20599
5802 65257
5902 42064
6002 45577
6102 35667
6202 15946
6302 10253
6402 43562
6502 53178
6602 40918
6702 34030
6802 35608
6902 19507
7002 60533
7102 10816
7202 5009
7302 9771
7402 33478
7502 27851
7602 19862
7702 61095
7802 31906
7902 56377
8002 5194
8102 5667
8202 22469
8302 23096
8402 57538
8502 14967
8602 28608
8702 63551
8802 16544
8902 14349
9002 3207
9102 53705
9202 39325
9302 58088
9402 33333
9502 48955
9602 60275
9702 52931
9802 27280
9902 17396
10002 17865
10102 19618
10202 8784
10302 32283
10402 43739
10502 51959
10602 65451
10702 18866
10802 44290
10902 14929
11002 35497
11102 12930
11202 35763
11302 6210
11402 56277
11502 55614
11602 7687
11702 12863
11802 63805
11902 24745
12002 16414
12102 23535
12202 62577
12302 61437
12402 53764
12502 54087
12602 1382
12702 22407
12802 6265
12902 51387
13002 37255
13102 64202
13202 58647
13302 32622
13402 41113
13502 28470
13602 29471
13702 49118
13802 18131
13902 49348
14002 39834
14102 15599
14202 9486
14302 8453
14402 2157
14502 25251
14602 5831
14702 64484
14802 15628
14902 47043
15002 10942
15102 23732
15202 43401
15302 21729
15402 23736
15502 14886
15602 22110
15702 61628
15802 20157
15902 43546
16002 2862
16102 17499
16202 62383
16302 28015
16402 22233
16502 11701
16602 34623
16702 61762
16802 38954
16902 45753
17002 28678
17102 35925
17202 9797
17302 13500
17402 40508
17502 25085
17602 56513
17702 8875
17802 64419
17902 47712
18002 11214
18102 30934
18202 11726
18302 44536
18402 31625
18502 63795
18602 46567
18702 47435
18802 42263
18902 65524
19002 10669
19102 50480
19202 45039
19302 30642
19402 6600
19502 61106
19602 9168
19702 52256
19802 15031
19902 57053
20002 34854
20102 40959
20202 48477
20302 42601
20402 39912
20502 52488
20602 59846
20702 3267
20802 54938
20902 39766
21002 43479
21102 5064
21202 38401
21302 41753
21402 64345
21502 17108
21602 13135
21702 63392
21802 17357
21902 63964
22002 21914
22102 58390
22202 48054
22302 62536
22402 4831
22502 37538
22602 30684
22702 39988
22802 15048
22902 34814
23002 4017
23102 9775
23202 31089
23302 45474
23402 52928
23502 49544
23602 23
23702 49857
23802 5998
23902 12924
24002 4060
24102 4532
24202 46970
24302 16530
24402 48438
24502 8745
24602 7447
24702 4765
24802 13572
24902 59052
25002 57020
25102 33612
25202 52326
25302 33513
25402 2411
25502 23465
25602 5620
25702 43950
25802 11426
25902 52186
26002 11403
26102 34234
26202 43915
26302 11974
26402 55478
26502 31701
26602 3583
26702 3865
26802 21580
26902 63204
27002 62983
27102 2226
27202 24213
27302 21545
27402 51369
27502 35370
27602 57773
27702 46926
27802 21487
27902 10620
28002 24613
28102 31228
28202 36136
28302 44714
28402 39200
28502 24653
28602 28618
28702 6054
28802 14780
28902 61169
29002 23163
29102 11687
29202 50592
29302 63886
29402 12038
29502 58311
29602 43606
29702 34274
29802 46573
29902 20521
30002 32680
30102 9132
30202 33932
30302 8916
30402 2095
30502 32080
30602 57276
30702 59199
30802 29530
30902 9014
31002 22991
31102 41295
31202 62090
31302 31913
31402 17745
31502 13206
31602 16946
31702 22077
31802 24460
31902 18698
32002 30821
32102 37397
32202 49069
32302 39616
32402 44951
32502 12749
32602 54787
32702 41320
32802 33399
32902 20800
33002 36730
