102 34088
202 56741
302 14462
402 52591
502 54608
602 24326
702 34059
802 35670
902 60907
1002 34428
1102 3985
1202 29459
1302 22186
1402 52986
1502 41559
1602 33020
1702 60212
1802 59437
1902 29208
2002 19129
2102 26988
2202 3720
2302 50730
2402 42264
2502 31322
2602 1939
2702 19475
2802 57779
2902 27069
3002 65258
3102 64576
3202 5684
3302 47249
3402 39576
3502 41244
3602 63068
3702 1604
3802 35562
3902 48549
4002 43202
4102 32906
4202 42544
4302 40069
4402 8110
4502 21628
4602 2691
4702 45999
4802 52140
4902 13780
5002 13810
5102 45549
5202 54298
5302 14759
5402 1667
5502 62505
5602 59495
5702 46042
5802 22266
5902 33398
6002 19224
6102 10318
6202 3042
6302 4892
6402 39101
6502 64216
6602 12373
6702 59687
6802 54911
6902 54912
7002 60008
7102 60963
7202 25535
7302 34752
7402 24028
7502 43610
7602 40413
7702 21606
7802 41452
7902 17322
8002 6051
8102 3891
8202 5423
8302 17270
8402 61937
8502 1798
8602 32641
8702 34004
8802 10503
8902 38562
9002 36415
9102 50822
9202 1694
9302 27556
9402 13320
9502 60862
9602 32780
9702 44905
9802 30120
9902 58146
10002 9930
10102 64406
10202 57563
10302 53370
10402 32803
10502 35080
10602 12523
10702 1890
10802 52413
10902 40520
11002 31498
11102 5405
11202 30349
11302 37505
11402 35324
11502 25457
11602 58132
11702 23994
11802 46907
11902 29608
12002 62111
12102 46479
12202 6605
12302 21228
12402 2732
12502 61413
12602 9109
12702 54118
12802 12261
12902 22798
13002 36760
13102 41904
13202 25135
13302 18384
13402 27688
13502 5054
13602 13890
13702 44023
13802 11629
13902 19759
14002 57359
14102 17293
14202 724
14302 2324
14402 41541
14502 31923
14602 11974
14702 44450
14802 45095
14902 58710
15002 32782
15102 42563
15202 38112
15302 53799
15402 31471
15502 17794
15602 8211
15702 18511
15802 17554
15902 52709
16002 37346
16102 45432
16202 100
16302 18059
16402 53210
16502 24863
16602 48558
16702 64472
16802 38351
16902 25815
17002 7505
17102 3534
17202 11689
17302 4559
17402 60257
17502 15389
17602 36549
17702 42159
17802 22380
17902 61085
18002 63896
18102 37873
18202 11748
18302 34215
18402 44172
18502 23484
18602 4579
18702 21607
18802 19390
18902 19162
19002 30233
19102 18576
19202 16744
19302 4308
19402 49910
19502 45851
19602 17207
19702 19655
19802 41896
19902 24871
20002 63896
20102 28146
20202 11272
20302 35552
20402 30641
20502 22326
20602 44863
20702 63481
20802 65066
20902 29661
21002 45520
21102 37781
21202 14281
21302 47293
21402 4285
21502 56828
21602 14308
21702 25161
21802 50921
21902 60174
22002 55935
22102 10672
22202 49716
22302 2441
22402 6279
22502 5451
22602 5179
22702 32496
22802 47818
22902 44903
23002 31292
23102 29158
23202 47385
23302 63397
23402 865
23502 7439
23602 30769
23702 11258
23802 18209
23902 8098
24002 35681
24102 44268
24202 61612
24302 59390
24402 17958
24502 10617
24602 17064
24702 64141
24802 8878
24902 64109
25002 47065
25102 39212
25202 60701
25302 43416
25402 14504
25502 18502
25602 17801
25702 6158
25802 46433
25902 28110
26002 41708
26102 59229
26202 53821
26302 17188
26402 33364
26502 2966
26602 39878
26702 27501
26802 27777
26902 20303
27002 21726
27102 17934
27202 7186
27302 59691
27402 14880
27502 5693
27602 27601
27702 2545
27802 55596
27902 28482
28002 20457
28102 39878
28202 35222
28302 64568
28402 41581
28502 10364
28602 51405
28702 10205
28802 43891
28902 43228
29002 51853
29102 38640
29202 6392
29302 39057
29402 47789
29502 13602
29602 54339
29702 45167
29802 51150
29902 18147
30002 16937
30102 29425
30202 11371
30302 39988
30402 2227
30502 42267
30602 57855
30702 1960
30802 28825
30902 31987
31002 16785
31102 31920
31202 28347
31302 53609
31402 62223
31502 4564
31602 65175
31702 9027
31802 883
31902 39505
32002 14692
32102 64282
32202 50845
32302 6372
32402 52473
32502 47098
32602 11115
32702 4612
32802 20956
32902 56459
33002 33129
33102 52087
33202 52821
33302 11668
33402 44253
33502 9722
33602 65108
33702 25828
33802 29538
33902 37959
34002 2686
34102 61673
34202 29286
34302 12091
34402 49254
34502 1255
34602 46823
34702 60783
34802 671
34902 45843
35002 34747
35102 55846
35202 59839
35302 52254
35402 58779
35502 43597
35602 30930
35702 24194
35802 27791
35902 48225
36002 5876
36102 19485
36202 54227
36302 46072
36402 6333
36502 40194
36602 13359
36702 35207
36802 28165
36902 6259
37002 20674
37102 54612
37202 7449
37302 59107
37402 13721
37502 38723
37602 49489
37702 6701
37802 25896
37902 13600
38002 64313
38102 28927
38202 51153
38302 50431
38402 57740
38502 27286
38602 5678
38702 65238
38802 6222
38902 27889
39002 55712
39102 51575
39202 11856
39302 2734
39402 26595
39502 44965
39602 40516
39702 10768
39802 29487
39902 9626
40002 22826
40102 17521
40202 3506
40302 51366
40402 49806
40502 14253
40602 6646
40702 48546
40802 42798
40902 35348
41002 2550
41102 42106
41202 16111
41302 15578
41402 136
41502 63893
41602 18623
41702 14547
41802 22049
41902 46246
42002 6234
42102 10666
42202 48905
42302 8880
42402 15657
42502 65008
42602 32168
42702 51929
42802 21234
42902 13520
43002 37741
43102 214
43202 12149
43302 38073
43402 24670
43502 64896
43602 33202
43702 30055
43802 40541
43902 39351
44002 27243
44102 13856
44202 41538
44302 13798
44402 23967
44502 22423
44602 26617
44702 40168
44802 39886
44902 46155
45002 9243
45102 51369
45202 2250
45302 60995
45402 7396
45502 3006
45602 63341
45702 43546
45802 17888
45902 37720
46002 13931
46102 30369
46202 13323
46302 11999
46402 60232
46502 13557
46602 22379
46702 9852
46802 37944
46902 64632
47002 11597
47102 23117
47202 4572
47302 55883
47402 4244
47502 39107
47602 15975
47702 4115
47802 2322
47902 20768
48002 41572
48102 22095
48202 42024
48302 14341
48402 61284
48502 19875
48602 8945
48702 29433
48802 61623
48902 47003
49002 3307
49102 65195
49202 41827
49302 3874
49402 13300
49502 43995
49602 3477
49702 36787
49802 47507
49902 31850
50002 9586
50102 21352
50202 23961
50302 46163
50402 50137
50502 55208
50602 33452
50702 5737
50802 27689
50902 26997
51002 61876
51102 59574
51202 2440
51302 2962
51402 16093
51502 64390
51602 14343
51702 3084
51802 14108
51902 55775
52002 26298
52102 33596
52202 19693
52302 29355
52402 33214
52502 45851
52602 52037
52702 14174
52802 23553
52902 8510
53002 24504
53102 44091
53202 17361
53302 60358
53402 64228
53502 48014
53602 10656
53702 28851
53802 59385
53902 61215
54002 43351
54102 38067
54202 23861
54302 34395
54402 24738
54502 45662
54602 1890
54702 50523
54802 14453
54902 36041
55002 18520
55102 704
55202 41926
55302 27362
55402 37635
55502 27821
55602 54968
55702 33254
55802 37068
55902 46377
56002 65064
56102 4338
56202 29721
56302 13908
56402 8996
56502 21921
56602 15509
56702 29147
56802 52790
56902 65471
57002 10162
57102 18393
57202 19284
57302 43478
57402 28643
57502 44400
57602 1585
57702 53382
57802 64429
57902 48339
58002 50725
58102 11613
58202 13571
58302 24506
58402 10040
58502 54012
58602 53169
58702 39870
58802 29357
58902 34547
59002 35359
59102 56034
59202 32346
59302 44170
59402 13262
59502 22955
59602 43318
59702 39727
59802 3667
59902 16594
60002 39718
60102 45637
60202 63977
60302 37672
60402 5645
60502 31457
60602 39502
60702 9626
60802 18403
60902 5514
61002 60634
61102 7572
61202 17783
61302 18832
61402 10812
61502 31748
61602 43467
61702 58218
61802 18857
61902 15670
62002 48126
62102 14436
62202 47427
62302 60127
62402 58141
62502 23297
62602 10661
62702 19552
62802 36397
62902 41142
63002 32409
63102 22725
63202 10323
63302 1291
63402 35922
63502 39190
63602 10694
63702 53419
63802 31324
63902 30178
64002 22891
64102 31784
64202 38433
64302 30044
64402 39289
64502 54716
64602 8303
64702 4084
64802 38757
64902 31089
65002 41530
65102 34471
65202 53035
65302 37128
65402 17707
65502 34333
65602 35865
65702 10443
65802 46737
65902 61571
66002 1313
66102 35894
66202 1567
66302 33177
66402 45284
66502 50308
66602 22292
66702 59620
66802 1187
66902 54991
67002 42808
67102 25149
67202 12230
67302 33545
67402 37619
67502 10569
67602 25437
67702 41212
67802 8915
67902 21044
68002 42378
68102 61597
68202 55172
68302 58278
68402 11130
68502 61549
68602 6522
68702 41060
68802 37701
68902 16450
69002 38532
69102 56010
69202 21252
69302 18861
69402 20060
69502 270
69602 54156
69702 15457
69802 33697
69902 20338
70002 12662
70102 11446
70202 40324
70302 3467
70402 46188
70502 37792
70602 7455
70702 33409
70802 44376
70902 55468
71002 43363
71102 48265
71202 8484
71302 23040
71402 43443
71502 52398
71602 11722
71702 57448
71802 51974
71902 21198
72002 42208
72102 17480
72202 46686
72302 47043
72402 35453
72502 58916
72602 16134
72702 58827
72802 4650
72902 31362
73002 41014
73102 33133
73202 48952
73302 31690
73402 19606
73502 10641
73602 54567
73702 40896
73802 17073
73902 43082
74002 43499
74102 8095
74202 65438
74302 19029
74402 35711
74502 62206
74602 18797
74702 18037
74802 63902
74902 17290
75002 40100
75102 62135
75202 16612
75302 28411
75402 5060
75502 16349
75602 6024
75702 40304
75802 23093
75902 48961
76002 1380
76102 41638
76202 61968
76302 65237
76402 20517
76502 48379
76602 37376
76702 31696
76802 26680
76902 49990
77002 10615
77102 63844
77202 55386
77302 63297
77402 39697
77502 38841
77602 29347
77702 15809
77802 17003
77902 955
78002 21640
78102 27860
78202 65254
78302 28010
78402 45531
78502 13287
78602 61180
78702 61113
78802 42606
78902 33405
79002 59031
79102 47086
79202 46027
79302 40499
79402 36500
79502 61198
79602 50526
79702 4006
79802 13754
79902 2779
80002 3399
80102 34971
80202 45649
80302 14041
80402 20019
80502 53383
80602 867
80702 42718
80802 36138
80902 7895
81002 18392
81102 38294
81202 30602
81302 40685
81402 41298
81502 24472
81602 12022
81702 49928
81802 45190
81902 30445
82002 5807
82102 32700
82202 14862
82302 14677
82402 31821
82502 64725
82602 49206
82702 45660
82802 46376
82902 18249
83002 1179
83102 47289
83202 53185
83302 46735
83402 738
83502 2180
83602 23762
83702 46440
83802 53787
83902 35837
84002 54422
84102 62768
84202 25680
84302 17873
84402 44043
84502 10380
84602 44363
84702 51639
84802 47074
84902 15691
85002 37165
85102 41887
85202 20579
85302 35737
85402 11241
85502 1144
85602 16037
85702 5943
85802 42217
85902 24333
86002 61533
86102 55370
86202 36090
86302 26848
86402 39268
86502 52735
86602 12074
86702 31499
86802 53123
86902 3594
87002 47022
87102 6381
87202 12128
87302 46891
87402 47342
87502 1284
87602 12905
87702 30510
87802 30199
87902 29465
88002 35706
88102 57844
88202 29429
88302 46812
88402 47493
88502 59861
88602 64579
88702 33559
88802 48377
88902 25447
89002 44369
89102 11151
89202 13137
89302 26949
89402 39279
89502 14341
89602 18257
89702 154
89802 23317
89902 31730
90002 32632
90102 37915
