102 65413
202 54219
302 18651
402 48981
502 52393
602 7009
702 1013
802 5132
902 35917
1002 41965
1102 49614
1202 5914
1302 53039
1402 31170
1502 17912
1602 45174
1702 44206
1802 379
1902 26129
2002 65115
2102 44222
2202 42690
2302 30403
2402 30607
2502 59871
2602 42361
2702 20729
2802 41923
2902 21989
3002 38170
3102 38093
3202 44395
3302 10754
3402 60736
3502 60857
3602 37334
3702 28608
3802 58604
3902 32118
4002 53407
4102 25730
4202 17885
4302 63765
4402 31419
4502 41172
4602 36541
4702 32663
4802 24461
4902 16407
5002 52416
5102 34776
5202 59472
5302 54473
5402 46402
5502 42921
5602 15940
5702 7636
5802 31261
5902 51629
6002 30287
6102 34919
6202 58097
6302 37807
6402 32585
6502 4379
6602 15344
6702 11349
6802 45985
6902 48952
7002 24220
7102 46812
7202 50584
7302 26593
7402 22293
7502 23857
7602 40763
7702 47815
7802 621
7902 38276
8002 26149
8102 28872
8202 1572
8302 54231
8402 8217
8502 27031
8602 46792
8702 43228
8802 7002
8902 11465
9002 6571
9102 21472
9202 40168
9302 30396
9402 45576
9502 41608
9602 39467
9702 58288
9802 8690
9902 58057
10002 40927
10102 59266
10202 16307
10302 49124
10402 34835
10502 30861
10602 55633
10702 24419
10802 8855
10902 63869
11002 63087
11102 19767
11202 8252
11302 13613
11402 39032
11502 4797
11602 34556
11702 59826
11802 48226
11902 55897
12002 59180
12102 32117
12202 53209
12302 7434
12402 45347
12502 49167
12602 17022
12702 18741
12802 19093
12902 41986
13002 43933
13102 41970
13202 12837
13302 31026
13402 7797
13502 65126
13602 29954
13702 61116
13802 57085
13902 50768
14002 54989
14102 10261
14202 54876
14302 64020
14402 48986
14502 58800
14602 11414
14702 6610
14802 45559
14902 55653
15002 31591
15102 36657
15202 31743
15302 55355
15402 19338
15502 1467
15602 13633
15702 15251
15802 20025
15902 52609
16002 26752
16102 54099
16202 31824
16302 47630
16402 55552
16502 61629
16602 55720
16702 32768
16802 2332
16902 50028
17002 59928
17102 56901
17202 33890
17302 51756
17402 44689
17502 59218
17602 14136
17702 39247
17802 42288
17902 17377
18002 48131
18102 31278
18202 31624
18302 33851
18402 45134
18502 24969
18602 46279
18702 41272
18802 64084
18902 43773
19002 6244
19102 21874
19202 18901
19302 1008
19402 18378
19502 49799
19602 23784
19702 33160
19802 64050
19902 18292
20002 6210
20102 22148
20202 50904
20302 46260
20402 10290
20502 55882
20602 60213
20702 44226
20802 59344
20902 62761
21002 5674
21102 48863
21202 56446
21302 24686
21402 30809
21502 35153
21602 35030
21702 36991
21802 26080
21902 42544
22002 15867
22102 10622
22202 39055
22302 45826
22402 43338
22502 8838
22602 19921
22702 51233
22802 41598
22902 2983
23002 52683
23102 23408
23202 52010
23302 20383
23402 904
23502 56958
23602 5726
23702 56219
23802 55436
23902 26873
24002 26277
24102 15844
24202 45561
24302 44720
24402 54920
24502 10276
24602 48690
24702 10955
24802 7281
24902 17655
25002 54116
25102 23825
25202 33145
25302 28377
25402 61603
25502 58860
25602 36241
25702 15900
25802 29908
25902 40073
26002 45622
26102 16167
26202 64045
26302 8395
26402 64771
26502 37515
26602 37803
26702 10889
26802 14675
26902 8174
27002 37956
27102 65156
27202 42459
27302 9823
27402 59844
27502 16771
27602 24416
27702 50502
27802 26206
27902 19288
28002 58371
28102 27030
28202 5524
28302 325
28402 50746
28502 12868
28602 6508
28702 17374
28802 22381
28902 2979
29002 22447
29102 27417
29202 31501
29302 14481
29402 64612
29502 62537
29602 25010
29702 46835
29802 10933
29902 61680
30002 30174
30102 57712
30202 22544
30302 7869
30402 25622
30502 5560
30602 10346
30702 15780
30802 38210
30902 14941
31002 22078
31102 2750
31202 40855
31302 7458
31402 50313
31502 8613
31602 41237
31702 25815
31802 61200
31902 41543
32002 45139
32102 26145
32202 41484
32302 36378
32402 54435
32502 40675
32602 40898
32702 32711
32802 25524
32902 6472
33002 26285
33102 17513
33202 33846
33302 56651
33402 2295
33502 36967
33602 36707
33702 54834
33802 51982
33902 35456
34002 56659
34102 32607
34202 44281
34302 40396
34402 42899
34502 34981
34602 40815
34702 13221
34802 47669
34902 58693
35002 28771
35102 44053
35202 61657
35302 48141
35402 56813
35502 17621
35602 61167
35702 53482
35802 19568
35902 13459
36002 31061
36102 4595
36202 36956
36302 43884
36402 57354
36502 13265
36602 45537
36702 7216
36802 3017
36902 42872
37002 20481
37102 1637
37202 49170
37302 4348
37402 62653
37502 12305
37602 48867
37702 9772
37802 44942
37902 25090
38002 22633
38102 61224
38202 16784
38302 24918
38402 2234
38502 64094
38602 25531
38702 51666
38802 53820
38902 28892
39002 31032
39102 21594
39202 901
39302 557
39402 46720
39502 10137
39602 51893
39702 11183
39802 45752
39902 19900
40002 38101
40102 1136
40202 55507
40302 59646
40402 64137
40502 55463
40602 169
40702 35250
40802 4398
40902 31324
41002 19068
41102 53013
41202 25554
41302 4215
41402 31557
41502 58575
41602 32732
41702 25239
41802 52759
41902 13036
42002 42131
42102 27967
42202 34102
42302 4565
42402 61829
42502 25280
42602 23354
42702 2399
42802 33549
42902 16514
43002 64970
43102 49804
43202 43235
43302 16942
43402 21818
43502 4220
43602 7531
43702 21130
43802 51695
43902 62829
44002 5990
44102 57108
44202 17977
44302 25388
44402 14035
44502 17349
44602 45999
44702 6947
44802 1275
44902 55666
45002 18692
45102 3271
45202 33991
45302 40417
45402 47768
45502 53025
45602 54113
45702 1417
45802 770
45902 12697
46002 35164
46102 19276
46202 44022
46302 40787
46402 27330
46502 63978
46602 64241
46702 36330
46802 61262
46902 20189
47002 35798
47102 58093
47202 54235
47302 25126
47402 10860
47502 51861
47602 15593
47702 20892
47802 58997
47902 28964
48002 54023
48102 52838
48202 2763
48302 1162
48402 49354
48502 21896
48602 33889
48702 49123
48802 63670
48902 60357
49002 37588
49102 48365
49202 35899
49302 34668
49402 10437
49502 19951
49602 44305
49702 36552
49802 1161
49902 36015
50002 30617
50102 40790
50202 32869
50302 8501
50402 24900
50502 57862
50602 14190
50702 21651
50802 28490
50902 23666
51002 44625
51102 25884
51202 36025
51302 11825
51402 6365
51502 13819
51602 38899
51702 34815
51802 47295
51902 53863
52002 50538
52102 15242
52202 49323
52302 51870
52402 41858
52502 55696
52602 44261
52702 28033
52802 20424
52902 13302
53002 33408
53102 42552
53202 10347
53302 9724
53402 18108
53502 13377
53602 24264
53702 16125
53802 6929
53902 13252
54002 62649
54102 1001
54202 16922
54302 38038
54402 25432
54502 22772
54602 43400
54702 7078
54802 18242
54902 47880
55002 15799
55102 63668
55202 6284
55302 48721
55402 58217
55502 19260
55602 61883
55702 40051
55802 4231
55902 18954
56002 46080
56102 63567
56202 44124
56302 58963
56402 46679
56502 20886
56602 715
56702 32370
56802 35762
56902 40089
57002 32286
57102 61051
57202 36490
57302 31716
57402 54464
57502 32555
57602 1392
57702 2381
57802 10076
57902 13056
58002 4942
58102 243
58202 28968
58302 33909
58402 26598
58502 23959
58602 12749
58702 49918
58802 663
58902 48046
59002 15726
59102 5507
59202 1348
59302 60324
59402 59410
59502 22152
59602 10110
59702 27543
59802 58409
59902 19495
60002 40266
60102 18067
60202 35483
60302 2933
60402 39382
60502 5680
60602 40660
60702 4374
60802 33672
60902 63174
61002 37565
61102 34872
61202 50174
61302 34754
61402 11920
61502 35899
61602 47822
61702 23118
61802 61871
61902 8936
62002 3473
62102 48918
62202 8546
62302 20954
62402 3356
62502 55701
62602 29393
62702 49207
62802 32399
62902 10651
63002 9220
63102 48409
63202 57921
63302 36954
63402 18128
63502 50387
63602 1273
63702 9709
63802 45625
63902 17850
64002 40835
64102 41028
64202 6615
64302 22484
64402 25505
64502 5125
64602 56608
64702 28455
64802 21795
64902 49902
65002 24864
65102 49508
65202 2119
65302 16549
65402 6395
65502 7495
65602 53536
65702 21470
65802 52410
65902 37945
66002 47579
66102 16400
66202 16610
66302 36002
66402 30778
66502 64193
66602 64356
66702 51770
66802 17045
66902 60088
67002 65202
67102 30683
67202 28606
67302 47827
67402 63267
67502 15743
67602 45806
67702 35062
67802 42715
67902 2536
68002 30003
68102 23576
68202 4385
68302 18285
68402 51806
68502 983
68602 30931
68702 11667
68802 29712
68902 19877
69002 28868
69102 42552
69202 22898
69302 52870
69402 12626
69502 2816
69602 47400
69702 61191
69802 16949
69902 13332
70002 11143
70102 41111
70202 39228
70302 44237
70402 27538
70502 709
70602 59269
70702 1842
70802 37365
70902 36601
71002 50705
71102 49561
71202 43004
71302 35191
71402 36243
71502 25838
71602 46691
71702 59016
71802 62608
71902 38978
72002 55816
72102 60437
72202 35776
72302 13575
72402 19097
72502 19681
72602 28043
72702 54474
72802 61754
72902 4888
73002 10716
73102 13686
73202 36134
73302 42838
73402 36649
73502 54292
73602 46227
73702 26912
73802 16714
73902 63234
74002 1227
74102 2106
74202 52821
74302 17463
74402 19547
74502 48760
74602 63283
74702 51218
74802 897
74902 12048
75002 48346
75102 10828
75202 28846
75302 22860
75402 61583
75502 30543
75602 1918
75702 19201
75802 30448
75902 57257
76002 38100
76102 12964
76202 43659
76302 59665
76402 4496
76502 44688
76602 62376
76702 10749
76802 37600
76902 25257
77002 35013
77102 48162
77202 28509
77302 44333
77402 52802
77502 4676
77602 57180
77702 39554
77802 47197
77902 55706
78002 39893
78102 9064
78202 8866
78302 50440
78402 31105
78502 57816
78602 50604
78702 61020
78802 44225
78902 53251
79002 11016
79102 9268
79202 43001
79302 54003
79402 36051
79502 40064
79602 43219
79702 39291
79802 638
79902 53817
80002 26291
80102 24761
80202 24338
80302 42873
80402 44187
80502 42378
80602 29004
80702 20412
80802 14710
80902 195
81002 33604
81102 38885
81202 63572
81302 41275
81402 15516
81502 308
81602 104
81702 56408
81802 26168
81902 31413
82002 61874
82102 59933
82202 7391
82302 34997
82402 38135
82502 49909
82602 47226
82702 54111
82802 10751
82902 28889
83002 19627
83102 47033
83202 40928
83302 13327
83402 47768
83502 30657
83602 42202
83702 34444
83802 23855
83902 1632
84002 41774
84102 47509
84202 28022
84302 34484
84402 2305
84502 11679
84602 23790
84702 61920
84802 1713
84902 64409
85002 31109
85102 16408
85202 14383
85302 43916
85402 54861
85502 60508
85602 62467
85702 44278
85802 33804
85902 36041
86002 55855
86102 58074
86202 45247
86302 48695
86402 55970
86502 53472
86602 8740
86702 35388
86802 4324
86902 41118
87002 19227
87102 44502
87202 18331
87302 50026
87402 2620
87502 19636
87602 61094
87702 10269
87802 38907
87902 7808
88002 12676
88102 43984
88202 34983
88302 15462
88402 30224
88502 45000
88602 7147
88702 57563
88802 22754
88902 54591
89002 57893
89102 23361
89202 19485
89302 474
89402 39291
89502 52042
89602 65432
89702 7030
89802 33852
89902 26582
90002 41631
90102 25664
