102 47964
202 33919
302 56718
402 46596
502 57386
602 27577
702 4731
802 65372
902 22081
1002 57915
1102 36346
1202 9872
1302 51806
1402 56395
1502 9207
1602 11480
1702 1428
1802 22438
1902 12769
2002 6843
2102 39682
2202 4301
2302 41181
2402 33853
2502 56231
2602 52907
2702 41539
2802 28566
2902 63816
3002 36984
3102 19281
3202 45249
3302 42278
3402 34002
3502 3092
3602 6901
3702 13898
3802 54657
3902 41977
4002 41630
4102 21397
4202 60300
4302 56694
4402 50156
4502 18704
4602 22858
4702 10564
4802 3233
4902 58269
5002 10176
5102 21875
5202 60428
5302 40080
5402 13366
5502 41628
5602 9198
5702 10449
5802 29297
5902 48719
6002 58337
6102 14060
6202 26652
6302 40090
6402 25232
6502 632
6602 7551
6702 52778
6802 7303
6902 5496
7002 4471
7102 46543
7202 52507
7302 50832
7402 52339
7502 52151
7602 40656
7702 38880
7802 32314
7902 9228
8002 57871
8102 17293
8202 22174
8302 13278
8402 11729
8502 40313
8602 32130
8702 42370
8802 47111
8902 40297
9002 46992
9102 54616
9202 61252
9302 4257
9402 43061
9502 40104
9602 18446
9702 60579
9802 42221
9902 62577
10002 9261
10102 15959
10202 32688
10302 33401
10402 32972
10502 25157
10602 50660
10702 12564
10802 50295
10902 48960
11002 63453
11102 37918
11202 42217
11302 27859
11402 34012
11502 775
11602 45351
11702 58573
11802 26661
11902 2413
12002 56990
12102 31405
12202 57039
12302 6464
12402 12454
12502 12780
12602 63383
12702 13594
12802 52641
12902 46564
13002 27323
13102 38603
13202 5256
13302 16715
13402 24895
13502 16929
13602 9860
13702 12839
13802 17231
13902 5793
14002 23418
14102 14866
14202 41863
14302 41852
14402 38148
14502 37890
14602 16548
14702 18716
14802 35467
14902 38535
15002 1145
15102 61936
15202 18803
15302 60374
15402 48597
15502 55586
15602 652
15702 55725
15802 25872
15902 25439
16002 40844
16102 3901
16202 39429
16302 671
16402 27777
16502 54888
16602 57282
16702 51171
16802 52639
16902 53000
17002 2244
17102 36751
17202 28118
17302 32680
17402 13984
17502 13606
17602 61055
17702 8653
17802 57451
17902 23683
18002 5172
18102 64699
18202 37677
18302 8914
18402 23998
18502 47987
18602 57337
18702 39893
18802 16675
18902 17651
19002 55907
19102 26492
19202 1904
19302 35526
19402 9441
19502 54126
19602 17384
19702 40984
19802 5895
19902 14584
20002 24886
20102 17771
20202 52886
20302 29142
20402 43527
20502 16581
20602 54000
20702 39806
20802 43878
20902 32650
21002 44060
21102 57640
21202 43324
21302 19499
21402 23881
21502 22177
21602 55615
21702 5479
21802 36826
21902 7507
22002 52603
22102 43023
22202 50461
22302 29861
22402 46751
22502 42971
22602 26584
22702 26351
22802 45736
22902 7811
23002 42417
23102 7006
23202 30471
23302 40061
23402 13487
23502 59179
23602 7848
23702 4085
23802 30821
23902 1572
24002 43802
24102 48978
24202 6847
24302 32123
24402 6412
24502 64247
24602 45311
24702 35191
24802 52586
24902 2121
25002 25450
25102 56956
25202 60281
25302 7170
25402 55304
25502 13964
25602 374
25702 36640
25802 654
25902 6254
26002 24087
26102 14763
26202 5013
26302 44738
26402 58612
26502 56562
26602 8928
26702 47295
26802 59894
26902 10174
27002 16385
27102 57549
27202 13147
27302 58479
27402 19954
27502 18933
27602 4096
27702 8883
27802 41005
27902 57358
28002 45033
28102 50995
28202 14931
28302 28806
28402 6537
28502 39851
28602 48631
28702 41921
28802 28888
28902 53640
29002 9222
29102 28379
29202 16909
29302 57985
29402 12452
29502 27934
29602 24459
29702 1999
29802 48842
29902 32588
30002 7655
30102 22335
30202 64780
30302 1392
30402 17264
30502 30684
30602 42172
30702 57021
30802 34900
30902 23403
31002 40467
31102 50657
31202 34597
31302 370
31402 42557
31502 41111
31602 12940
31702 23055
31802 35667
31902 25856
32002 32640
32102 11726
32202 54769
32302 36287
32402 49205
32502 33532
32602 44837
32702 24639
32802 35014
32902 47135
33002 2677
