102 3259
202 13488
302 36531
402 44104
502 35478
602 37396
702 41490
802 31852
902 42627
1002 19254
1102 18988
1202 47805
1302 33002
1402 18221
1502 60690
1602 30090
1702 51467
1802 21182
1902 9620
2002 14774
2102 13627
2202 36622
2302 45137
2402 21634
2502 2115
2602 2488
2702 62828
2802 64390
2902 52865
3002 34699
3102 12503
3202 11036
3302 34583
3402 59233
3502 13858
3602 5109
3702 53469
3802 37620
3902 34730
4002 65033
4102 63996
4202 49455
4302 61667
4402 227
4502 33184
4602 55812
4702 41078
4802 11068
4902 44272
5002 4149
5102 55257
5202 10608
5302 13429
5402 32110
5502 41043
5602 63078
5702 1896
5802 23076
5902 53864
6002 23982
6102 17475
6202 46968
6302 20951
6402 21899
6502 20790
6602 35717
6702 46499
6802 53224
6902 49921
7002 16036
7102 61165
7202 17015
7302 8321
7402 60406
7502 2217
7602 24172
7702 48890
7802 57574
7902 8763
8002 54075
8102 45911
8202 15379
8302 28574
8402 4222
8502 27420
8602 19773
8702 37187
8802 60139
8902 49302
9002 35151
9102 19692
9202 15127
9302 24434
9402 49111
9502 8844
9602 36128
9702 46763
9802 61635
9902 41858
10002 62686
10102 12604
10202 43309
10302 14918
10402 25847
10502 40576
10602 1092
10702 11838
10802 16663
10902 65063
11002 50744
11102 12637
11202 15954
11302 64697
11402 64082
11502 50314
11602 7745
11702 3187
11802 59979
11902 32993
12002 3883
12102 65503
12202 10692
12302 1364
12402 10110
12502 55743
12602 29429
12702 14284
12802 7784
12902 6603
13002 16084
13102 15523
13202 22289
13302 6411
13402 41118
13502 64456
13602 30480
13702 13938
13802 9900
13902 60292
14002 22913
14102 13995
14202 56985
14302 32275
14402 59345
14502 14394
14602 9863
14702 1896
14802 1212
14902 63751
15002 49721
15102 23999
15202 29679
15302 49639
15402 42354
15502 21947
15602 4040
15702 19120
15802 44226
15902 26913
16002 7067
16102 35017
16202 44283
16302 14460
16402 50609
16502 39722
16602 30021
16702 1554
16802 43673
16902 21732
17002 21475
17102 47528
17202 30192
17302 2052
17402 20901
17502 2216
17602 17800
17702 39084
17802 49391
17902 4807
18002 28319
18102 36772
18202 34421
18302 23522
18402 195
18502 5910
18602 28233
18702 54633
18802 225
18902 58326
19002 53867
19102 30845
19202 62825
19302 59882
19402 39800
19502 32360
19602 59252
19702 30341
19802 63947
19902 44156
20002 9951
20102 8237
20202 52781
20302 14224
20402 10158
20502 65169
20602 8425
20702 21632
20802 11606
20902 32839
21002 43064
21102 57567
21202 2320
21302 42735
21402 34837
21502 55018
21602 3948
21702 58658
21802 29606
21902 46678
22002 8018
22102 25689
22202 19957
22302 28025
22402 51932
22502 36484
22602 16679
22702 26074
22802 31983
22902 55624
23002 11641
23102 49858
23202 53304
23302 31505
23402 61801
23502 47188
23602 65189
23702 18694
23802 21949
23902 55640
24002 13181
24102 46731
24202 31212
24302 3752
24402 45374
24502 62574
24602 30426
24702 9215
24802 62300
24902 4325
25002 62870
25102 42178
25202 45889
25302 25863
25402 30825
25502 11208
25602 36388
25702 58524
25802 25869
25902 48703
26002 44904
26102 61080
26202 28551
26302 42850
26402 225
26502 58570
26602 29353
26702 45391
26802 5024
26902 23122
27002 61785
27102 41398
27202 63890
27302 1735
27402 19485
27502 40596
27602 21151
27702 57232
27802 5291
27902 25546
28002 55915
28102 36361
28202 33717
28302 56568
28402 54230
28502 57936
28602 14456
28702 12796
28802 45029
28902 40133
29002 35098
29102 44832
29202 30559
29302 45634
29402 41404
29502 43990
29602 65149
29702 37726
29802 13208
29902 42724
30002 16284
30102 33299
30202 51864
30302 3168
30402 35486
30502 9164
30602 26045
30702 23465
30802 58527
30902 29531
31002 40088
31102 37023
31202 26226
31302 4072
31402 56722
31502 64908
31602 23437
31702 20041
31802 55753
31902 37157
32002 57465
32102 38087
32202 16166
32302 63244
32402 46641
32502 44476
32602 43617
32702 35567
32802 17163
32902 65338
33002 52878
33102 2985
33202 9030
33302 30879
33402 21214
33502 61331
33602 38521
33702 31196
33802 51395
33902 16078
34002 61307
34102 60308
34202 7169
34302 19578
34402 37992
34502 41635
34602 32004
34702 51462
34802 8451
34902 60596
35002 3343
35102 36168
35202 46077
35302 30471
35402 47662
35502 44114
35602 12079
35702 48524
35802 3303
35902 968
36002 12280
36102 57114
36202 54842
36302 61464
36402 5253
36502 56932
36602 50776
36702 28113
36802 14987
36902 48188
37002 1541
37102 59257
37202 16676
37302 49559
37402 10104
37502 49695
37602 64328
37702 25429
37802 46772
37902 28892
38002 11383
38102 49566
38202 34201
38302 64980
38402 5408
38502 42322
38602 27304
38702 20929
38802 2571
38902 25191
39002 42827
39102 4489
39202 45798
39302 30398
39402 42249
39502 2928
39602 41621
39702 21777
39802 32524
39902 37813
40002 26840
40102 52124
40202 22490
40302 45117
40402 16498
40502 54165
40602 12006
40702 43341
40802 44839
40902 50009
41002 51387
41102 37644
41202 51209
41302 63916
41402 51874
41502 60935
41602 56867
41702 64302
41802 33988
41902 56214
42002 49683
42102 6211
42202 25698
42302 27599
42402 15782
42502 8319
42602 50958
42702 20809
42802 16235
42902 6406
43002 27790
43102 56874
43202 40836
43302 44427
43402 35938
43502 19019
43602 54767
43702 65432
43802 43286
43902 36054
44002 17855
44102 22561
44202 14296
44302 41919
44402 48997
44502 12725
44602 29377
44702 19287
44802 27639
44902 37690
45002 707
45102 16098
45202 44723
45302 62656
45402 46796
45502 53556
45602 45237
45702 56007
45802 59813
45902 63012
46002 29915
46102 2068
46202 15596
46302 58714
46402 61162
46502 18032
46602 55524
46702 64762
46802 29062
46902 29627
47002 24265
47102 59435
47202 36237
47302 30048
47402 60176
47502 41073
47602 64465
47702 13488
47802 17334
47902 33525
48002 29673
48102 9575
48202 19655
48302 36938
48402 43630
48502 31649
48602 5676
48702 44972
48802 43493
48902 51669
49002 29040
49102 57575
49202 37331
49302 40143
49402 29048
49502 64763
49602 12016
49702 63818
49802 19308
49902 57829
50002 23129
50102 50779
50202 49688
50302 41645
50402 2802
50502 61579
50602 36644
50702 32327
50802 41607
50902 58614
51002 2666
51102 62775
51202 64971
51302 491
51402 45300
51502 31903
51602 17341
51702 7033
51802 7857
51902 63098
52002 34950
52102 44709
52202 65386
52302 48508
52402 57718
52502 40668
52602 25542
52702 14854
52802 12329
52902 13883
53002 34031
53102 61253
53202 55667
53302 11440
53402 20440
53502 30544
53602 45876
53702 52726
53802 5685
53902 24482
54002 43682
54102 60840
54202 32260
54302 50077
54402 64230
54502 4267
54602 38129
54702 28468
54802 30128
54902 8436
55002 18493
55102 30616
55202 11321
55302 44503
55402 24952
55502 22905
55602 44173
55702 57239
55802 12769
55902 42118
56002 32606
56102 35184
56202 15286
56302 61992
56402 20124
56502 57031
56602 37626
56702 50685
56802 56158
56902 43738
57002 56411
57102 49777
57202 20404
57302 28230
57402 44843
57502 7895
57602 60453
57702 38433
57802 6686
57902 62226
58002 22222
58102 56707
58202 37457
58302 43359
58402 12432
58502 61363
58602 17356
58702 40713
58802 20523
58902 53814
59002 18824
59102 1322
59202 7907
59302 18823
59402 4204
59502 43506
59602 64448
59702 43750
59802 36292
59902 1155
60002 56025
60102 18579
60202 21611
60302 35133
60402 61505
60502 12358
60602 34091
60702 46773
60802 62317
60902 20003
61002 22652
61102 46537
61202 8793
61302 60357
61402 2046
61502 14447
61602 837
61702 60579
61802 29647
61902 24966
62002 65126
62102 44960
62202 45975
62302 18353
62402 14686
62502 36809
62602 26309
62702 12264
62802 11573
62902 44274
63002 35334
63102 8155
63202 50396
63302 46459
63402 28012
63502 3826
63602 46941
63702 54547
63802 2950
63902 35871
64002 30173
64102 30112
64202 38560
64302 39364
64402 17046
64502 18758
64602 47300
64702 48840
64802 62436
64902 41698
65002 64712
65102 52194
65202 43544
65302 10473
65402 35782
65502 26260
65602 60417
65702 55145
65802 24512
65902 25610
66002 29060
66102 14983
66202 36015
66302 3110
66402 18418
66502 23135
66602 35550
66702 22599
66802 53004
66902 11694
67002 40867
67102 29882
67202 39045
67302 59863
67402 10422
67502 20386
67602 57397
67702 15935
67802 3908
67902 49929
68002 7988
68102 62577
68202 62399
68302 41656
68402 8672
68502 15193
68602 39903
68702 53048
68802 46905
68902 29741
69002 54853
69102 15636
69202 21022
69302 42368
69402 27599
69502 902
69602 47681
69702 34958
69802 61297
69902 13346
70002 40400
70102 1296
70202 51484
70302 44310
70402 52932
70502 1663
70602 31718
70702 9571
70802 1233
70902 22591
71002 26732
71102 33393
71202 61633
71302 39796
71402 22272
71502 15806
71602 1497
71702 299
71802 22004
71902 25065
72002 32852
72102 47158
72202 33768
72302 9493
72402 3844
72502 44230
72602 49247
72702 43369
72802 30747
72902 6160
73002 8050
73102 61975
73202 41847
73302 3761
73402 3091
73502 23488
73602 43457
73702 59915
73802 62160
73902 13946
74002 16907
74102 13302
74202 4074
74302 5242
74402 3697
74502 7342
74602 16353
74702 54411
74802 46599
74902 13344
75002 16460
75102 34167
75202 43935
75302 3222
75402 18013
75502 50470
75602 8688
75702 4938
75802 10386
75902 5777
76002 24500
76102 20561
76202 25143
76302 41560
76402 39110
76502 42294
76602 28698
76702 36228
76802 23883
76902 49248
77002 60373
77102 55934
77202 14232
77302 11511
77402 42742
77502 64619
77602 61547
77702 32098
77802 17347
77902 25562
78002 50926
78102 55471
78202 56263
78302 4243
78402 898
78502 40383
78602 25355
78702 51497
78802 12439
78902 36574
79002 4906
79102 2710
79202 50086
79302 13848
79402 30077
79502 35089
79602 6985
79702 41100
79802 24759
79902 36925
80002 22031
80102 1046
80202 184
80302 23243
80402 23617
80502 23786
80602 51926
80702 9359
80802 36280
80902 12878
81002 36396
81102 47117
81202 47108
81302 30079
81402 22577
81502 28366
81602 61332
81702 58811
81802 35786
81902 51409
82002 9780
82102 32876
82202 30861
82302 4277
82402 50770
82502 31355
82602 11230
82702 48746
82802 52710
82902 33775
83002 32363
83102 24666
83202 9765
83302 58514
83402 60923
83502 59149
83602 27027
83702 12824
83802 41074
83902 46710
84002 7399
84102 18090
84202 15783
84302 57114
84402 42584
84502 29471
84602 9392
84702 55402
84802 56210
84902 16001
85002 35015
85102 13258
85202 22284
85302 37069
85402 34793
85502 43391
85602 59019
85702 57577
85802 62680
85902 34089
86002 17880
86102 6076
86202 56664
86302 18674
86402 39077
86502 4306
86602 50421
86702 27054
86802 1005
86902 60658
87002 25820
87102 63513
87202 44550
87302 8318
87402 52780
87502 34720
87602 43592
87702 50815
87802 33877
87902 46986
88002 31131
88102 27601
88202 31356
88302 53362
88402 18448
88502 43448
88602 2293
88702 42459
88802 24769
88902 59026
89002 49814
89102 46168
89202 31768
89302 24379
89402 15627
89502 20537
89602 40497
89702 34469
89802 43241
89902 8165
90002 12124
90102 33678
90202 45112
90302 63848
90402 7532
