102 54841
202 408
302 7366
402 968
502 9397
602 10694
702 9719
802 20866
902 40605
1002 64564
1102 64948
1202 57832
1302 49898
1402 10554
1502 24969
1602 8115
1702 9907
1802 32673
1902 16077
2002 30702
2102 24308
2202 16164
2302 55937
2402 45488
2502 42524
2602 43691
2702 38282
2802 18857
2902 19936
3002 55577
3102 52963
3202 8248
3302 30591
3402 3820
3502 52239
3602 20301
3702 45172
3802 53959
3902 2068
4002 20377
4102 35274
4202 1581
4302 27672
4402 57513
4502 29540
4602 41417
4702 61023
4802 21500
4902 11355
5002 60286
5102 114
5202 48318
5302 56275
5402 63276
5502 61574
5602 41396
5702 16775
5802 38933
5902 62264
6002 27930
6102 47932
6202 29810
6302 53916
6402 31447
6502 2257
6602 2649
6702 29268
6802 36583
6902 22850
7002 1219
7102 61940
7202 27695
7302 51691
7402 25238
7502 62281
7602 48539
7702 55628
7802 22312
7902 57677
8002 1612
8102 17802
8202 49489
8302 33242
8402 45100
8502 61304
8602 20194
8702 48262
8802 22807
8902 62581
9002 56719
9102 17893
9202 16613
9302 32161
9402 43110
9502 56892
9602 28499
9702 961
9802 33748
9902 60541
10002 41113
10102 33642
10202 9061
10302 15849
10402 22245
10502 43857
10602 36098
10702 47009
10802 11450
10902 28337
11002 25613
11102 2480
11202 27642
11302 12752
11402 15456
11502 5527
11602 61034
11702 1139
11802 9838
11902 27339
12002 20230
12102 59478
12202 52262
12302 40078
12402 64752
12502 64242
12602 20182
12702 33798
12802 49574
12902 51916
13002 44808
13102 23559
13202 20595
13302 24359
13402 25153
13502 14222
13602 11145
13702 61546
13802 39379
13902 4302
14002 10342
14102 16047
14202 44025
14302 35072
14402 48735
14502 45158
14602 37029
14702 52092
14802 50379
14902 3691
15002 7539
15102 50693
15202 30308
15302 42290
15402 35013
15502 20726
15602 56850
15702 33157
15802 60276
15902 25788
16002 4011
16102 44448
16202 25332
16302 40069
16402 9723
16502 58281
16602 25672
16702 53484
16802 28864
16902 7386
17002 12485
17102 27151
17202 43912
17302 20878
17402 12760
17502 54030
17602 19935
17702 39417
17802 12197
17902 33350
18002 5962
18102 33622
18202 43676
18302 61941
18402 48308
18502 22622
18602 11981
18702 55223
18802 51984
18902 47827
19002 21125
19102 56829
19202 51416
19302 47314
19402 31740
19502 34308
19602 6955
19702 19476
19802 37772
19902 54226
20002 32797
20102 52358
20202 32700
20302 38045
20402 47362
20502 42378
20602 55212
20702 61826
20802 21211
20902 60341
21002 30671
21102 25774
21202 44423
21302 3004
21402 35384
21502 23471
21602 33097
21702 51730
21802 53733
21902 62600
22002 40234
22102 39409
22202 33917
22302 26573
22402 32051
22502 35445
22602 11706
22702 59232
22802 38703
22902 40331
23002 45417
23102 30116
23202 23137
23302 24222
23402 50325
23502 55906
23602 23131
23702 4468
23802 33234
23902 23190
24002 25137
24102 40322
24202 41575
24302 48154
24402 20960
24502 53177
24602 64783
24702 61174
24802 16919
24902 11879
25002 49377
25102 3840
25202 65130
25302 23693
25402 52455
25502 47099
25602 1200
25702 44149
25802 17876
25902 31587
26002 53758
26102 31269
26202 12664
26302 42109
26402 2568
26502 38267
26602 62061
26702 20574
26802 51595
26902 15998
27002 26037
27102 54759
27202 18462
27302 60031
27402 20668
27502 6830
27602 14652
27702 6839
27802 45344
27902 10955
28002 63696
28102 52449
28202 58827
28302 57282
28402 2400
28502 18914
28602 50255
28702 37253
28802 223
28902 33964
29002 9655
29102 17010
29202 37307
29302 44432
29402 39738
29502 6396
29602 38535
29702 42988
29802 47528
29902 58556
30002 6014
30102 35440
30202 30951
30302 44042
30402 4694
30502 11148
30602 19815
30702 40031
30802 33789
30902 43639
31002 14277
31102 55235
31202 44360
31302 8196
31402 15539
31502 5083
31602 1228
31702 12703
31802 11760
31902 30883
32002 37252
32102 63583
32202 48302
32302 12018
32402 3802
32502 39989
32602 1408
32702 37206
32802 44099
32902 54374
33002 20739
33102 737
33202 5953
33302 28691
33402 48631
33502 28424
33602 52743
33702 20435
33802 36553
33902 42295
34002 24128
34102 51031
34202 50116
34302 42969
34402 54601
34502 28923
34602 10365
34702 31198
34802 10388
34902 26480
35002 3285
35102 55906
35202 19044
35302 30682
35402 26352
35502 16287
35602 17849
35702 27185
35802 9004
35902 39575
36002 44167
36102 48879
36202 41034
36302 22506
36402 51992
36502 59791
36602 46258
36702 17155
36802 3286
36902 3311
37002 38589
37102 41409
37202 17787
37302 4912
37402 62240
37502 42499
37602 54262
37702 59083
37802 16279
37902 26381
38002 58583
38102 21427
38202 2949
38302 13934
38402 63556
38502 39262
38602 13734
38702 18990
38802 21454
38902 51063
39002 53768
39102 4432
39202 17710
39302 50485
39402 7500
39502 33609
39602 12039
39702 16131
39802 23283
39902 54785
40002 44662
40102 5091
40202 17304
40302 41469
40402 21546
40502 56749
40602 8231
40702 45124
40802 21949
40902 31593
41002 60874
41102 49629
41202 28966
41302 36062
41402 64269
41502 24871
41602 14842
41702 38303
41802 44053
41902 57952
42002 35371
42102 48934
42202 55893
42302 4836
42402 22354
42502 51983
42602 31133
42702 9191
42802 42636
42902 43910
43002 20571
43102 23924
43202 56105
43302 51091
43402 18081
43502 6462
43602 42993
43702 50261
43802 25475
43902 25679
44002 2917
44102 42265
44202 8423
44302 19871
44402 25384
44502 44677
44602 6631
44702 36431
44802 54606
44902 10638
45002 51104
45102 1530
45202 39054
45302 30117
45402 30775
45502 10145
45602 49029
45702 52136
45802 44667
45902 40001
46002 63990
46102 5608
46202 15481
46302 51117
46402 11452
46502 62240
46602 8683
46702 32306
46802 54221
46902 17194
47002 38234
47102 17535
47202 23059
47302 3876
47402 40672
47502 58605
47602 6126
47702 42012
47802 65359
47902 7771
48002 56415
48102 7779
48202 40348
48302 49060
48402 6060
48502 10608
48602 27712
48702 57605
48802 26915
48902 21863
49002 53605
49102 65523
49202 30379
49302 8805
49402 35010
49502 26838
49602 43094
49702 6804
49802 287
49902 39473
50002 25706
50102 17758
50202 708
50302 23662
50402 60992
50502 16966
50602 37559
50702 64096
50802 13425
50902 51512
51002 22020
51102 58644
51202 28047
51302 17146
51402 59332
51502 54860
51602 8729
51702 28107
51802 29889
51902 38137
52002 25574
52102 21728
52202 58685
52302 10238
52402 3237
52502 36186
52602 61737
52702 31510
52802 55850
52902 55396
53002 38160
53102 8184
53202 11638
53302 64975
53402 44246
53502 16384
53602 14373
53702 22447
53802 34489
53902 26321
54002 30761
54102 56048
54202 22521
54302 24447
54402 55265
54502 41453
54602 37835
54702 30592
54802 29557
54902 21945
55002 41422
55102 53190
55202 42501
55302 46923
55402 59881
55502 57423
55602 26984
55702 52202
55802 48239
55902 12805
56002 20512
56102 37671
56202 15668
56302 63042
56402 992
56502 26756
56602 21746
56702 35619
56802 64332
56902 22125
57002 46085
57102 52545
57202 38733
57302 44519
57402 24111
57502 11878
57602 23930
57702 24620
57802 62090
57902 15991
58002 26772
58102 44364
58202 45661
58302 65196
58402 45192
58502 22688
58602 14744
58702 51567
58802 20563
58902 12941
59002 33729
59102 48815
59202 15105
59302 59505
59402 59101
59502 56721
59602 49986
59702 10114
59802 18814
59902 46002
60002 28415
60102 32630
60202 29380
60302 62593
60402 31431
60502 7416
60602 13205
60702 10085
60802 18262
60902 30564
61002 64630
61102 53383
61202 39599
61302 15537
61402 21956
61502 50049
61602 26342
61702 50956
61802 12859
61902 53069
62002 41301
62102 50965
62202 38338
62302 54953
62402 24712
62502 25698
62602 38065
62702 18107
62802 23210
62902 7456
63002 60366
63102 11590
63202 25493
63302 49611
63402 11364
63502 23100
63602 5646
63702 47261
63802 40054
63902 49543
64002 7459
64102 37600
64202 16870
64302 54010
64402 64237
64502 12668
64602 37600
64702 40054
64802 12646
64902 43284
65002 40733
65102 23889
65202 2754
65302 21640
65402 10368
65502 32403
65602 9413
65702 2925
65802 49512
65902 7008
66002 56990
66102 23854
66202 14241
66302 58304
66402 27857
66502 57457
66602 63020
66702 48648
66802 21503
66902 48147
67002 38456
67102 54362
67202 8964
67302 60707
67402 16368
67502 44368
67602 842
67702 9679
67802 58376
67902 51290
68002 38364
68102 17734
68202 15867
68302 30335
68402 46061
68502 32044
68602 8053
68702 48520
68802 43974
68902 20023
69002 59159
69102 53979
69202 2932
69302 55615
69402 43939
69502 9816
69602 63589
69702 43082
69802 22934
69902 44896
70002 30755
70102 3574
70202 24564
70302 24103
70402 51926
70502 41019
70602 14998
70702 53412
70802 65161
70902 26263
71002 14907
71102 38459
71202 49905
71302 31421
71402 4682
71502 15801
71602 34877
71702 59187
71802 9387
71902 1796
72002 53322
72102 42483
72202 50516
72302 54779
72402 41891
72502 1170
72602 36267
72702 13548
72802 6075
72902 46773
73002 6396
73102 30603
73202 57059
73302 28980
73402 65001
73502 38828
73602 7525
73702 54988
73802 38101
73902 18212
74002 50226
74102 40613
74202 4230
74302 7084
74402 20081
74502 1563
74602 45717
74702 851
74802 10835
74902 52979
75002 33500
75102 43998
75202 22440
75302 7844
75402 50063
75502 17379
75602 29303
75702 31662
75802 45598
75902 45282
76002 26848
76102 9473
76202 25205
76302 32172
76402 749
76502 56688
76602 30466
76702 59527
76802 62385
76902 38560
77002 1444
77102 4650
77202 23170
77302 8197
77402 37846
77502 53488
77602 14970
77702 40519
77802 46973
77902 17824
78002 14242
78102 8083
78202 64269
78302 289
78402 3610
78502 16484
78602 18803
78702 8609
78802 64181
78902 7479
79002 59014
79102 15572
79202 61924
79302 56133
79402 36115
79502 9251
79602 26666
79702 44412
79802 12281
79902 37408
80002 51598
80102 63228
80202 31442
80302 46693
80402 24655
80502 16472
80602 18953
80702 33780
80802 32868
80902 23747
81002 26907
81102 23734
81202 26760
81302 57439
81402 35492
81502 36319
81602 35852
81702 58266
81802 28221
81902 36035
82002 44077
82102 21561
82202 2611
82302 38262
82402 37881
82502 62058
82602 8685
82702 1818
82802 62753
82902 13753
83002 38914
83102 57662
83202 58776
83302 59156
83402 23040
83502 35007
83602 4543
83702 40717
83802 30331
83902 35420
84002 33590
84102 24333
84202 35734
84302 47387
84402 50968
84502 61469
84602 17108
84702 36105
84802 50131
84902 501
85002 24616
85102 17190
85202 35083
85302 20343
85402 58622
85502 50548
85602 12798
85702 57256
85802 2826
85902 18155
86002 63399
86102 20269
86202 37673
86302 28505
86402 30999
86502 45052
86602 33359
86702 64516
86802 64124
86902 13730
87002 56857
87102 52895
87202 14912
87302 56848
87402 9602
87502 64298
87602 31154
87702 56111
87802 37521
87902 5017
88002 64351
88102 63773
88202 21357
88302 29279
88402 25032
88502 56408
88602 23976
88702 28229
88802 37676
88902 31930
89002 39780
89102 22541
89202 39770
89302 13194
89402 44539
89502 40473
89602 26020
89702 34709
89802 31968
89902 58702
90002 38978
90102 14169
90202 40492
