102 13359
202 10463
302 29055
402 1513
502 9390
602 38997
702 41658
802 29979
902 61371
1002 59386
1102 35951
1202 11553
1302 45204
1402 5606
1502 4155
1602 25868
1702 63989
1802 38758
1902 59004
2002 45728
2102 15280
2202 48900
2302 47492
2402 47081
2502 25992
2602 19394
2702 6959
2802 29568
2902 53256
3002 5956
3102 23613
3202 40317
3302 23120
3402 51313
3502 64256
3602 32086
3702 12986
3802 57358
3902 24462
4002 38061
4102 47822
4202 52562
4302 62277
4402 39800
4502 33129
4602 44404
4702 54795
4802 34245
4902 46553
5002 26463
5102 3881
5202 42697
5302 2341
5402 31835
5502 29794
5602 52979
5702 50529
5802 10504
5902 15009
6002 34228
6102 18366
6202 38982
6302 25185
6402 37724
6502 58022
6602 38102
6702 53262
6802 45324
6902 43018
7002 59074
7102 36317
7202 15913
7302 40333
7402 25389
7502 51284
7602 12199
7702 22526
7802 34655
7902 42566
8002 2248
8102 51487
8202 24865
8302 9961
8402 15134
8502 9716
8602 18852
8702 37455
8802 2307
8902 52927
9002 52253
9102 60392
9202 43443
9302 34918
9402 885
9502 20038
9602 13414
9702 43690
9802 21131
9902 447
10002 36706
10102 21540
10202 3437
10302 33516
10402 14259
10502 43817
10602 7963
10702 32156
10802 58342
10902 48845
11002 16927
11102 42682
11202 44481
11302 61216
11402 24390
11502 25263
11602 18280
11702 44015
11802 21446
11902 21829
12002 29255
12102 10974
12202 11927
12302 36734
12402 23714
12502 30237
12602 52739
12702 42218
12802 32767
12902 33161
13002 622
13102 48820
13202 31543
13302 53649
13402 9068
13502 20701
13602 831
13702 58578
13802 40195
13902 22903
14002 8724
14102 21085
14202 5739
14302 50888
14402 29217
14502 6467
14602 24524
14702 53142
14802 49025
14902 1642
15002 47840
15102 36155
15202 65314
15302 63200
15402 8563
15502 34128
15602 18369
15702 23573
15802 54459
15902 38125
16002 17752
16102 41555
16202 11056
16302 36143
16402 20191
16502 40595
16602 64960
16702 17383
16802 44690
16902 64287
17002 59573
17102 48935
17202 17823
17302 5484
17402 36388
17502 4825
17602 64567
17702 56478
17802 32264
17902 9182
18002 12926
18102 4813
18202 60468
18302 56748
18402 4385
18502 37429
18602 16222
18702 14233
18802 3643
18902 53441
19002 51228
19102 63778
19202 1334
19302 30988
19402 33898
19502 23642
19602 36457
19702 62174
19802 17848
19902 27469
20002 40888
20102 14803
20202 34286
20302 62555
20402 26641
20502 4022
20602 63574
20702 14413
20802 52449
20902 21653
21002 26646
21102 44727
21202 64406
21302 46412
21402 39987
21502 18792
21602 45913
21702 63555
21802 28740
21902 50730
22002 34543
22102 14526
22202 42134
22302 43838
22402 8983
22502 64203
22602 35712
22702 43998
22802 32275
22902 35621
23002 47846
23102 8401
23202 7273
23302 56366
23402 61399
23502 17570
23602 14720
23702 31654
23802 61601
23902 26028
24002 55900
24102 40987
24202 61751
24302 50273
24402 63936
24502 50921
24602 63208
24702 55285
24802 36887
24902 32138
25002 2568
25102 48374
25202 54600
25302 48067
25402 39412
25502 45722
25602 6982
25702 62236
25802 17057
25902 39689
26002 55016
26102 60876
26202 24454
26302 34783
26402 29352
26502 27995
26602 25700
26702 57293
26802 63079
26902 29849
27002 59243
27102 45407
27202 18240
27302 7804
27402 22487
27502 21326
27602 45400
27702 59899
27802 54590
27902 8227
28002 10620
28102 65303
28202 6350
28302 61412
28402 21220
28502 54292
28602 51986
28702 24353
28802 38803
28902 60355
29002 46524
29102 10405
29202 29094
29302 51768
29402 58160
29502 11642
29602 54210
29702 2186
29802 38802
29902 58893
30002 65256
30102 53871
30202 15503
30302 49933
30402 1963
30502 33852
30602 21973
30702 5291
30802 20086
30902 28095
31002 29217
31102 28667
31202 56755
31302 59676
31402 59588
31502 59644
31602 7398
31702 51477
31802 24591
31902 63677
32002 38833
32102 39425
32202 8738
32302 34975
32402 35673
32502 20271
32602 19907
32702 40606
32802 32717
32902 64898
33002 22981
33102 21398
33202 53562
33302 11249
33402 14691
33502 38019
33602 24349
33702 3285
33802 43049
33902 25815
34002 8185
34102 43710
34202 30599
34302 54975
34402 4914
34502 43563
34602 56722
34702 37987
34802 28626
34902 20928
35002 36076
35102 26256
35202 13662
35302 61889
35402 9840
35502 38371
35602 24234
35702 13130
35802 4441
35902 45208
36002 62323
36102 59400
36202 56630
36302 15115
36402 44400
36502 42896
36602 42081
36702 46051
36802 1161
36902 28464
37002 2077
37102 10471
37202 64800
37302 8927
37402 16606
37502 52649
37602 1119
37702 41744
37802 51123
37902 19264
38002 10093
38102 48917
38202 52688
38302 61760
38402 58762
38502 39658
38602 63256
38702 30249
38802 25150
38902 11934
39002 33634
39102 59380
39202 32133
39302 18714
39402 42805
39502 7955
39602 46774
39702 1670
39802 16737
39902 3767
40002 1870
40102 59160
40202 27022
40302 44506
40402 55669
40502 25089
40602 24842
40702 39819
40802 56811
40902 6977
41002 55381
41102 24193
41202 63784
41302 55961
41402 12983
41502 55920
41602 13442
41702 11528
41802 44164
41902 31050
42002 19559
42102 3400
42202 17910
42302 47697
42402 47796
42502 23670
42602 41333
42702 25704
42802 60593
42902 46989
43002 1543
43102 49730
43202 50518
43302 13
43402 18978
43502 4555
43602 34097
43702 43263
43802 21183
43902 37320
44002 19530
44102 52949
44202 54311
44302 43175
44402 4638
44502 45053
44602 61300
44702 39837
44802 59405
44902 64258
45002 38878
45102 12586
45202 43456
45302 33255
45402 49347
45502 49788
45602 49641
45702 49465
45802 51868
45902 2947
46002 36290
46102 38621
46202 53588
46302 9162
46402 53193
46502 49494
46602 9003
46702 57020
46802 25704
46902 6634
47002 23792
47102 45001
47202 62290
47302 65399
47402 24584
47502 717
47602 34250
47702 49615
47802 52719
47902 55919
48002 25989
48102 49914
48202 29068
48302 57366
48402 11376
48502 25430
48602 42578
48702 45134
48802 20593
48902 33547
49002 8693
49102 21776
49202 3975
49302 12152
49402 47457
49502 46211
49602 22665
49702 23319
49802 60213
49902 44191
50002 15224
50102 20291
50202 47865
50302 64307
50402 6730
50502 46175
50602 46258
50702 45391
50802 52327
50902 51599
51002 11655
51102 54351
51202 33176
51302 52364
51402 3170
51502 2862
51602 15054
51702 48345
51802 59408
51902 38133
52002 34949
52102 29341
52202 16308
52302 1524
52402 14407
52502 3978
52602 48409
52702 44728
52802 5043
52902 26814
53002 56291
53102 43708
53202 26331
53302 55617
53402 37764
53502 35184
53602 42292
53702 13142
53802 12909
53902 64972
54002 63334
54102 34378
54202 17971
54302 57327
54402 28948
54502 54685
54602 31561
54702 5510
54802 35644
54902 33745
55002 19841
55102 49795
55202 11987
55302 23406
55402 59019
55502 49020
55602 36774
55702 40480
55802 39193
55902 37527
56002 2081
56102 39136
56202 7391
56302 21879
56402 13654
56502 53018
56602 29343
56702 35698
56802 6882
56902 46215
57002 38916
57102 33493
57202 1834
57302 42854
57402 5897
57502 60584
57602 20614
57702 33781
57802 56451
57902 65012
58002 52614
58102 22700
58202 56099
58302 57630
58402 55284
58502 25145
58602 3583
58702 8465
58802 35285
58902 13991
59002 25498
59102 10309
59202 27473
59302 36392
59402 53668
59502 56406
59602 24574
59702 7165
59802 30769
59902 15814
60002 20352
60102 63623
60202 19753
60302 5294
60402 34977
60502 31378
60602 63373
60702 7407
60802 25368
60902 55562
61002 22283
61102 24061
61202 62014
61302 7721
61402 40674
61502 47024
61602 16405
61702 3403
61802 40620
61902 63827
62002 23731
62102 45085
62202 4756
62302 50808
62402 21335
62502 55480
62602 5226
62702 47569
62802 54018
62902 20894
63002 60855
63102 33497
63202 45576
63302 6972
63402 32469
63502 30566
63602 25905
63702 60181
63802 8998
63902 64692
64002 49002
64102 63550
64202 57354
64302 46877
64402 35140
64502 52853
64602 3454
64702 40001
64802 14351
64902 18116
65002 30491
65102 56749
65202 31245
65302 3139
65402 49769
65502 63620
65602 4689
65702 65340
65802 24962
65902 366
66002 57699
66102 63833
66202 33834
66302 33422
66402 51326
66502 60610
66602 23511
66702 6192
66802 62887
66902 23493
67002 38838
67102 62401
67202 14955
67302 30098
67402 27824
67502 45513
67602 59268
67702 26963
67802 46796
67902 15025
68002 13159
68102 35591
68202 24953
68302 22945
68402 56885
68502 48635
68602 65112
68702 40181
68802 51673
68902 830
69002 13186
69102 5492
69202 31521
69302 45887
69402 32332
69502 295
69602 50822
69702 42598
69802 7990
69902 10350
70002 39779
70102 15641
70202 24531
70302 21696
70402 6021
70502 2716
70602 39717
70702 36970
70802 59815
70902 43737
71002 29648
71102 63422
71202 53305
71302 64430
71402 40592
71502 40123
71602 14523
71702 19566
71802 7385
71902 62095
72002 17549
72102 56473
72202 33755
72302 45739
72402 32632
72502 7827
72602 30128
72702 16059
72802 10503
72902 9868
73002 29085
73102 362
73202 65488
73302 51458
73402 56614
73502 63577
73602 19390
73702 43242
73802 22328
73902 29310
74002 56975
74102 35520
74202 48672
74302 61478
74402 47408
74502 43982
74602 7022
74702 38596
74802 55264
74902 26066
75002 57179
75102 57570
75202 5746
75302 27160
75402 22725
75502 30702
75602 62976
75702 7145
75802 32463
75902 17677
76002 4256
76102 38815
76202 43937
76302 42831
76402 5908
76502 21526
76602 43275
76702 41202
76802 33736
76902 52127
77002 56417
77102 22192
77202 40352
77302 37793
77402 40842
77502 3257
77602 22657
77702 50166
77802 8041
77902 25428
78002 57447
78102 30626
78202 42109
78302 61689
78402 57120
78502 7198
78602 41309
78702 18595
78802 8067
78902 64111
79002 35562
79102 28458
79202 50156
79302 62904
79402 16515
79502 55991
79602 45672
79702 59088
79802 50061
79902 49731
80002 44630
80102 15758
80202 5651
80302 7397
80402 10551
80502 39796
80602 54040
80702 30107
80802 40283
80902 59215
81002 6306
81102 63261
81202 12273
81302 51192
81402 64751
81502 60150
81602 19084
81702 43242
81802 17304
81902 32859
82002 44633
82102 48628
82202 59623
82302 17563
82402 59588
82502 41147
82602 8980
82702 50585
82802 36677
82902 40655
83002 41611
83102 18510
83202 49891
83302 215
83402 61321
83502 52350
83602 22638
83702 47823
83802 61564
83902 6424
84002 36261
84102 33937
84202 44898
84302 32896
84402 26061
84502 23288
84602 16076
84702 65433
84802 47655
84902 13432
85002 1502
85102 44412
85202 34956
85302 579
85402 48519
85502 18181
85602 8281
85702 54924
85802 21929
85902 26906
86002 32661
86102 3749
86202 46653
86302 62290
86402 13370
86502 60805
86602 29494
86702 5895
86802 21776
86902 45256
87002 58172
87102 55012
87202 1796
87302 23995
87402 13223
87502 28553
87602 19764
87702 18102
87802 41059
87902 55540
88002 40287
88102 50161
88202 33281
88302 54326
88402 7451
88502 32464
88602 29058
88702 19680
88802 6597
88902 3225
89002 56396
89102 40287
89202 49713
89302 40142
89402 11896
89502 56421
89602 29060
89702 17077
89802 30249
89902 6289
90002 60982
90102 40423
90202 1006
90302 24368
90402 37914
90502 42567
