102 12876
202 10571
302 65269
402 34959
502 12418
602 36247
702 58250
802 7582
902 51247
1002 671
1102 40445
1202 23740
1302 26632
1402 40516
1502 64619
1602 6106
1702 8704
1802 12550
1902 40520
2002 15298
2102 14227
2202 8891
2302 40057
2402 28962
2502 59179
2602 56324
2702 18921
2802 59304
2902 20181
3002 17155
3102 32700
3202 38820
3302 459
3402 12053
3502 30079
3602 15214
3702 62781
3802 5925
3902 57310
4002 11699
4102 33270
4202 49697
4302 5417
4402 44076
4502 64815
4602 28095
4702 23223
4802 61951
4902 49384
5002 7135
5102 16008
5202 22407
5302 58622
5402 21632
5502 21296
5602 63511
5702 5187
5802 30725
5902 58498
6002 25044
6102 51652
6202 19042
6302 46613
6402 32688
6502 43937
6602 60295
6702 65015
6802 62398
6902 34228
7002 1221
7102 37771
7202 57226
7302 40002
7402 45444
7502 27129
7602 13141
7702 52267
7802 23472
7902 50791
8002 64948
8102 32324
8202 34004
8302 2868
8402 22705
8502 48014
8602 26015
8702 44440
8802 60704
8902 14607
9002 45646
9102 16288
9202 32015
9302 46361
9402 22578
9502 42704
9602 57782
9702 8036
9802 32799
9902 2192
10002 44467
10102 41178
10202 18826
10302 46842
10402 45722
10502 32222
10602 23359
10702 25419
10802 4775
10902 51550
11002 38856
11102 44789
11202 22724
11302 35278
11402 38182
11502 48361
11602 30703
11702 10082
11802 25643
11902 30713
12002 36817
12102 38160
12202 3765
12302 35508
12402 48450
12502 31749
12602 58563
12702 18247
12802 60359
12902 8753
13002 38076
13102 19991
13202 59043
13302 44053
13402 16120
13502 53166
13602 46954
13702 13045
13802 38345
13902 47200
14002 15442
14102 17978
14202 15860
14302 22010
14402 45166
14502 43654
14602 59117
14702 34137
14802 65278
14902 52978
15002 48153
15102 8679
15202 50111
15302 32916
15402 42253
15502 28863
15602 14144
15702 20703
15802 13912
15902 1928
16002 46514
16102 23009
16202 34321
16302 31879
16402 11878
16502 45469
16602 24357
16702 57891
16802 45305
16902 43859
17002 28825
17102 18228
17202 35152
17302 16381
17402 9596
17502 2671
17602 38906
17702 7392
17802 45717
17902 32395
18002 32091
18102 50453
18202 9433
18302 16581
18402 23743
18502 54653
18602 5280
18702 18197
18802 51343
18902 63682
19002 21787
19102 42197
19202 52036
19302 29773
19402 6883
19502 7593
19602 32963
19702 57632
19802 15876
19902 45136
20002 53001
20102 16163
20202 24464
20302 62853
20402 41083
20502 398
20602 17558
20702 21661
20802 35480
20902 49895
21002 20653
21102 15498
21202 31806
21302 29318
21402 23147
21502 1463
21602 27225
21702 5530
21802 53177
21902 32880
22002 37357
22102 41162
22202 46218
22302 59143
22402 4471
22502 3056
22602 36908
22702 42411
22802 961
22902 50336
23002 54064
23102 23403
23202 46801
23302 61644
23402 6322
23502 39670
23602 34950
23702 9182
23802 47623
23902 18469
24002 20021
24102 44876
24202 26327
24302 11189
24402 63453
24502 8949
24602 51591
24702 41271
24802 60854
24902 57049
25002 11661
25102 9209
25202 3661
25302 34969
25402 18343
25502 11746
25602 18357
25702 53461
25802 15626
25902 14162
26002 25078
26102 65302
26202 17984
26302 28048
26402 20806
26502 36545
26602 42571
26702 23634
26802 44953
26902 32104
27002 27039
27102 54577
27202 37779
27302 29662
27402 50348
27502 50463
27602 37211
27702 31292
27802 65061
27902 10656
28002 62354
28102 18537
28202 63167
28302 12667
28402 65468
28502 37080
28602 40767
28702 10673
28802 11544
28902 58880
29002 54843
29102 14772
29202 35334
29302 11441
29402 4347
29502 31156
29602 36722
29702 41477
29802 26202
29902 30988
30002 21220
30102 53624
30202 18506
30302 64594
30402 11347
30502 12097
30602 56307
30702 54761
30802 57406
30902 62372
31002 61535
31102 42362
31202 17899
31302 31994
31402 46161
31502 30945
31602 51757
31702 59460
31802 30288
31902 29598
32002 24896
32102 43372
32202 26656
32302 17876
32402 21682
32502 26448
32602 13970
32702 39819
32802 28769
32902 32159
33002 43404
33102 35146
33202 50474
33302 21098
33402 59822
33502 43770
33602 13229
33702 18604
33802 17218
33902 60153
34002 34989
34102 34586
34202 61336
34302 29795
34402 18186
34502 2358
34602 15212
34702 64141
34802 28918
34902 37873
35002 26210
35102 5331
35202 5714
35302 9501
35402 2914
35502 6590
35602 38583
35702 42747
35802 39041
35902 36925
36002 42935
36102 51765
36202 587
36302 54877
36402 52057
36502 64597
36602 57740
36702 2539
36802 10104
36902 30921
37002 26460
37102 16467
37202 21325
37302 51982
37402 58744
37502 48238
37602 6788
37702 24875
37802 53314
37902 36879
38002 37502
38102 6823
38202 51096
38302 39235
38402 38190
38502 14468
38602 54003
38702 6714
38802 13450
38902 3332
39002 41073
39102 27325
39202 2335
39302 59234
39402 32495
39502 43407
39602 53323
39702 2439
39802 21146
39902 19966
40002 61551
40102 37712
40202 40462
40302 58898
40402 63300
40502 56834
40602 62685
40702 5226
40802 59998
40902 28849
41002 33554
41102 12729
41202 1605
41302 61036
