102 9750
202 34155
302 22476
402 22280
502 34210
602 13385
702 63449
802 56492
902 56154
1002 27747
1102 33568
1202 58649
1302 20454
1402 55474
1502 1942
1602 13559
1702 26753
1802 51827
1902 29709
2002 62993
2102 39697
2202 45589
2302 20755
2402 39529
2502 40
2602 60022
2702 9109
2802 31451
2902 64068
3002 63377
3102 53051
3202 38201
3302 15799
3402 16068
3502 65505
3602 38366
3702 38007
3802 9734
3902 54805
4002 13396
4102 59751
4202 27492
4302 3076
4402 37343
4502 48691
4602 21631
4702 48626
4802 26371
4902 37376
5002 40871
5102 30296
5202 19747
5302 41389
5402 60243
5502 27082
5602 29678
5702 45300
5802 47322
5902 24182
6002 52214
6102 37945
6202 15321
6302 30007
6402 41596
6502 29852
6602 15016
6702 53625
6802 48657
6902 13885
7002 13135
7102 11781
7202 6412
7302 48105
7402 43478
7502 42568
7602 38955
7702 51009
7802 62515
7902 63348
8002 27385
8102 37919
8202 40077
8302 7301
8402 5098
8502 45070
8602 29232
8702 4114
8802 61174
8902 48721
9002 27799
9102 31833
9202 8205
9302 62315
9402 39832
9502 52299
9602 41559
9702 61774
9802 5910
9902 32140
10002 33501
10102 43896
10202 27997
10302 56695
10402 25004
10502 63608
10602 60559
10702 61516
10802 31452
10902 50296
11002 22399
11102 53398
11202 4007
11302 26406
11402 4461
11502 38831
11602 32541
11702 49274
11802 22769
11902 55562
12002 54137
12102 33719
12202 34377
12302 31014
12402 36023
12502 19640
12602 35289
12702 20457
12802 61121
12902 33808
13002 50083
13102 52531
13202 17913
13302 51123
13402 16803
13502 45277
13602 63667
13702 41167
13802 47443
13902 58481
14002 38466
14102 40965
14202 38466
14302 43274
14402 2436
14502 41425
14602 17560
14702 47860
14802 3776
14902 27698
15002 29451
15102 43415
15202 54530
15302 20766
15402 45553
15502 11091
15602 45263
15702 34171
15802 56393
15902 20685
16002 51022
16102 50994
16202 47626
16302 11225
16402 44598
16502 17206
16602 31044
16702 59445
16802 62652
16902 52592
17002 38400
17102 50721
17202 18436
17302 939
17402 21046
17502 17511
17602 52415
17702 42956
17802 21423
17902 12375
18002 23583
18102 20629
18202 54735
18302 48446
18402 35778
18502 58286
18602 30233
18702 22117
18802 8472
18902 52115
19002 57313
19102 42478
19202 783
19302 16198
19402 4768
19502 59507
19602 27287
19702 42453
19802 24673
19902 24417
20002 51640
20102 26111
20202 22292
20302 8272
20402 14770
20502 56247
20602 35568
20702 56391
20802 38743
20902 50230
21002 12863
21102 19842
21202 51994
21302 11420
21402 3504
21502 8092
21602 11961
21702 11431
21802 47979
21902 15841
22002 4396
22102 53267
22202 49262
22302 34389
22402 38597
22502 38748
22602 60257
22702 32105
22802 61174
22902 17123
23002 8646
23102 35019
23202 11514
23302 59374
23402 52934
23502 53101
23602 16377
23702 54234
23802 64531
23902 33992
24002 556
24102 53578
24202 35921
24302 877
24402 16753
24502 8721
24602 18193
24702 50296
24802 27582
24902 47085
25002 35662
25102 29277
25202 48896
25302 46992
25402 47834
25502 64852
25602 28468
25702 18342
25802 42348
25902 11698
26002 26660
26102 25238
26202 7963
26302 42970
26402 60388
26502 38109
26602 50353
26702 14670
26802 37425
26902 24089
27002 53640
27102 29268
27202 9951
27302 38144
27402 38066
27502 24330
27602 31229
27702 40031
27802 30651
27902 594
28002 32751
28102 45823
28202 4386
28302 29826
28402 55319
28502 28920
28602 32764
28702 56823
28802 39699
28902 38649
29002 30403
29102 29584
29202 40990
29302 12038
29402 49605
29502 50048
29602 16303
29702 7914
29802 54204
29902 26933
30002 17854
30102 41907
30202 6698
30302 45871
30402 54549
30502 20727
30602 38264
30702 59907
30802 25121
30902 33535
31002 38157
31102 33553
31202 21776
31302 17393
31402 52475
31502 8494
31602 34673
31702 35770
31802 60278
31902 29825
32002 63425
32102 54636
32202 57197
32302 39798
32402 62335
32502 46112
32602 29245
32702 48327
32802 63361
32902 24103
33002 43853
33102 58822
33202 47035
33302 2978
33402 60816
33502 48995
