102 3259
202 23373
302 49627
402 58144
502 3487
602 10618
702 15302
802 59527
902 49751
1002 61085
1102 3016
1202 20415
1302 8280
1402 43177
1502 9862
1602 52141
1702 36166
1802 20519
1902 527
2002 42277
2102 10416
2202 14573
2302 33710
2402 36397
2502 16460
2602 57525
2702 64040
2802 62670
2902 35226
3002 50097
3102 57754
3202 127
3302 29436
3402 14625
3502 29782
3602 65338
3702 9990
3802 12892
3902 28653
4002 14397
4102 2985
4202 62518
4302 33384
4402 31274
4502 2963
4602 44602
4702 33251
4802 4842
4902 56628
5002 5171
5102 3758
5202 40503
5302 6797
5402 35036
5502 39572
5602 1581
5702 26403
5802 2859
5902 57735
6002 35939
6102 10510
6202 36947
6302 64882
6402 41673
6502 33854
6602 28107
6702 31764
6802 48679
6902 44028
7002 18383
7102 59293
7202 46143
7302 8667
7402 39411
7502 45548
7602 33834
7702 28934
7802 38663
7902 20834
8002 31005
8102 57685
8202 20058
8302 25735
8402 44349
8502 22304
8602 23767
8702 24663
8802 49246
8902 10718
9002 44311
9102 27515
9202 11801
9302 14571
9402 16978
9502 19162
9602 54390
9702 15768
9802 11522
9902 25944
10002 43888
10102 15041
10202 44815
10302 38163
10402 11770
10502 36612
10602 62430
10702 5330
10802 32141
10902 42987
11002 58497
11102 48011
11202 27218
11302 12471
11402 49866
11502 37718
11602 9619
11702 55006
11802 59137
11902 52014
12002 23134
12102 4673
12202 62745
12302 32030
12402 62125
12502 41722
12602 51493
12702 35623
12802 5034
12902 50388
13002 43113
13102 43182
13202 51297
13302 10739
13402 34192
13502 61007
13602 35126
13702 49229
13802 17684
13902 43542
14002 62055
14102 59655
14202 23973
14302 37470
14402 40672
14502 53118
14602 54515
14702 55480
14802 31083
14902 63180
15002 55995
15102 40891
15202 28280
15302 55583
15402 57368
15502 65041
15602 52843
15702 58151
15802 53650
15902 4989
16002 13794
16102 14130
16202 1888
16302 62126
16402 5071
16502 27493
16602 62864
16702 14560
16802 54864
16902 63409
17002 58409
17102 6733
17202 63035
17302 1506
17402 48016
17502 11839
17602 16447
17702 28650
17802 36234
17902 56545
18002 21631
18102 16629
18202 55172
18302 48716
18402 56735
18502 11480
18602 23976
18702 51016
18802 63403
18902 9460
19002 10156
19102 16751
19202 23731
19302 47595
19402 976
19502 58831
19602 37216
19702 18858
19802 50430
19902 41828
20002 8511
20102 62719
20202 61692
20302 4333
20402 22129
20502 64072
20602 12048
20702 53243
20802 31424
20902 18624
21002 40699
21102 10003
21202 39611
21302 20565
21402 26296
21502 31899
21602 4890
21702 24925
21802 23696
21902 55667
22002 59179
22102 52300
22202 60255
22302 30972
22402 13029
22502 46910
22602 52492
22702 43236
22802 56851
22902 29487
23002 10903
23102 35688
23202 61387
23302 11102
23402 23484
23502 50926
23602 47519
23702 43821
23802 36470
23902 8902
24002 31729
24102 31107
24202 21305
24302 45755
24402 31529
24502 25811
24602 49643
24702 61327
24802 38150
24902 62111
25002 58958
25102 5772
25202 22952
25302 58477
25402 59494
25502 29464
25602 3550
25702 6394
25802 38520
25902 10740
26002 65275
26102 44627
26202 52168
26302 59106
26402 44675
26502 5611
26602 18779
26702 58050
26802 31710
26902 25420
27002 29799
27102 20407
27202 53804
27302 46852
27402 5659
27502 11865
27602 20560
27702 3407
27802 29024
27902 40608
28002 21213
28102 43051
28202 40356
28302 31020
28402 37050
28502 43405
28602 19064
28702 50414
28802 41206
28902 62176
29002 45488
29102 22816
29202 15115
29302 12938
29402 13180
29502 27378
29602 39216
29702 51022
29802 19561
29902 27280
30002 8635
30102 21146
30202 22728
30302 3141
30402 6749
30502 9212
30602 17968
30702 44698
30802 30230
30902 12158
31002 63888
31102 58214
31202 54662
31302 33849
31402 2310
31502 47965
31602 25431
31702 53422
31802 17976
31902 18625
32002 57525
32102 808
32202 38606
32302 268
32402 49916
32502 64871
32602 40128
32702 36016
32802 33302
32902 9020
33002 13019
33102 32597
33202 58194
33302 58358
33402 26440
33502 28891
33602 1965
33702 28628
33802 48732
33902 46607
34002 64652
34102 27358
34202 42849
34302 34023
34402 63218
34502 23512
34602 30311
34702 54169
34802 21751
34902 42059
35002 48973
