102 57905
202 48531
302 64799
402 9477
502 11906
602 23590
702 3188
802 60841
902 17798
1002 40812
1102 60226
1202 8171
1302 40241
1402 62804
1502 50513
1602 23365
1702 24168
1802 2849
1902 2755
2002 13586
2102 30558
2202 15948
2302 22437
2402 3527
2502 60843
2602 35945
2702 54531
2802 52474
2902 40950
3002 1477
3102 62380
3202 4983
3302 519
3402 23731
3502 62792
3602 64082
3702 30338
3802 21476
3902 40221
4002 27318
4102 32651
4202 42216
4302 44386
4402 51179
4502 11285
4602 31854
4702 65067
4802 26126
4902 9370
5002 48885
5102 20344
5202 59726
5302 56304
5402 46146
5502 64489
5602 7497
5702 52571
5802 49066
5902 56779
6002 14653
6102 45051
6202 36142
6302 9426
6402 7666
6502 33530
6602 35354
6702 6387
6802 22318
6902 1584
7002 4972
7102 10462
7202 16500
7302 15193
7402 44584
7502 13139
7602 62724
7702 48796
7802 24109
7902 41786
8002 54252
8102 32453
8202 32678
8302 41704
8402 2930
8502 40618
8602 29588
8702 35779
8802 54445
8902 8969
9002 22880
9102 43058
9202 9880
9302 49882
9402 63140
9502 6562
9602 1464
9702 15591
9802 48843
9902 7340
10002 9504
10102 9424
10202 18644
10302 3020
10402 16723
10502 40859
10602 38771
10702 54628
10802 19918
10902 62947
11002 63768
11102 7741
11202 53691
11302 10313
11402 35110
11502 35844
11602 36051
11702 21149
11802 11888
11902 39651
12002 35109
12102 39250
12202 38939
12302 17651
12402 18599
12502 60657
12602 39579
12702 50803
12802 34844
12902 65367
13002 64483
13102 26047
13202 9384
13302 16203
13402 17898
13502 49775
13602 12214
13702 31756
13802 25051
13902 41904
14002 20359
14102 59949
14202 54899
14302 11408
14402 15447
14502 58137
14602 9793
14702 13690
14802 27984
14902 12377
15002 48101
15102 63369
15202 47422
15302 10662
15402 50290
15502 43336
15602 53014
15702 21625
15802 51880
15902 51671
16002 58016
16102 28170
16202 37329
16302 26326
16402 15979
16502 55613
16602 9133
16702 1718
16802 6277
16902 7496
17002 26080
17102 35876
17202 41205
17302 7309
17402 29963
17502 55683
17602 18917
17702 25421
17802 28885
17902 27404
18002 37716
18102 12796
18202 49076
18302 33856
18402 29599
18502 11798
18602 57245
18702 24200
18802 13469
18902 56287
19002 8552
19102 56616
19202 64103
19302 6681
19402 46425
19502 48018
19602 4400
19702 42239
19802 43259
19902 6173
20002 27467
20102 30686
20202 28407
20302 24773
20402 19895
20502 42501
20602 35872
20702 65146
20802 30852
20902 43468
21002 49142
21102 33639
21202 26249
21302 37507
21402 36857
21502 46275
21602 7156
21702 4949
21802 30580
21902 24322
22002 47807
22102 38360
22202 49872
22302 37899
22402 23228
22502 33663
22602 14915
22702 62187
22802 32197
22902 21285
23002 63747
23102 56422
23202 47091
23302 17141
23402 33617
23502 18350
23602 34134
23702 24801
23802 39694
23902 41662
24002 6120
24102 27732
24202 2757
24302 4155
24402 38178
24502 59296
24602 13850
24702 30559
24802 2763
24902 7353
25002 95
25102 271
25202 9571
25302 61851
25402 46902
25502 31139
25602 35916
25702 36197
25802 6457
25902 36006
26002 33034
26102 43460
26202 34541
26302 17752
26402 49804
26502 10714
26602 4865
26702 5330
26802 16345
26902 28255
27002 30297
27102 32904
27202 51044
27302 1951
27402 14214
27502 30596
27602 11315
27702 41064
27802 24262
27902 3051
28002 55446
28102 37200
28202 38480
28302 51716
28402 31166
28502 49653
28602 19150
28702 24527
28802 9554
28902 1326
29002 47434
29102 17022
29202 33694
29302 54345
29402 19157
29502 52722
29602 52615
29702 35787
29802 36904
29902 62652
30002 288
30102 62508
30202 4575
30302 63778
30402 44383
30502 24015
30602 41588
30702 44456
30802 34987
30902 136
31002 34795
31102 48591
31202 10721
31302 2746
31402 59753
31502 12733
31602 4739
31702 10056
31802 32373
31902 37056
32002 34436
32102 37247
32202 16967
32302 47034
32402 5211
32502 53295
32602 36127
32702 55202
32802 3106
32902 61582
33002 6375
33102 11544
33202 6085
33302 51617
33402 23609
33502 15218
33602 6080
33702 35244
33802 28868
33902 42697
34002 12578
34102 50879
34202 23724
34302 2133
34402 9555
34502 11531
34602 30743
34702 6829
34802 56877
34902 38834
35002 17088
35102 21540
35202 40474
35302 34553
35402 24459
35502 58740
35602 6889
35702 2046
35802 32020
35902 59753
36002 17236
36102 48132
36202 52200
36302 43013
36402 48452
36502 15180
36602 43115
36702 53688
36802 51115
36902 42972
37002 60104
37102 8140
37202 38355
37302 51416
37402 51183
37502 55606
37602 51990
37702 63822
37802 1587
37902 1774
38002 28010
38102 51973
38202 48729
38302 39110
38402 44804
38502 21600
38602 61837
38702 36344
38802 53117
38902 41386
39002 38693
39102 47314
39202 57991
39302 16020
39402 8568
39502 21756
39602 26388
39702 13632
39802 8325
39902 25560
40002 44007
40102 55613
40202 12615
40302 14388
40402 39095
40502 20897
40602 65439
40702 43725
40802 2395
40902 1865
41002 58855
41102 44639
41202 26784
41302 8454
41402 24784
41502 12690
41602 44270
41702 38733
41802 35401
41902 8924
42002 55067
42102 5801
42202 28849
42302 14286
42402 9639
42502 60061
42602 42044
42702 11509
42802 26634
42902 40918
43002 33132
43102 35884
43202 41844
43302 13383
43402 7358
43502 32317
43602 46807
43702 7084
43802 37840
43902 6615
44002 39402
44102 40643
44202 19805
44302 36159
44402 38297
44502 36840
44602 10421
44702 27729
44802 51233
44902 43937
45002 38457
45102 19843
45202 19928
45302 39344
45402 46414
45502 7128
45602 6819
45702 28674
45802 50431
45902 12897
46002 52240
46102 16827
46202 41468
46302 17100
46402 7958
46502 65440
46602 64258
46702 54118
46802 42645
46902 28166
47002 33541
47102 15236
47202 10844
47302 30555
47402 27736
47502 22317
47602 64852
47702 10255
47802 14845
47902 46904
48002 63428
48102 10740
48202 25477
48302 47652
48402 2279
48502 34378
48602 16276
48702 1340
48802 19582
48902 3023
49002 13242
49102 28012
49202 23853
49302 44572
49402 16435
49502 41546
49602 40582
49702 24210
49802 17324
49902 57726
50002 51113
50102 10849
50202 7187
50302 26162
50402 57964
50502 20907
50602 362
50702 15835
50802 55285
50902 56481
51002 53301
51102 12744
51202 14157
51302 19925
51402 9060
51502 54023
51602 32519
51702 13176
51802 5325
51902 15941
52002 62687
52102 22434
52202 22878
52302 37664
52402 41320
52502 38159
52602 27931
52702 50674
52802 35352
52902 40245
53002 14944
53102 25810
53202 64570
53302 40420
53402 12018
53502 57453
53602 50059
53702 40038
53802 38394
53902 53364
54002 53371
54102 30114
54202 54628
54302 31991
54402 52795
54502 42888
54602 58908
54702 56431
54802 34195
54902 21791
55002 39448
55102 18075
55202 58481
55302 8666
55402 11775
55502 35233
55602 8510
55702 44769
55802 34280
55902 34476
56002 23008
56102 33527
56202 17008
56302 56922
56402 48890
56502 47883
56602 33203
56702 60315
56802 12946
56902 42873
57002 11132
57102 474
57202 38310
57302 16263
57402 34302
57502 65195
57602 714
57702 19564
57802 45726
57902 56457
58002 2424
58102 62267
58202 947
58302 7358
58402 52855
58502 22040
58602 44884
58702 29254
58802 17712
58902 46593
59002 19806
59102 6117
59202 46093
59302 36922
59402 35072
59502 44680
59602 4633
59702 63280
59802 29642
59902 52
60002 29212
60102 30096
60202 47296
60302 38065
60402 28183
60502 4758
60602 49475
60702 64952
60802 23601
60902 13981
61002 59068
61102 14939
61202 19591
61302 11416
61402 42431
61502 34674
61602 59450
61702 33233
61802 62126
61902 14503
62002 8606
62102 10981
62202 61400
62302 17729
62402 7373
62502 53768
62602 3295
62702 47439
62802 61012
62902 48629
63002 43474
63102 46712
63202 19531
63302 39540
63402 988
63502 28302
63602 25086
63702 14368
63802 27558
63902 51334
64002 65448
64102 15497
64202 41158
64302 54075
64402 55420
64502 21409
64602 15372
64702 42518
64802 21302
64902 14511
65002 22569
65102 56189
65202 17767
65302 33088
65402 24475
65502 62209
65602 50131
65702 237
65802 21131
65902 63385
66002 8510
66102 49992
66202 5216
66302 30086
66402 22200
66502 51488
66602 62399
66702 40126
66802 54265
66902 34472
67002 53625
67102 11968
67202 11945
67302 7482
67402 38245
67502 51678
67602 42265
67702 46306
67802 46318
67902 37917
68002 44306
68102 28858
68202 35474
68302 52973
68402 36696
68502 43544
68602 56994
68702 35557
68802 223
68902 9445
69002 60809
69102 46795
69202 22165
69302 9644
69402 12734
69502 35664
69602 46847
69702 24567
69802 49310
69902 36097
70002 64158
70102 42891
70202 63657
70302 57832
70402 35352
70502 46536
70602 24560
70702 40785
70802 54960
70902 54706
71002 4215
71102 32488
71202 48531
71302 64672
71402 28250
71502 42870
71602 7603
71702 10657
71802 51285
71902 11016
72002 56330
72102 39696
72202 49693
72302 44503
72402 48466
72502 7851
72602 41520
72702 52043
72802 25005
72902 22428
73002 10588
73102 3056
73202 23048
73302 39734
73402 18716
73502 38170
73602 12205
73702 31350
73802 19977
73902 27810
74002 10508
74102 7582
74202 60583
74302 38939
74402 50413
74502 48376
74602 50830
74702 44902
74802 32422
74902 27251
75002 3840
75102 25202
75202 54834
75302 23559
75402 55433
75502 17759
75602 30088
75702 13081
75802 25133
75902 53284
76002 50153
76102 61760
76202 51793
76302 16902
76402 39769
76502 59242
76602 27813
76702 14185
76802 61251
76902 23813
77002 9429
77102 53926
77202 12182
77302 34081
77402 31172
77502 14260
77602 31360
77702 14855
77802 21906
77902 37559
78002 47250
78102 46071
78202 14346
78302 9099
78402 51912
78502 14499
78602 55550
78702 47872
78802 473
78902 57941
79002 46174
79102 1664
79202 36870
79302 63563
79402 5807
79502 46713
79602 10619
79702 9933
79802 4567
79902 42811
80002 12839
80102 29635
80202 29302
80302 36102
80402 60838
80502 33214
80602 50445
80702 31151
80802 29459
80902 10073
81002 26637
81102 38
81202 58346
81302 53001
81402 12267
81502 4148
81602 31561
81702 32245
81802 34265
81902 53541
82002 39694
82102 22370
82202 13079
82302 15204
82402 61358
82502 32980
82602 27495
82702 58137
82802 43994
82902 45194
83002 41581
83102 32332
83202 61960
83302 56376
83402 32870
83502 62720
83602 23194
83702 62815
83802 4614
83902 65354
84002 48383
84102 64963
84202 17469
84302 35625
84402 53619
84502 20021
84602 44317
84702 30859
84802 49429
84902 19581
85002 32715
85102 41681
85202 51644
85302 58723
85402 24045
85502 334
85602 16094
85702 31167
85802 7161
85902 25032
86002 40637
86102 48297
86202 16955
86302 26842
86402 50916
86502 32612
86602 1268
86702 19135
86802 40749
86902 30026
87002 49845
87102 64020
87202 47598
87302 9569
87402 35883
87502 10143
87602 19740
87702 18811
87802 30873
87902 4537
88002 12853
88102 23869
88202 33176
88302 17194
88402 65371
88502 29360
88602 38758
88702 50438
88802 33228
88902 45247
89002 56950
89102 12652
89202 55436
89302 31906
89402 6321
89502 15889
89602 56078
89702 16357
89802 47269
89902 34376
90002 36602
90102 53953
