102 18014
202 36514
302 57840
402 41389
502 36637
602 17603
702 19424
802 38058
902 27745
1002 14218
1102 12139
1202 56295
1302 50072
1402 5584
1502 11350
1602 62457
1702 62675
1802 14648
1902 39595
2002 5669
2102 18977
2202 20124
2302 21165
2402 16374
2502 42092
2602 56047
2702 53665
2802 2434
2902 23869
3002 27674
3102 4790
3202 13886
3302 37421
3402 54921
3502 57787
3602 37071
3702 13699
3802 54883
3902 8038
4002 54101
4102 17949
4202 42368
4302 26576
4402 45530
4502 3860
4602 57370
4702 13188
4802 62497
4902 57494
5002 27165
5102 31141
5202 43224
5302 16459
5402 16197
5502 1001
5602 19732
5702 13864
5802 52519
5902 34575
6002 7257
6102 59012
6202 58218
6302 19529
6402 50376
6502 10682
6602 42783
6702 20943
6802 7467
6902 57732
7002 16554
7102 14461
7202 59121
7302 33653
7402 46042
7502 48104
7602 44060
7702 16267
7802 700
7902 17182
8002 56594
8102 945
8202 51500
8302 59312
8402 59395
8502 27421
8602 65329
8702 21488
8802 7172
8902 59503
9002 22379
9102 43615
9202 19390
9302 58881
9402 28349
9502 60050
9602 50335
9702 35391
9802 19111
9902 13057
10002 61847
10102 65003
10202 43256
10302 23981
10402 46588
10502 22892
10602 54393
10702 27891
10802 7550
10902 62283
11002 22476
11102 39554
11202 19263
11302 7851
11402 58898
11502 532
11602 45652
11702 30221
11802 6629
11902 45399
12002 57486
12102 7576
12202 58482
12302 14678
12402 48999
12502 54074
12602 41479
12702 6621
12802 26280
12902 41007
13002 10272
13102 44034
13202 52684
13302 50550
13402 51155
13502 3680
13602 32781
13702 59923
13802 18382
13902 35153
14002 45388
14102 9044
14202 63169
14302 50473
14402 58248
14502 54336
14602 56562
14702 30326
14802 37634
14902 55124
15002 21148
15102 51310
15202 64674
15302 27813
15402 13336
15502 23524
15602 13122
15702 53343
15802 32798
15902 59646
16002 34797
16102 45591
16202 4440
16302 19361
16402 62683
16502 52367
16602 51371
16702 17732
16802 5300
16902 49266
17002 24867
17102 40906
17202 27569
17302 24626
17402 20160
17502 54656
17602 18031
17702 29803
17802 15867
17902 9074
18002 50060
18102 62168
18202 4729
18302 63800
18402 42637
18502 40929
18602 65472
18702 69
18802 6353
18902 55888
19002 19662
19102 36127
19202 64824
19302 9316
19402 55022
19502 11717
19602 48491
19702 24046
19802 45490
19902 46882
20002 26080
20102 30984
20202 2626
20302 39213
20402 10300
20502 45245
20602 46778
20702 13327
20802 29530
20902 6131
21002 50807
21102 46964
21202 56232
21302 50173
21402 63624
21502 14873
21602 21711
21702 44257
21802 35238
21902 43097
22002 24802
22102 28464
22202 34853
22302 16199
22402 53442
22502 39469
22602 23556
22702 54258
22802 21214
22902 3556
23002 43252
23102 15330
23202 38420
23302 64226
23402 25261
23502 44272
23602 54168
23702 38796
23802 20735
23902 45207
24002 20262
24102 44141
24202 25655
24302 1089
24402 51294
24502 20389
24602 43219
24702 56673
24802 60651
24902 19078
25002 9936
25102 63696
25202 50677
25302 7486
25402 46624
25502 4852
25602 44940
25702 35626
25802 7916
25902 3805
26002 16163
26102 12489
26202 14404
26302 58830
26402 10675
26502 60842
26602 29159
26702 60038
26802 50768
26902 58583
27002 8138
27102 7961
27202 2822
27302 5023
27402 8606
27502 44932
27602 29487
27702 37195
27802 50359
27902 13666
28002 52047
28102 65532
28202 19958
28302 54993
28402 7607
28502 37529
28602 7235
28702 27689
28802 60937
28902 64522
29002 32103
29102 17150
29202 23561
29302 10524
29402 47386
29502 19274
29602 27168
29702 4734
29802 53223
29902 31136
30002 65323
30102 14842
30202 34238
30302 999
30402 64041
30502 43143
30602 4795
30702 20443
30802 16249
30902 7158
31002 39483
31102 23042
31202 21675
31302 23410
31402 30280
31502 21463
31602 12032
31702 39977
31802 31175
31902 23685
32002 15872
32102 9759
32202 25671
32302 59967
32402 35935
32502 45486
32602 1194
32702 52472
32802 48267
32902 48956
33002 62360
33102 58582
33202 19867
33302 2317
33402 42216
33502 43464
33602 52740
33702 61296
33802 47403
33902 241
34002 5213
34102 19693
34202 28138
34302 41357
