102 47129
202 62942
302 28047
402 18716
502 17536
602 44255
702 23667
802 17527
902 10492
1002 47607
1102 29232
1202 28596
1302 54322
1402 34712
1502 46250
1602 34094
1702 28218
1802 36398
1902 64824
2002 31898
2102 42762
2202 50909
2302 22834
2402 53804
2502 8669
2602 13540
2702 43554
2802 14947
2902 38248
3002 30568
3102 5848
3202 34203
3302 58506
3402 46025
3502 15778
3602 4520
3702 56018
3802 64266
3902 59329
4002 55862
4102 42393
4202 22610
4302 26944
4402 46794
4502 56450
4602 272
4702 61699
4802 21912
4902 46620
5002 20875
5102 32920
5202 8415
5302 25511
5402 13984
5502 46886
5602 38519
5702 27197
5802 50864
5902 64176
6002 40938
6102 37995
6202 50050
6302 51846
6402 3170
6502 3235
6602 19422
6702 26727
6802 40406
6902 60625
7002 29108
7102 58992
7202 45261
7302 12851
7402 9206
7502 23445
7602 1636
7702 15294
7802 14979
7902 22078
8002 27431
8102 13880
8202 44701
8302 18240
8402 22545
8502 65253
8602 45348
8702 5263
8802 23710
8902 56481
9002 33586
9102 59086
9202 39584
9302 4886
9402 9490
9502 576
9602 19771
9702 47196
9802 34621
9902 13211
10002 16241
10102 44786
10202 28400
10302 15142
10402 52194
10502 46849
10602 52714
10702 53450
10802 38206
10902 27096
11002 53066
11102 33111
11202 47430
11302 2200
11402 13673
11502 1903
11602 34687
11702 5009
11802 33868
11902 17990
12002 58144
12102 48192
12202 9136
12302 47564
12402 12444
12502 22319
12602 40332
12702 8331
12802 9859
12902 52925
13002 49559
13102 12980
13202 12498
13302 53979
13402 56831
13502 20551
13602 55772
13702 16898
13802 23361
13902 64887
14002 1766
14102 57438
14202 23189
14302 3212
14402 23673
14502 45367
14602 8575
14702 33729
14802 1991
14902 45304
15002 5786
15102 35623
15202 61103
15302 3974
15402 56184
15502 62417
15602 64351
15702 37747
15802 20896
15902 26036
16002 10240
16102 23254
16202 50031
16302 31234
16402 48141
16502 53341
16602 54263
16702 20629
16802 42824
16902 44429
17002 40926
17102 30795
17202 54488
17302 39616
17402 37429
17502 1762
17602 54474
17702 27225
17802 1874
17902 29997
18002 40373
18102 28335
18202 28874
18302 36471
18402 52868
18502 15243
18602 22616
18702 19791
18802 33660
18902 31
19002 44568
19102 44576
19202 10293
19302 32569
19402 25085
19502 44773
19602 35080
19702 5467
19802 1080
19902 55747
20002 33955
20102 39066
20202 36246
20302 18646
20402 14559
20502 48435
20602 34837
20702 60029
20802 63555
20902 43008
21002 15085
21102 5936
21202 55133
21302 1026
21402 59106
21502 50498
21602 61693
21702 18772
21802 37809
21902 62952
22002 16005
22102 25651
22202 50636
22302 32436
22402 35255
22502 31793
22602 2080
22702 29657
22802 48160
22902 21408
23002 1833
23102 39281
23202 13869
23302 2860
23402 63179
23502 7593
23602 36470
23702 12422
23802 43686
23902 61434
24002 46428
24102 40793
24202 25681
24302 26868
24402 9819
24502 55622
24602 42863
24702 7730
24802 15033
24902 14014
25002 31958
25102 25220
25202 32215
25302 16625
25402 19059
25502 13925
25602 37932
25702 25286
25802 7975
25902 46960
26002 56983
26102 23167
26202 34828
26302 9502
26402 17290
26502 39180
26602 21020
26702 16741
26802 45282
26902 59028
27002 23062
27102 5360
27202 4845
27302 38798
27402 55750
27502 36209
27602 45882
27702 34562
27802 7902
27902 48576
28002 12268
28102 56086
28202 15026
28302 59319
28402 22288
28502 986
28602 7291
28702 48664
28802 20961
28902 523
29002 49491
29102 3217
29202 35913
29302 34940
29402 18999
29502 11882
29602 65329
29702 12941
29802 38091
29902 34222
30002 12418
30102 13070
30202 18431
30302 49676
30402 51567
30502 12351
30602 41577
30702 58048
30802 665
30902 40511
31002 44989
31102 305
31202 4766
31302 11635
31402 14600
31502 342
31602 51511
31702 50142
31802 24520
31902 16230
32002 37302
32102 918
32202 44827
32302 56820
32402 14131
32502 4022
32602 61130
32702 58375
32802 41560
32902 14924
33002 39353
33102 57516
33202 15555
33302 49267
33402 4851
33502 11001
33602 33501
33702 39814
33802 45132
33902 53574
34002 34083
34102 17784
34202 4083
34302 947
34402 8054
34502 33746
34602 28182
34702 37182
34802 36401
34902 54060
35002 54800
35102 59849
35202 36005
35302 33306
35402 55711
35502 16556
35602 36812
35702 46581
35802 17112
35902 29242
36002 38615
36102 31856
36202 44869
36302 53823
36402 47337
36502 1836
36602 11972
36702 8594
36802 46717
36902 41317
37002 50073
37102 62503
37202 9663
37302 54268
37402 64857
37502 23694
37602 48833
37702 25798
37802 63643
37902 48147
38002 45594
38102 9790
38202 690
38302 48819
38402 27469
38502 42846
38602 36162
38702 47554
38802 924
38902 15806
39002 9140
39102 38934
39202 40196
39302 4910
39402 60628
39502 50087
39602 34775
39702 16165
39802 8822
39902 48891
40002 36892
40102 49147
40202 48344
40302 1009
40402 33664
40502 22666
40602 38581
40702 54383
40802 61931
40902 42953
41002 57983
41102 19691
41202 39553
41302 34260
41402 55654
41502 10771
41602 52044
41702 42409
41802 7055
41902 28753
42002 53667
42102 61407
42202 61877
42302 54987
42402 3454
42502 33421
42602 31079
42702 45019
42802 19793
42902 10512
43002 33599
43102 13210
43202 44369
43302 43136
43402 2862
43502 40388
43602 53538
43702 24779
43802 42418
43902 27484
44002 28220
44102 20542
44202 25677
44302 35371
44402 62159
44502 19632
44602 15457
44702 36602
44802 48058
44902 46246
45002 10367
45102 22757
45202 41933
45302 63795
45402 38807
45502 12686
45602 32109
45702 28753
45802 12905
45902 52318
46002 31664
46102 6969
46202 42816
46302 3969
46402 50497
46502 30774
46602 21049
46702 51844
46802 43324
46902 16587
47002 32270
47102 11097
47202 1573
47302 32194
47402 42161
47502 24628
47602 25666
47702 64814
47802 50195
47902 60791
48002 43293
48102 61275
48202 46682
48302 49969
48402 28856
48502 37189
48602 545
48702 12440
48802 61953
48902 1958
49002 31796
49102 14748
49202 49519
49302 52337
49402 295
49502 43273
49602 56663
49702 32877
49802 54992
49902 16196
50002 24765
50102 45377
50202 59286
50302 50234
50402 18580
50502 2412
50602 13933
50702 59515
50802 12593
50902 59011
51002 2329
51102 2413
51202 62430
51302 14747
51402 63368
51502 38278
51602 19672
51702 46685
51802 10018
51902 40813
52002 4033
52102 3459
52202 38703
52302 29144
52402 58225
52502 40555
52602 47126
52702 8403
52802 64299
52902 52589
53002 31243
53102 15103
53202 54871
53302 36997
53402 42217
53502 26671
53602 6684
53702 17702
53802 5502
53902 18721
54002 48759
54102 36097
54202 22280
54302 23847
54402 45394
54502 12948
54602 60571
54702 13432
54802 26316
54902 29069
55002 50387
55102 42346
55202 49945
55302 29589
55402 18286
55502 18591
55602 48627
55702 14283
55802 46739
55902 37694
56002 56147
56102 61407
56202 8915
56302 60502
56402 9463
56502 41565
56602 11072
56702 3660
56802 62142
56902 17883
57002 17364
57102 3256
57202 54349
57302 43709
57402 62648
57502 61257
57602 16187
57702 37378
57802 62131
57902 24015
58002 54708
58102 19062
58202 101
58302 13184
58402 40376
58502 55052
58602 55939
58702 14286
58802 7963
58902 33306
59002 7113
59102 8935
59202 65243
59302 846
59402 55693
59502 23545
59602 30215
59702 29145
59802 25349
59902 50951
60002 56209
60102 46405
60202 18409
60302 64796
60402 16448
60502 18429
60602 18026
60702 40770
60802 61289
60902 22292
61002 20152
61102 50855
61202 21962
61302 52945
61402 21479
61502 18521
61602 9737
61702 60383
61802 25281
61902 56952
62002 23273
62102 10243
62202 20463
62302 47899
62402 47993
62502 11050
62602 33551
62702 27489
62802 10483
62902 36366
63002 18055
63102 29356
63202 10128
63302 33216
63402 37058
63502 36562
63602 4622
63702 5964
63802 23033
63902 24149
64002 10252
64102 34008
64202 10659
64302 24175
64402 1571
64502 54621
64602 13820
64702 29846
64802 29461
64902 49225
65002 15069
65102 35918
65202 54351
65302 54156
65402 50463
65502 49262
65602 33440
65702 43589
65802 32296
65902 17212
66002 44424
66102 9375
66202 16862
66302 22009
66402 23322
66502 9838
66602 19006
66702 28915
66802 30228
66902 3209
67002 56549
67102 54923
67202 36901
67302 4580
67402 27620
67502 46548
67602 30680
67702 19780
67802 61024
67902 30818
68002 62392
68102 59702
68202 27241
68302 18093
68402 1099
68502 52723
68602 58969
68702 7248
68802 4586
68902 41087
69002 20510
69102 61081
69202 55985
69302 7602
69402 40151
69502 5221
69602 61288
69702 54172
69802 31669
69902 59997
70002 54825
70102 2056
70202 63859
70302 57912
70402 49258
70502 59042
70602 10305
70702 4636
70802 26422
70902 37841
71002 53368
71102 17845
71202 57655
71302 65222
71402 2858
71502 43333
71602 57952
71702 39419
71802 37970
71902 39921
72002 18179
72102 46306
72202 55183
72302 22487
72402 17329
72502 2276
72602 7707
72702 4637
72802 64072
72902 49980
73002 43205
73102 62637
73202 1912
73302 54277
73402 43662
73502 35424
73602 39239
73702 53565
73802 59305
73902 2546
74002 55864
74102 64337
74202 20474
74302 56354
74402 62605
74502 22801
74602 21433
74702 4080
74802 57837
74902 62625
75002 18126
75102 36752
75202 41974
75302 65435
75402 60581
75502 25411
75602 53010
75702 41506
75802 12233
75902 42043
76002 51569
76102 34668
76202 34880
76302 44392
76402 41433
76502 49879
76602 13756
76702 18546
76802 14555
76902 35698
77002 17687
77102 7776
77202 4038
77302 8887
77402 41198
77502 54868
77602 2737
77702 2220
77802 31099
77902 55901
78002 37258
78102 20655
78202 52142
78302 46068
78402 53563
78502 13252
78602 28585
78702 9357
78802 48179
78902 13455
79002 18796
79102 49851
79202 30041
79302 18755
79402 31979
79502 37187
79602 77
79702 35612
79802 11162
79902 11297
80002 29829
80102 37644
80202 54970
80302 308
80402 54837
80502 44216
80602 37009
80702 14349
80802 48704
80902 40066
81002 9056
81102 44021
81202 604
81302 23203
81402 53238
81502 5307
81602 40927
81702 3433
81802 55873
81902 25778
82002 52755
82102 46597
82202 52675
82302 31719
82402 26224
82502 25705
82602 42087
82702 41098
82802 29774
82902 17021
83002 13338
83102 51429
83202 57475
83302 21595
83402 27522
83502 40197
83602 15606
83702 9844
83802 29981
83902 50415
84002 38302
84102 21047
84202 30053
84302 1850
84402 27080
84502 52655
84602 38862
84702 12836
84802 39531
84902 1744
85002 63980
85102 588
85202 61617
85302 14555
85402 39538
85502 12195
85602 16225
85702 63611
85802 30350
85902 12963
86002 31883
86102 13765
86202 37917
86302 50913
86402 23066
86502 56187
86602 670
86702 47836
86802 33419
86902 8897
87002 53917
87102 31164
87202 48605
87302 62169
87402 28300
87502 13665
87602 16498
87702 9997
87802 10663
87902 51154
88002 11974
88102 22826
88202 46691
88302 35130
88402 33330
88502 53247
88602 23414
88702 57164
88802 30552
88902 31097
89002 10778
89102 48650
89202 13242
89302 11862
89402 36401
89502 10195
89602 32201
89702 38896
89802 42214
89902 21460
90002 56274
90102 63807
