102 20490
202 50498
302 18773
402 11109
502 62388
602 1132
702 53873
802 50394
902 24187
1002 43217
1102 22277
1202 49426
1302 50856
1402 58569
1502 37910
1602 48454
1702 3410
1802 1294
1902 64119
2002 13657
2102 49548
2202 25725
2302 45666
2402 7602
2502 31845
2602 34601
2702 825
2802 44851
2902 7077
3002 36622
3102 36695
3202 9219
3302 39044
3402 11996
3502 54621
3602 9795
3702 29605
3802 20837
3902 2811
4002 44958
4102 59076
4202 57204
4302 21589
4402 25586
4502 7985
4602 13865
4702 31797
4802 23029
4902 38941
5002 20292
5102 33866
5202 39948
5302 8855
5402 11983
5502 27042
5602 63598
5702 31157
5802 54535
5902 23117
6002 37941
6102 46176
6202 11159
6302 27872
6402 11100
6502 53218
6602 20758
6702 10511
6802 35449
6902 2894
7002 20121
7102 49501
7202 64962
7302 32336
7402 40400
7502 47245
7602 11180
7702 38342
7802 64544
7902 57850
8002 6254
8102 4460
8202 25569
8302 43299
8402 47980
8502 34957
8602 61156
8702 45954
8802 37196
8902 20063
9002 21106
9102 38806
9202 33667
9302 62679
9402 31298
9502 63452
9602 8104
9702 9534
9802 27093
9902 57250
10002 1124
10102 6003
10202 63378
10302 12687
10402 30426
10502 21414
10602 42887
10702 35474
10802 12088
10902 41237
11002 20513
11102 17254
11202 24798
11302 11805
11402 43645
11502 25099
11602 16852
11702 43628
11802 30894
11902 35884
12002 35452
12102 24546
12202 30995
12302 55479
12402 14260
12502 18456
12602 32476
12702 52885
12802 484
12902 20884
13002 30140
13102 53504
13202 3582
13302 15997
13402 26641
13502 54985
13602 56246
13702 1262
13802 24931
13902 19509
14002 64158
14102 22362
14202 40149
14302 50114
14402 19116
14502 6395
14602 35099
14702 35646
14802 22734
14902 42999
15002 43075
15102 18007
15202 24350
15302 61921
15402 56485
15502 33663
15602 44489
15702 11930
15802 33126
15902 8168
16002 48914
16102 62194
16202 46735
16302 58188
16402 4437
16502 59681
16602 24849
16702 63091
16802 49950
16902 15510
17002 17673
17102 44673
17202 60543
17302 17471
17402 40138
17502 39501
17602 47287
17702 43732
17802 52320
17902 3714
18002 59079
18102 55778
18202 20668
18302 27924
18402 6658
18502 12109
18602 29630
18702 31944
18802 32961
18902 14790
19002 41581
19102 43763
19202 46309
19302 34446
19402 51840
19502 48221
19602 64261
19702 61514
19802 38092
19902 48205
20002 41268
20102 48209
20202 37446
20302 64977
20402 65231
20502 2818
20602 64730
20702 15116
20802 59048
20902 9631
21002 8594
21102 1451
21202 41906
21302 58047
21402 46469
21502 51664
21602 1670
21702 35987
21802 7353
21902 42082
22002 36168
22102 10364
22202 10586
22302 21836
22402 29509
22502 21557
22602 31079
22702 42746
22802 8120
22902 19534
23002 25626
23102 16639
23202 21157
23302 13442
23402 10431
23502 45181
23602 50424
23702 51833
23802 50054
23902 36140
24002 63476
24102 11307
24202 23314
24302 36832
24402 24111
24502 52015
24602 9401
24702 44284
24802 45736
24902 10576
25002 35597
25102 57571
25202 64945
25302 62281
25402 58133
25502 54199
25602 62103
25702 13898
25802 10923
25902 56450
26002 1994
26102 4590
26202 50647
26302 12489
26402 50241
26502 57672
26602 43926
26702 17154
26802 17124
26902 38664
27002 53628
27102 59150
27202 40995
27302 12263
27402 17920
27502 54402
27602 44529
27702 25001
27802 38000
27902 44656
28002 48831
28102 37000
28202 56811
28302 23517
28402 58671
28502 58942
28602 47563
28702 47157
28802 36032
28902 20173
29002 58670
29102 64550
29202 52577
29302 57484
29402 48801
29502 50694
29602 35035
29702 53503
29802 23035
29902 44915
30002 62645
30102 11436
30202 17831
30302 7482
30402 20943
30502 39229
30602 32519
30702 58050
30802 48576
30902 12814
31002 14408
31102 50146
31202 12841
31302 7768
31402 15499
31502 47844
