102 15141
202 10833
302 63863
402 48827
502 5146
602 23762
702 51030
802 31210
902 29106
1002 24746
1102 6159
1202 38895
1302 29225
1402 65237
1502 8555
1602 63491
1702 15224
1802 38089
1902 53001
2002 22012
2102 3357
2202 43341
2302 57519
2402 36248
2502 30802
2602 21360
2702 58075
2802 12753
2902 61496
3002 16861
3102 52870
3202 3611
3302 13707
3402 47494
3502 13954
3602 10289
3702 7049
3802 9807
3902 32544
4002 51061
4102 61365
4202 19630
4302 44816
4402 20655
4502 16326
4602 58778
4702 12319
4802 20648
4902 29622
5002 49419
5102 60872
5202 58999
5302 19433
5402 25188
5502 2738
5602 6749
5702 245
5802 45828
5902 44196
6002 25295
6102 37305
6202 42522
6302 63251
6402 44006
6502 13555
6602 16975
6702 50448
6802 41379
6902 29718
7002 50077
7102 43018
7202 9430
7302 56168
7402 29158
7502 19538
7602 39919
7702 49096
7802 52998
7902 2721
8002 25157
8102 56483
8202 41247
8302 28704
8402 27429
8502 61625
8602 4539
8702 29698
8802 46175
8902 36917
9002 32469
9102 19332
9202 46612
9302 38565
9402 22536
9502 28206
9602 16216
9702 63593
9802 31355
9902 44058
10002 12280
10102 22821
10202 18811
10302 49510
10402 6003
10502 63084
10602 53297
10702 16030
10802 55954
10902 15927
11002 54192
11102 40855
11202 30197
11302 5309
11402 31888
11502 23835
11602 15278
11702 52311
11802 51151
11902 33392
12002 63599
12102 24088
12202 628
12302 45686
12402 53909
12502 38514
12602 56222
12702 50366
12802 9500
12902 36025
13002 29117
13102 36675
13202 2148
13302 54486
13402 22464
13502 3074
13602 53980
13702 48633
13802 2985
13902 48621
14002 63979
14102 34779
14202 33356
14302 5104
14402 49692
14502 16623
14602 43377
14702 51180
14802 42086
14902 20755
15002 49281
15102 60351
15202 53395
15302 1839
15402 8061
15502 24240
15602 21597
15702 14067
15802 38734
15902 29477
16002 64524
16102 20987
16202 36241
16302 17002
16402 42322
16502 16026
16602 26282
16702 46119
16802 33120
16902 41245
17002 31287
17102 44373
17202 13482
17302 40844
17402 24038
17502 11106
17602 31301
17702 59431
17802 10816
17902 24941
18002 60714
18102 38557
18202 52313
18302 46448
18402 59876
18502 2609
18602 41044
18702 34344
18802 21408
18902 12972
19002 10390
19102 11036
19202 47522
19302 36419
19402 19583
19502 65478
19602 26241
19702 15372
19802 9464
19902 54441
20002 62741
20102 12516
20202 41520
20302 56803
20402 45001
20502 17342
20602 31386
20702 38954
20802 41447
20902 56355
21002 6082
21102 49846
21202 52420
21302 46195
21402 49375
21502 53316
21602 56544
21702 42082
21802 15852
21902 34033
22002 37403
22102 49007
22202 57764
22302 1663
22402 52825
22502 47756
22602 27247
22702 30110
22802 16060
22902 12239
23002 62036
23102 19831
23202 1239
23302 64048
23402 20005
23502 27005
23602 30627
23702 46814
23802 21259
23902 35132
24002 26779
24102 44460
24202 5747
24302 14336
24402 23006
24502 1697
24602 17363
24702 37812
24802 43447
24902 42813
25002 63530
25102 161
25202 31828
25302 4003
25402 50806
25502 4516
25602 6234
25702 15785
25802 61220
25902 63213
26002 9134
26102 19458
26202 35632
26302 58561
26402 16319
26502 21907
26602 4775
26702 16290
26802 60858
26902 62422
27002 7053
27102 12072
27202 42470
27302 56993
27402 6863
27502 60145
27602 35773
27702 61050
27802 61930
27902 45730
28002 39213
28102 60271
28202 8775
28302 14256
28402 56349
28502 13091
28602 6916
28702 44002
28802 33795
28902 4642
29002 37606
29102 17218
29202 20580
29302 21372
29402 10251
29502 9845
29602 31955
29702 54205
29802 40651
29902 53090
30002 26937
30102 9249
30202 63486
30302 61144
30402 59615
30502 44399
30602 30705
30702 56089
30802 58569
30902 18118
31002 33392
31102 7091
31202 15683
31302 4390
31402 13801
31502 52156
31602 62053
31702 46213
31802 48171
31902 58538
32002 22279
32102 23611
32202 62341
32302 25447
32402 978
32502 59156
32602 7412
32702 36082
32802 64090
32902 40957
33002 26988
33102 1612
33202 58485
33302 35989
33402 39101
33502 46695
33602 2726
33702 61738
33802 25438
33902 43951
34002 49998
34102 23575
34202 53674
34302 11714
34402 50749
34502 3276
