102 11529
202 23348
302 684
402 30708
502 31993
602 28345
702 33610
802 2981
902 63781
1002 63131
1102 20688
1202 22093
1302 6622
1402 13604
1502 49655
1602 32026
1702 10697
1802 8425
1902 7889
2002 11618
2102 2098
2202 12695
2302 61835
2402 26590
2502 4703
2602 3918
2702 35206
2802 40921
2902 51420
3002 57241
3102 63929
3202 13255
3302 33689
3402 19291
3502 36965
3602 55283
3702 63447
3802 14870
3902 48240
4002 52956
4102 16531
4202 49622
4302 42324
4402 25368
4502 38865
4602 26813
4702 27080
4802 4749
4902 47696
5002 30171
5102 14465
5202 26982
5302 64322
5402 12882
5502 38870
5602 12207
5702 15488
5802 20495
5902 39007
6002 61129
6102 4438
6202 61266
6302 37069
6402 53156
6502 31597
6602 45055
6702 45240
6802 42624
6902 21133
7002 52646
7102 39409
7202 29319
7302 23222
7402 1123
7502 31179
7602 229
7702 10040
7802 12276
7902 18737
8002 19485
8102 41913
8202 65353
8302 10473
8402 23756
8502 25333
8602 28760
8702 61249
8802 57845
8902 61365
9002 63347
9102 40086
9202 51003
9302 47568
9402 52135
9502 51470
9602 33988
9702 26156
9802 2071
9902 55730
10002 1194
10102 11218
10202 25068
10302 394
10402 56881
10502 65437
10602 58042
10702 23526
10802 12819
10902 42519
11002 50016
11102 36998
11202 62827
11302 34941
11402 62265
11502 51839
11602 18249
11702 47829
11802 18554
11902 38102
12002 10665
12102 7758
12202 42345
12302 31051
12402 34750
12502 6721
12602 18353
12702 64287
12802 18099
12902 11550
13002 52244
13102 38680
13202 10715
13302 6675
13402 44898
13502 19435
13602 20838
13702 62258
13802 54890
13902 50643
14002 1007
14102 62822
14202 56642
14302 42255
14402 50560
14502 16194
14602 2463
14702 34170
14802 40061
14902 7139
15002 37869
15102 29691
15202 11562
15302 19943
15402 59932
15502 27815
15602 59966
15702 10320
15802 26301
15902 48754
16002 62954
16102 16668
16202 42867
16302 21442
16402 15012
16502 1653
16602 24663
16702 3321
16802 34574
16902 63246
17002 14564
17102 8167
17202 34064
17302 49713
17402 53407
17502 61992
17602 46951
17702 9463
17802 46491
17902 5484
18002 11614
18102 22530
18202 38853
18302 37598
18402 48967
18502 54980
18602 19025
18702 44412
18802 56337
18902 50028
19002 22810
19102 9016
19202 15087
19302 45950
19402 47340
19502 1215
19602 54608
19702 782
19802 4105
19902 44773
20002 58343
20102 14719
20202 9438
20302 31558
20402 11770
20502 50640
20602 44235
20702 41060
20802 4096
20902 2954
21002 60953
21102 5251
21202 13303
21302 12159
21402 46402
21502 33402
21602 46866
21702 24704
21802 30888
21902 34225
22002 44565
22102 8346
22202 36796
22302 22714
22402 27395
22502 48406
22602 5206
22702 22273
22802 13304
22902 7461
23002 35995
23102 16189
23202 23243
23302 3588
23402 36220
23502 36624
23602 7337
23702 45205
23802 2654
23902 23326
24002 13545
24102 58384
24202 61479
24302 59786
24402 46768
24502 36235
24602 19959
24702 63520
24802 64463
24902 39794
25002 22932
25102 63417
25202 22974
25302 21248
25402 5152
25502 20585
25602 18262
25702 51824
25802 42762
25902 54975
26002 47459
26102 32919
26202 3579
26302 29522
26402 54825
26502 41550
26602 26637
26702 43585
26802 59471
26902 32895
27002 1651
27102 25377
27202 34016
27302 48198
27402 62814
27502 53863
27602 27508
27702 63218
27802 3827
27902 46707
28002 57019
28102 31119
28202 57701
28302 61699
28402 32223
28502 61246
28602 12337
28702 5861
28802 56562
28902 10327
29002 54725
29102 57123
29202 12612
29302 24900
29402 44426
29502 14108
29602 8432
29702 25380
29802 64100
29902 28774
30002 57301
30102 61194
30202 9197
30302 46913
30402 63918
30502 5902
30602 61695
30702 50110
30802 33286
30902 34779
31002 19854
31102 8461
31202 35392
31302 12940
31402 36453
31502 55818
31602 20852
31702 7528
31802 2322
31902 609
32002 58358
32102 39571
32202 55576
32302 25116
32402 24459
32502 26836
32602 21853
32702 11301
32802 29328
32902 9098
33002 4058
33102 49915
33202 57162
33302 34029
33402 57614
33502 48081
33602 34389
33702 9563
33802 47780
33902 19494
34002 49684
34102 38812
34202 609
34302 18507
34402 64388
34502 44170
34602 7188
34702 22428
34802 12317
34902 45853
35002 52766
35102 52865
35202 65404
35302 30472
35402 24108
35502 15096
35602 64557
35702 14617
35802 52457
35902 13451
36002 39266
36102 53589
36202 45767
36302 48790
36402 30049
36502 43892
36602 24625
36702 47168
36802 41512
36902 15088
37002 54134
37102 9684
37202 20988
37302 7188
37402 35289
37502 35279
37602 36540
37702 4473
37802 51467
37902 7905
38002 31679
38102 6819
