102 11529
202 19606
302 8358
402 35760
502 52046
602 38329
702 14415
802 13499
902 51046
1002 42223
1102 53252
1202 48023
1302 34756
1402 5296
1502 41098
1602 64433
1702 33905
1802 63370
1902 64510
2002 39374
2102 58126
2202 17688
2302 8080
2402 42003
2502 52565
2602 59579
2702 14953
2802 17493
2902 55412
3002 61729
3102 61184
3202 53114
3302 57155
3402 11143
3502 29004
3602 45852
3702 7242
3802 37045
3902 21106
4002 54322
4102 21755
4202 46972
4302 34232
4402 55400
4502 6746
4602 58052
4702 48796
4802 48772
4902 57746
5002 42427
5102 21213
5202 28679
5302 25693
5402 27963
5502 16922
5602 9808
5702 45221
5802 6176
5902 8697
6002 41687
6102 62328
6202 1843
6302 48181
6402 12646
6502 58220
6602 49613
6702 60892
6802 64278
6902 53245
7002 33228
7102 33552
7202 48449
7302 16951
7402 19277
7502 23550
7602 23053
7702 2322
7802 24245
7902 62649
8002 48912
8102 58199
8202 10816
8302 5976
8402 53540
8502 45972
8602 35910
8702 45441
8802 34855
8902 35986
9002 61856
9102 28070
9202 1851
9302 21226
9402 35794
9502 13752
9602 25187
9702 39363
9802 23209
9902 45414
10002 31941
10102 11904
10202 49210
10302 29671
10402 19532
10502 50604
10602 44786
10702 16298
10802 65439
10902 53342
11002 33434
11102 43966
11202 61089
11302 65520
11402 41198
11502 41113
11602 55604
11702 21208
11802 2268
11902 24345
12002 1615
12102 40191
12202 37690
12302 159
12402 45776
12502 59322
12602 56312
12702 65270
12802 51675
12902 57316
13002 25857
13102 64381
13202 15521
13302 29617
13402 20918
13502 60489
13602 32590
13702 47611
13802 7624
13902 19080
14002 27748
14102 63291
14202 44337
14302 61350
14402 6353
14502 58107
14602 5335
14702 9857
14802 52861
14902 38333
15002 49603
15102 25438
15202 273
15302 42501
15402 22248
15502 50480
15602 39889
15702 54507
15802 28800
15902 15599
16002 6908
16102 54596
16202 34937
16302 11560
16402 38546
16502 41192
16602 56122
16702 62901
16802 27598
16902 15744
17002 6492
17102 34108
17202 37315
17302 53077
17402 38742
17502 37581
17602 12818
17702 44425
17802 51903
17902 62831
18002 9981
18102 47029
18202 20991
18302 8292
18402 17128
18502 57277
18602 35458
18702 50014
18802 246
18902 4822
19002 26656
19102 61976
19202 28318
19302 21341
19402 60325
19502 27899
19602 42087
19702 11672
19802 12394
19902 24905
20002 39781
20102 56614
20202 51166
20302 25151
20402 45751
20502 58179
20602 46622
20702 36622
20802 34324
20902 56091
21002 55187
21102 33045
21202 40311
21302 56778
21402 33841
21502 39997
21602 15731
21702 21346
21802 24705
21902 38710
22002 23809
22102 36893
22202 44314
22302 51047
22402 12789
22502 7418
22602 4959
22702 53954
22802 24103
22902 37980
23002 63117
23102 11837
23202 55855
23302 56583
23402 45614
23502 34782
23602 14986
23702 19952
23802 36424
23902 14625
24002 58620
24102 14127
24202 44553
24302 34384
24402 41896
24502 64865
24602 53414
24702 27335
24802 28086
24902 36392
25002 45518
25102 50819
25202 13828
25302 10309
25402 30834
25502 5820
25602 9494
25702 42542
25802 56787
25902 64159
26002 36651
26102 7737
26202 15831
26302 44240
26402 52380
26502 1924
26602 38319
26702 52473
26802 14248
26902 52794
27002 29734
27102 11479
27202 2053
27302 11437
27402 52617
27502 31021
27602 14789
27702 41780
27802 49662
27902 30261
28002 59899
28102 18465
28202 62496
28302 3120
28402 43062
28502 63840
28602 26106
28702 52266
28802 41277
28902 1172
29002 36615
29102 7277
29202 3042
29302 31795
29402 61722
29502 51493
29602 61118
29702 48336
29802 4858
29902 3023
30002 26153
30102 24954
30202 23649
30302 42465
30402 28771
30502 2746
30602 17628
30702 31740
30802 47813
30902 42873
31002 29940
31102 29110
31202 59621
31302 25131
31402 11713
31502 39946
31602 6631
31702 13459
31802 25919
31902 51475
32002 42059
32102 40848
32202 17825
32302 52752
32402 61471
32502 61201
32602 29275
32702 6505
32802 180
32902 57581
33002 58704
33102 26766
33202 32858
33302 48420
33402 33261
33502 13861
33602 41830
33702 2765
33802 36336
33902 1977
34002 53331
34102 56564
34202 22031
34302 43800
34402 5044
34502 4984
34602 28509
34702 15462
34802 17644
34902 20690
35002 21388
35102 37735
35202 25245
35302 63892
35402 1257
35502 60450
35602 35387
35702 33598
35802 64084
35902 37325
36002 63140
36102 12904
36202 18137
36302 46308
36402 61138
36502 42655
36602 21075
36702 44058
36802 10600
36902 50197
37002 50267
37102 60531
37202 31360
37302 5980
37402 57596
37502 19348
37602 45457
37702 39188
37802 64192
37902 57713
38002 35330
38102 14961
38202 25816
38302 28232
38402 5880
38502 28641
38602 53658
38702 43689
38802 25192
38902 16389
39002 12522
39102 49230
39202 51363
39302 51735
39402 46855
39502 35465
39602 792
39702 58784
39802 32032
39902 15274
40002 61505
40102 64168
40202 45521
40302 46432
40402 5276
40502 6807
40602 51177
40702 37623
40802 45664
40902 53563
41002 32103
41102 48684
41202 64267
41302 25520
41402 23000
41502 21817
41602 14293
41702 18598
41802 47347
41902 40391
42002 13515
42102 59464
42202 9430
42302 33067
42402 20359
42502 65388
42602 64532
42702 19956
42802 37091
42902 14324
43002 35738
43102 12121
43202 3806
43302 19575
43402 9698
43502 23957
43602 33339
43702 47059
43802 47819
43902 1606
44002 52753
44102 52805
44202 64466
44302 38694
44402 27716
44502 17375
44602 5052
44702 46853
44802 15665
44902 4694
45002 56750
45102 49691
45202 10468
45302 35698
45402 41191
45502 3096
45602 40147
45702 3720
45802 22006
45902 65480
46002 54647
46102 30581
46202 43699
46302 3408
46402 25580
46502 53483
46602 4955
46702 45961
46802 59110
46902 55394
47002 18629
47102 48405
47202 33212
47302 47996
47402 55158
47502 31413
47602 51476
47702 55185
47802 29157
47902 4936
48002 32666
48102 21424
48202 9309
48302 45000
48402 56203
48502 28466
48602 8201
48702 7185
48802 25468
48902 4573
49002 11547
49102 20785
49202 58570
49302 54784
49402 8333
49502 42111
49602 44675
49702 11314
49802 56705
49902 34024
50002 34704
50102 33213
50202 5588
50302 33654
50402 14654
50502 5375
50602 42751
50702 48763
50802 40663
50902 30204
51002 43635
51102 61040
51202 25450
51302 39508
51402 39589
51502 48764
51602 19403
51702 36370
51802 61443
51902 19094
52002 59577
52102 946
52202 1071
52302 4257
52402 2854
52502 33460
52602 42973
52702 44813
52802 3595
52902 38573
53002 40565
53102 23128
53202 8894
53302 16852
53402 23379
53502 5603
53602 753
53702 49980
53802 49010
53902 32779
54002 46659
54102 27872
54202 37451
54302 9903
54402 32591
54502 36077
54602 30892
54702 27939
54802 50550
54902 54955
55002 37102
55102 16670
55202 47339
55302 11302
55402 38358
55502 46302
55602 57666
55702 37542
55802 28153
55902 25403
56002 61378
56102 58104
56202 4709
56302 59116
56402 21724
56502 27746
56602 46658
56702 5247
56802 21409
56902 56150
57002 62844
57102 44990
57202 35432
57302 61404
57402 21681
57502 14344
57602 55060
57702 37051
57802 46645
57902 28663
58002 50665
58102 44780
58202 42525
58302 51559
58402 19033
58502 62819
58602 60372
58702 24437
58802 35801
58902 19721
59002 9244
59102 35036
59202 20757
59302 10684
59402 10083
59502 50233
59602 27084
59702 49618
59802 44790
59902 40335
60002 18985
60102 22190
60202 45434
60302 24520
60402 64491
60502 3475
60602 7149
60702 13024
60802 9991
60902 31424
61002 62322
61102 12580
61202 10033
61302 59551
61402 47865
61502 35875
61602 40623
61702 29320
61802 25249
61902 18968
62002 63581
62102 14376
62202 25021
62302 28152
62402 54949
62502 5130
62602 51000
62702 63717
62802 25100
62902 64948
63002 254
63102 10966
63202 16209
63302 46465
63402 16937
63502 8488
63602 54806
63702 31228
63802 6343
63902 7974
64002 5535
64102 2648
64202 8741
64302 50187
64402 58542
64502 10953
64602 33358
64702 58920
64802 31833
64902 61124
65002 33249
65102 1566
65202 26625
65302 49214
65402 13665
65502 2959
65602 46899
65702 10114
65802 6794
65902 16003
66002 12507
66102 51780
66202 11429
66302 10119
66402 52320
66502 31378
66602 60475
66702 14583
66802 56744
66902 34962
67002 63953
67102 31538
67202 47581
67302 46482
67402 44319
67502 62283
67602 467
67702 31957
67802 1680
67902 7038
68002 48822
68102 25326
68202 15446
68302 37101
68402 33921
68502 3463
68602 47658
68702 26649
68802 24081
68902 62854
69002 53891
69102 40432
69202 1225
69302 14492
69402 10136
69502 8117
69602 45093
69702 47792
69802 34030
69902 52749
70002 42163
70102 40156
70202 782
70302 4077
70402 48143
70502 13518
70602 52963
70702 48014
70802 19891
70902 28013
71002 1557
71102 34024
71202 20436
71302 34950
71402 33067
71502 35460
71602 23621
71702 36716
71802 19250
71902 26369
72002 54130
72102 47445
72202 60480
72302 24780
72402 56832
72502 10720
72602 22118
72702 51070
72802 2750
72902 5374
73002 18840
73102 54515
73202 25473
73302 27603
73402 48309
73502 6462
73602 54694
73702 37691
73802 21984
73902 48600
74002 36890
74102 57802
74202 3988
74302 45597
74402 14918
74502 31380
74602 6156
74702 47195
74802 23272
74902 38436
75002 41932
75102 30174
75202 25337
75302 60512
75402 21706
75502 10359
75602 25659
75702 25912
75802 61632
75902 23885
76002 61991
76102 26196
76202 11091
76302 60155
76402 53054
76502 1834
76602 51569
76702 46124
76802 2959
76902 50563
77002 55875
77102 27590
77202 1219
77302 5840
77402 31870
77502 8666
77602 37471
77702 55843
77802 56395
77902 40102
78002 1268
78102 33042
78202 38849
78302 48779
78402 5770
78502 43567
78602 18689
78702 23898
78802 23747
78902 51687
79002 52175
79102 55486
79202 31004
79302 4233
79402 28455
79502 57592
79602 58076
79702 5637
79802 43599
79902 64456
80002 42966
80102 24674
80202 22600
80302 20449
80402 47503
80502 46919
80602 28967
80702 30741
80802 30476
80902 5241
81002 40923
81102 46375
81202 17477
81302 58922
81402 56916
81502 57555
81602 22278
81702 18053
81802 3605
81902 13270
82002 3931
82102 53328
82202 38258
82302 40885
82402 62825
82502 35477
82602 21629
82702 39208
82802 23011
82902 39774
83002 52848
83102 38388
83202 38014
83302 674
83402 3511
83502 19164
83602 64360
83702 37661
83802 51410
83902 12110
84002 45664
84102 5305
84202 46047
84302 41750
84402 47224
84502 64079
84602 56112
84702 32057
84802 1247
84902 49337
85002 65195
85102 48440
85202 35957
85302 20409
85402 15587
85502 21897
85602 51386
85702 8240
85802 39431
85902 19971
86002 9400
86102 3399
86202 65532
86302 15313
86402 52957
86502 26365
86602 45631
86702 12860
86802 40605
86902 38431
87002 65402
87102 12615
87202 35977
87302 41589
87402 12267
87502 36643
87602 44498
87702 5447
87802 48609
87902 32517
88002 33882
88102 50983
88202 1903
88302 28299
88402 32086
88502 54739
88602 41814
88702 41454
88802 11069
88902 43648
89002 47169
89102 23467
89202 60203
89302 2667
89402 59469
89502 48733
89602 44560
89702 61727
89802 61922
89902 33105
90002 25064
90102 9939
90202 59889
