102 49460
202 25965
302 28818
402 46468
502 26810
602 54518
702 26392
802 63184
902 29489
1002 12372
1102 30267
1202 27557
1302 17668
1402 12753
1502 54547
1602 45415
1702 59129
1802 16217
1902 34494
2002 28117
2102 43802
2202 40329
2302 2273
2402 23734
2502 38719
2602 49593
2702 55257
2802 60512
2902 29515
3002 42852
3102 30471
3202 41742
3302 43903
3402 5252
3502 34753
3602 10370
3702 23295
3802 4893
3902 12755
4002 65439
4102 23433
4202 31808
4302 52161
4402 21188
4502 2365
4602 15538
4702 53641
4802 37728
4902 61562
5002 37426
5102 63349
5202 32044
5302 19204
5402 56185
5502 20043
5602 55311
5702 30462
5802 39804
5902 4607
6002 41204
6102 34866
6202 52080
6302 14756
6402 49549
6502 9458
6602 18013
6702 4671
6802 24164
6902 11505
7002 41330
7102 4277
7202 6398
7302 4995
7402 15558
7502 42244
7602 18974
7702 60330
7802 39943
7902 9662
8002 32058
8102 11308
8202 9990
8302 36629
8402 61430
8502 40189
8602 26834
8702 35235
8802 3121
8902 15472
9002 34894
9102 3667
9202 16804
9302 51272
9402 47482
9502 41562
9602 59515
9702 64262
9802 15145
9902 44963
10002 39906
10102 18951
10202 58051
10302 51763
10402 53238
10502 63020
10602 43392
10702 47925
10802 43370
10902 32066
11002 62535
11102 31323
11202 12124
11302 52142
11402 53722
11502 64768
11602 56129
11702 44280
11802 1683
11902 22671
12002 35488
12102 57848
12202 58461
12302 7042
12402 53988
12502 46866
12602 3032
12702 56470
12802 52506
12902 8022
13002 58332
13102 50076
13202 42960
13302 37087
13402 36998
13502 62734
13602 31982
13702 35704
13802 23258
13902 40904
14002 15080
14102 16796
14202 62870
14302 16091
14402 38663
14502 462
14602 46678
14702 58978
14802 12755
14902 58923
15002 20097
15102 33552
15202 7425
15302 32799
15402 63783
15502 16304
15602 60129
15702 6428
15802 41409
15902 38892
16002 40966
16102 10532
16202 49910
16302 3644
16402 26449
16502 3335
16602 63967
16702 26312
16802 31864
16902 57676
17002 39470
17102 6741
17202 38765
17302 40705
17402 38798
17502 39543
17602 49403
17702 31786
17802 49265
17902 42312
18002 11149
18102 40860
18202 10342
18302 36600
18402 1449
18502 53039
18602 39426
18702 52638
18802 55784
18902 32697
19002 30636
19102 22746
19202 42326
19302 25443
19402 58265
19502 43917
19602 26738
19702 33008
19802 43250
19902 58561
20002 789
20102 24400
20202 44341
20302 3377
20402 54801
20502 43286
20602 59300
20702 18740
20802 58704
20902 55690
21002 38550
21102 54561
21202 13991
21302 29573
21402 42341
21502 32269
21602 37647
21702 28784
21802 4574
21902 3608
22002 7862
22102 1379
22202 1712
22302 47944
22402 57867
22502 5804
22602 25682
22702 10280
22802 21462
22902 3560
23002 62136
23102 30479
23202 13434
23302 15201
23402 44361
23502 29925
23602 5644
23702 6500
23802 4714
23902 2821
24002 45878
24102 18415
24202 11183
24302 17120
24402 57285
24502 41202
24602 33091
24702 14120
24802 41207
24902 60052
25002 60275
25102 5807
25202 62350
25302 58716
25402 44298
25502 64960
25602 20697
25702 4511
25802 29201
25902 64984
26002 61988
26102 27302
26202 53223
26302 43469
26402 54514
26502 49076
26602 49983
26702 64561
26802 762
26902 49175
27002 44761
27102 17441
27202 49605
27302 14801
27402 19900
27502 14812
27602 52513
27702 4202
27802 46420
27902 11205
28002 28343
28102 13828
28202 45946
28302 53608
28402 10983
28502 3480
28602 49238
28702 31384
28802 49752
28902 33039
29002 56150
29102 43085
29202 8893
29302 1917
29402 9714
29502 16811
29602 19308
29702 60789
29802 58278
29902 13347
30002 37110
30102 17083
30202 52992
30302 33237
30402 37956
30502 7638
30602 52688
30702 47385
30802 20556
30902 3438
31002 59610
31102 18521
31202 8262
31302 42850
31402 38067
31502 6577
31602 31470
31702 22994
31802 38667
31902 20140
32002 9884
32102 41061
32202 7658
32302 43987
32402 45119
32502 44608
32602 3339
32702 56149
32802 37522
32902 10287
33002 40315
33102 41414
33202 34975
33302 62513
33402 25720
33502 46821
33602 51893
33702 27620
33802 37867
33902 38943
34002 59361
34102 50323
34202 21306
34302 57364
34402 44951
34502 28205
34602 51446
34702 43792
34802 45934
34902 59129
35002 19697
35102 35918
35202 54225
35302 58648
35402 7509
35502 45626
35602 10403
35702 39629
35802 64324
35902 62142
36002 57649
36102 64129
36202 33170
36302 1478
36402 41508
36502 5618
36602 8495
36702 29857
36802 58444
36902 1088
37002 7691
37102 13713
37202 48798
37302 22953
37402 25947
37502 56503
37602 56675
37702 27512
37802 43941
37902 12230
38002 10335
38102 57583
38202 30157
38302 27121
38402 55715
38502 12184
38602 11116
38702 48011
38802 4199
38902 59913
39002 27873
39102 25382
39202 8319
39302 13013
39402 65321
39502 52272
39602 45343
39702 19258
39802 5272
39902 34697
40002 12907
40102 59289
40202 52111
40302 41188
40402 57483
40502 35170
40602 44851
40702 64127
40802 12253
40902 1519
41002 34390
41102 55987
41202 16104
41302 61972
41402 7213
41502 47017
41602 40499
41702 39429
41802 62659
41902 41201
42002 16299
42102 16473
42202 54034
42302 46981
42402 15468
42502 22915
42602 34146
42702 7906
42802 7996
42902 64839
43002 52202
43102 63790
43202 51196
43302 55440
43402 24301
43502 46911
43602 47341
43702 54668
43802 13865
43902 44839
44002 6965
44102 44181
44202 52209
44302 25531
44402 1297
44502 10630
44602 7901
44702 61743
44802 11344
44902 27238
45002 28975
45102 33056
45202 24876
45302 38277
45402 37248
45502 44508
45602 11382
45702 10712
45802 20587
45902 13232
46002 42191
46102 59814
46202 42123
46302 57733
46402 2698
46502 47493
46602 18370
46702 23017
46802 59665
46902 20233
47002 34827
47102 12159
47202 38965
47302 52464
47402 61346
47502 17188
47602 50507
47702 9170
47802 6705
47902 34397
48002 2467
48102 28040
48202 29051
48302 59768
48402 12601
48502 37951
48602 42241
48702 33228
48802 23684
48902 26938
49002 34347
49102 50213
49202 8500
49302 43634
49402 3729
49502 11286
49602 51142
49702 657
49802 43017
49902 7688
50002 4050
50102 59465
50202 57155
50302 23208
50402 38114
50502 30826
50602 11684
50702 40789
50802 6234
50902 26119
51002 6436
51102 5671
51202 43905
51302 41251
51402 42497
51502 13539
51602 14553
51702 31531
51802 6580
51902 28012
52002 29153
52102 27108
52202 32291
52302 4097
52402 25759
52502 41146
52602 45622
52702 14655
52802 20765
52902 46394
53002 28390
53102 14018
53202 54633
53302 40500
53402 28682
53502 47485
53602 58096
53702 17288
53802 27585
53902 37454
54002 20769
54102 57215
54202 29022
54302 39531
54402 56972
54502 20189
54602 1478
54702 50861
54802 17627
54902 36147
55002 60183
55102 40040
55202 55145
55302 14304
55402 64713
55502 33870
55602 17142
55702 18553
55802 21930
55902 41187
56002 1582
56102 38110
56202 23675
56302 15455
56402 19292
56502 38828
56602 42793
56702 59964
56802 4696
56902 6915
57002 6416
57102 4286
57202 9846
57302 39609
57402 4583
57502 22944
57602 9038
57702 46994
57802 38397
57902 18566
58002 40729
58102 35299
58202 17833
58302 47764
58402 62888
58502 51051
58602 24208
58702 19243
58802 42194
58902 36595
59002 38551
59102 22880
59202 40927
59302 47333
59402 59348
59502 61474
59602 1701
59702 11019
59802 1340
59902 8210
60002 8505
60102 57810
60202 42853
60302 9860
60402 18757
60502 51327
60602 2199
60702 63003
60802 53145
60902 44568
61002 6594
61102 10946
61202 47807
61302 33640
61402 47068
61502 58112
61602 38708
61702 482
61802 9168
61902 59193
62002 24042
62102 38868
62202 30974
62302 10449
62402 14675
62502 50236
62602 64263
62702 3970
62802 35881
62902 33010
63002 62673
63102 29669
63202 20890
63302 583
63402 46935
63502 44760
63602 31006
63702 1976
63802 65095
63902 50486
64002 4221
64102 61110
64202 61788
64302 60024
64402 27087
64502 155
64602 3168
64702 23769
64802 47332
64902 57914
65002 23438
65102 22508
65202 53673
65302 57907
65402 31793
65502 10942
65602 39175
65702 32709
65802 57963
65902 29305
66002 16849
66102 54710
66202 6251
66302 4103
66402 18885
66502 1284
66602 41854
66702 42713
66802 63110
66902 57662
67002 48413
67102 61261
67202 5634
67302 22327
67402 33362
67502 36954
67602 53784
67702 3849
67802 3152
67902 23907
68002 56404
68102 22505
68202 54204
68302 3176
68402 55541
68502 36106
68602 20935
68702 34464
68802 43381
68902 17385
69002 62579
69102 53289
69202 50777
69302 60228
69402 5706
69502 2290
69602 40470
69702 39918
69802 41212
69902 47938
70002 31565
70102 33490
70202 8736
70302 7262
70402 42770
70502 25883
70602 44307
70702 28905
70802 59674
70902 15267
71002 1410
71102 46840
71202 52100
71302 7721
71402 64212
71502 34032
71602 39950
71702 55281
71802 6795
71902 17595
72002 19421
72102 29911
72202 22305
72302 60699
72402 38693
72502 59183
72602 27001
72702 57169
72802 2892
72902 35978
73002 61538
73102 52051
73202 31293
73302 9944
73402 22468
73502 36802
73602 25071
73702 43452
73802 23696
73902 24538
74002 42511
74102 53270
74202 26626
74302 34273
74402 24087
74502 779
74602 46366
74702 45984
74802 19728
74902 37508
75002 36617
75102 25679
75202 4855
75302 31927
75402 48779
75502 34792
75602 38216
75702 54666
75802 15623
75902 46024
76002 35104
76102 64490
76202 26560
76302 50469
76402 7826
76502 25187
76602 39307
76702 21387
76802 60630
76902 27823
77002 45421
77102 30402
77202 16264
77302 3313
77402 38140
77502 25668
77602 19844
77702 14570
77802 32639
77902 4090
78002 22727
78102 513
78202 4832
78302 43591
78402 33413
78502 15040
78602 58130
78702 2436
78802 44895
78902 35682
79002 15847
79102 37401
79202 16584
79302 50320
79402 58259
79502 43473
79602 49723
79702 22429
79802 193
79902 30751
80002 41450
80102 7178
80202 37776
80302 10591
80402 42127
80502 22561
80602 49868
80702 42992
80802 17320
80902 14081
81002 48372
81102 29655
81202 21091
81302 39542
81402 34093
81502 44288
81602 39316
81702 18072
81802 21566
81902 7987
82002 59362
82102 63204
82202 16510
82302 6517
82402 34644
82502 32597
82602 58390
82702 37625
82802 56537
82902 8990
83002 63185
83102 7291
83202 11034
83302 35734
83402 59428
83502 33200
83602 27800
83702 21574
83802 41761
83902 12534
84002 47506
84102 54828
84202 16393
84302 32909
84402 19038
84502 47935
84602 11891
84702 42145
84802 31912
84902 62837
85002 26697
85102 54900
85202 42329
85302 7044
85402 3847
85502 24147
85602 38048
85702 27264
85802 6364
85902 65380
86002 49721
86102 1751
86202 54862
86302 2435
86402 3917
86502 45099
86602 21485
86702 9655
86802 42657
86902 56884
87002 26793
87102 41243
87202 50272
87302 64146
87402 60173
87502 28526
87602 3208
87702 23979
87802 56869
87902 36501
88002 15993
88102 65387
88202 27611
88302 23961
88402 14771
88502 41002
88602 1407
88702 10210
88802 28431
88902 44262
89002 9936
89102 24861
89202 29225
89302 5459
89402 15318
89502 47478
89602 31134
89702 13460
89802 21147
89902 32681
90002 56413
90102 42897
90202 51939
