102 18448
202 12895
302 50980
402 46215
502 20753
602 3105
702 9018
802 3057
902 32275
1002 15729
1102 59807
1202 31011
1302 40838
1402 20102
1502 37778
1602 10558
1702 41237
1802 50149
1902 41735
2002 29897
2102 26369
2202 5103
2302 13888
2402 46186
2502 14597
2602 43123
2702 26517
2802 61792
2902 53824
3002 58952
3102 545
3202 60150
3302 51548
3402 24975
3502 60421
3602 34321
3702 10142
3802 37593
3902 36606
4002 49869
4102 13299
4202 31670
4302 32937
4402 19085
4502 29853
4602 38322
4702 31899
4802 44268
4902 35050
5002 41911
5102 52174
5202 24940
5302 48750
5402 53730
5502 15292
5602 48060
5702 25732
5802 34341
5902 63035
6002 65074
6102 15274
6202 18964
6302 7233
6402 51574
6502 32331
6602 44763
6702 40473
6802 8997
6902 61209
7002 50432
7102 40640
7202 3212
7302 58789
7402 21764
7502 2148
7602 15669
7702 38074
7802 25831
7902 12503
8002 36469
8102 10475
8202 2060
8302 62697
8402 35337
8502 31357
8602 21050
8702 34094
8802 19089
8902 29784
9002 60967
9102 62186
9202 14849
9302 13745
9402 38378
9502 7740
9602 42615
9702 22078
9802 32772
9902 3853
10002 15379
10102 53063
10202 14055
10302 24088
10402 3634
10502 4828
10602 50311
10702 62087
10802 20757
10902 4607
11002 34575
11102 29125
11202 22032
11302 44523
11402 57352
11502 43733
11602 6782
11702 24397
11802 12165
11902 54693
12002 52046
12102 19330
12202 58068
12302 63052
12402 54893
12502 40520
12602 18279
12702 50710
12802 53475
12902 22719
13002 52901
13102 7687
13202 52004
13302 15810
13402 46632
13502 34413
13602 64030
13702 45433
13802 8105
13902 36220
14002 9315
14102 46393
14202 30284
14302 6045
14402 36790
14502 45001
14602 54712
14702 23576
14802 18584
14902 38028
15002 12859
15102 47761
15202 46861
15302 31071
15402 10586
15502 63503
15602 11202
15702 40899
15802 40975
15902 6675
16002 54070
16102 52674
16202 34666
16302 5812
16402 47256
16502 30740
16602 29426
16702 48610
16802 47458
16902 23413
17002 63585
17102 58857
17202 23889
17302 16145
17402 9136
17502 4939
17602 9574
17702 8710
17802 22210
17902 40897
18002 49838
18102 32808
18202 43711
18302 59298
18402 11374
18502 21886
18602 35101
18702 8174
18802 40801
18902 4898
19002 46011
19102 63610
19202 539
19302 42179
19402 46727
19502 43039
19602 60452
19702 27868
19802 25843
19902 24245
20002 27208
20102 25824
20202 2809
20302 21240
20402 3981
20502 37921
20602 58990
20702 44500
20802 56074
20902 30366
21002 28304
21102 33929
21202 20032
21302 60636
21402 11848
21502 7512
21602 11511
21702 26860
21802 42863
21902 61733
22002 33588
22102 7356
22202 29378
22302 28339
22402 60740
22502 60269
22602 37710
22702 27882
22802 5490
22902 27890
23002 453
23102 52471
23202 19880
23302 1485
23402 47661
23502 29530
23602 2808
23702 59467
23802 27661
23902 65170
24002 53420
24102 6301
24202 30073
24302 29647
24402 60163
24502 38291
24602 8974
24702 36360
24802 36083
24902 32057
25002 41685
25102 21159
25202 37922
25302 26863
25402 25725
25502 65319
25602 36079
25702 11503
25802 7472
25902 35253
26002 64094
26102 50669
26202 29190
26302 54516
26402 46415
26502 5221
26602 20964
26702 46574
26802 45719
26902 44837
27002 13633
27102 37409
27202 39397
27302 29734
27402 50720
27502 25693
27602 10389
27702 22977
27802 17991
27902 47263
28002 29774
28102 23333
28202 9414
28302 21455
28402 63721
28502 44577
28602 39443
28702 22746
28802 42658
28902 34268
29002 37681
29102 48976
29202 15806
29302 37269
29402 19057
29502 61625
29602 35062
29702 4259
29802 63599
29902 54793
30002 30594
30102 61208
30202 39587
30302 56422
30402 3660
30502 30582
30602 48446
30702 12226
30802 6076
30902 33344
31002 2151
31102 59854
31202 24982
31302 11062
31402 52391
31502 10945
31602 45352
31702 12797
31802 42447
31902 33146
32002 64247
32102 56179
32202 17109
32302 33913
32402 52778
32502 48011
32602 6188
32702 6775
32802 43735
32902 2131
33002 27611
33102 11611
33202 50796
33302 47276
33402 15927
33502 15315
33602 15526
33702 42410
33802 38192
33902 34576
34002 44748
34102 64647
34202 24420
34302 35083
34402 39398
34502 6579
34602 46843
34702 28576
34802 31627
34902 24483
35002 52814
35102 61363
35202 7256
35302 46274
35402 21959
35502 58836
35602 2249
35702 58303
35802 6720
35902 38610
36002 59726
36102 12307
36202 3857
36302 57402
36402 69
36502 55931
36602 58725
36702 64376
36802 22227
36902 15315
37002 30285
37102 27751
37202 44790
37302 19778
37402 36069
37502 41798
37602 61353
37702 6205
37802 41471
37902 39387
38002 44247
38102 51060
38202 36671
38302 18646
38402 42400
38502 60783
38602 1798
38702 25486
38802 44761
38902 32298
39002 16195
39102 30684
39202 33005
39302 33778
39402 25860
39502 31357
39602 5512
39702 21353
39802 53911
39902 21748
40002 44401
40102 8313
40202 23728
40302 11650
40402 30232
40502 21198
40602 25559
40702 9908
40802 43885
40902 36491
41002 20613
41102 17051
41202 22914
41302 54933
41402 28574
41502 40852
41602 5104
41702 57050
41802 17273
41902 5808
42002 19343
42102 48013
42202 15491
42302 7088
42402 8795
42502 12581
42602 64400
42702 45245
42802 54148
42902 29823
43002 60425
43102 48102
43202 3248
43302 64613
43402 45448
43502 55987
43602 15906
43702 24435
43802 32646
43902 22008
44002 1687
44102 38639
44202 40499
44302 1561
44402 29096
44502 26518
44602 31404
44702 64006
44802 38510
44902 15702
45002 44959
45102 16675
45202 56291
45302 1684
45402 49966
45502 886
45602 11011
45702 25412
45802 51564
45902 36562
46002 46332
46102 2998
46202 5477
46302 44972
46402 22878
46502 26575
46602 27922
46702 14820
46802 2206
46902 24316
47002 16881
47102 54074
47202 50497
47302 33928
47402 60037
47502 28065
47602 6153
47702 63152
47802 39566
47902 15791
48002 28598
48102 45175
48202 37182
48302 21303
48402 37773
48502 54312
48602 57259
48702 61030
48802 37789
48902 38308
49002 17143
49102 18465
49202 35070
49302 48756
49402 42932
49502 19652
49602 17248
49702 5938
49802 57653
49902 37644
50002 41517
50102 58687
50202 33768
50302 46448
50402 46970
50502 17680
50602 64005
50702 63664
50802 5218
50902 21222
51002 19743
51102 6851
51202 38431
51302 28877
51402 45529
51502 42165
51602 3949
51702 42003
51802 18948
51902 19627
52002 56499
52102 44682
52202 8910
52302 16505
52402 34606
52502 1545
52602 19173
52702 22615
52802 38133
52902 13289
53002 44881
53102 18936
53202 32305
53302 61297
53402 63226
53502 47219
53602 8329
53702 14377
53802 41118
53902 57271
54002 18623
54102 36010
54202 13056
54302 19202
54402 51695
54502 13782
54602 53208
54702 55355
54802 14397
54902 1398
55002 47751
55102 53702
55202 15879
55302 46902
55402 11128
55502 61354
55602 32480
55702 3635
55802 36183
55902 2088
56002 51320
56102 61482
56202 8658
56302 57504
56402 31029
56502 63518
56602 30558
56702 37738
56802 18753
56902 21162
57002 27059
57102 45893
57202 7955
57302 52253
57402 52150
57502 36660
57602 17982
57702 64907
57802 36383
57902 51867
58002 13404
58102 42558
58202 45793
58302 3622
58402 33124
58502 16660
58602 46707
58702 17848
58802 14283
58902 17202
59002 18824
59102 64378
59202 56224
59302 60809
59402 375
59502 6210
59602 30446
59702 14298
59802 2895
59902 21080
60002 20878
60102 2201
60202 63455
60302 51785
60402 38073
60502 62280
60602 55080
60702 26084
60802 34744
60902 39386
61002 17378
61102 8230
61202 14039
61302 58456
61402 40651
61502 4533
61602 39143
61702 35637
61802 62492
61902 29355
62002 30858
62102 2561
62202 15545
62302 44497
62402 47048
62502 62422
62602 24656
62702 3652
62802 6486
62902 21865
63002 38499
63102 62185
63202 60928
63302 27329
63402 33290
63502 23611
63602 2652
63702 40175
63802 56989
63902 56263
64002 63573
64102 14148
64202 40430
64302 8087
64402 37339
64502 22064
64602 54925
64702 2590
64802 22362
64902 17054
65002 1411
65102 31492
65202 21787
65302 45224
65402 18050
65502 41230
65602 179
65702 22056
65802 3603
65902 46446
66002 34727
66102 53198
66202 2718
66302 12877
66402 20282
66502 54716
66602 46814
66702 59040
66802 5514
66902 10656
67002 968
67102 19806
67202 27067
67302 37292
67402 59850
67502 30873
67602 55180
67702 53523
67802 43427
67902 52744
68002 51878
68102 6795
68202 47013
68302 4413
68402 59114
68502 33994
68602 789
68702 21826
68802 5741
68902 47736
69002 22964
69102 65473
69202 19211
69302 49526
69402 19887
69502 53842
69602 47913
69702 44870
69802 54468
69902 30769
70002 61499
70102 5684
70202 41047
70302 56170
70402 46682
70502 37798
70602 32276
70702 17706
70802 18229
70902 57753
71002 21806
71102 10596
71202 20879
71302 15700
71402 33330
71502 18238
71602 63554
71702 51592
71802 28527
71902 52727
72002 47231
72102 41416
72202 50755
72302 29480
72402 40084
72502 57725
72602 39352
72702 36785
72802 11917
72902 18093
73002 63939
73102 3906
73202 49924
73302 41646
73402 20222
73502 32724
73602 38892
73702 3768
73802 20190
73902 51011
74002 10945
74102 27654
74202 50118
74302 36707
74402 47902
74502 15453
74602 55195
74702 9479
74802 29981
74902 22330
75002 57382
75102 8509
75202 33279
75302 60546
75402 14171
75502 62069
75602 48076
75702 21223
75802 38206
75902 40828
76002 41972
76102 32239
76202 1648
76302 39437
76402 25423
76502 8031
76602 55978
76702 56593
76802 61143
76902 50600
77002 45583
77102 46422
77202 5544
77302 14194
77402 33906
77502 30206
77602 704
77702 47140
77802 39577
77902 26021
78002 24628
78102 6879
78202 37375
78302 45408
78402 62929
78502 6627
78602 62491
78702 41548
78802 3387
78902 5216
79002 42
79102 49235
79202 55816
79302 12909
79402 27245
79502 50864
79602 49626
79702 55343
79802 63683
79902 60299
80002 16983
80102 64137
80202 32939
80302 59286
80402 43897
80502 23881
80602 11481
80702 23080
80802 7977
80902 18259
81002 31083
81102 35304
81202 37949
81302 37824
81402 34677
81502 33122
81602 26770
81702 27989
81802 52197
81902 34921
82002 9709
82102 44727
82202 37738
82302 6322
82402 7061
82502 31911
82602 65333
82702 62705
82802 7076
82902 17317
83002 11218
83102 64267
83202 39212
83302 61905
83402 36419
83502 4754
83602 13875
83702 54206
83802 9935
83902 53959
84002 48733
84102 33781
84202 48841
84302 42570
84402 13070
84502 42550
84602 2723
84702 33610
84802 8097
84902 29519
85002 31194
85102 51298
85202 38371
85302 42732
85402 15851
85502 51128
85602 3365
85702 48678
85802 7781
85902 43976
86002 46038
86102 34073
86202 48205
86302 29690
86402 8220
86502 8310
86602 47943
86702 63048
86802 29039
86902 32308
87002 23755
87102 13268
87202 31836
87302 18626
87402 21283
87502 32287
87602 31602
87702 50427
87802 11426
87902 57934
88002 13653
88102 61145
88202 32177
88302 13755
88402 59000
88502 41998
88602 1043
88702 49341
88802 56832
88902 23840
89002 26273
89102 1211
89202 38958
89302 25689
89402 20798
89502 44022
89602 350
89702 2000
89802 48874
89902 31502
90002 23215
90102 32309
