102 39907
202 56558
302 7452
402 11087
502 26064
602 14977
702 22212
802 17973
902 13990
1002 46472
1102 47430
1202 25152
1302 64671
1402 61938
1502 49020
1602 29547
1702 43699
1802 38969
1902 26915
2002 63498
2102 64852
2202 62798
2302 56214
2402 41406
2502 40687
2602 19818
2702 58729
2802 54991
2902 64383
3002 32373
3102 18184
3202 38600
3302 55649
3402 1242
3502 52284
3602 16637
3702 23151
3802 41641
3902 3689
4002 5988
4102 6946
4202 53145
4302 58135
4402 17199
4502 34974
4602 62059
4702 31403
4802 10452
4902 34795
5002 19906
5102 31284
5202 32150
5302 3145
5402 19383
5502 572
5602 61921
5702 50422
5802 15969
5902 1391
6002 4275
6102 27835
6202 24652
6302 19756
6402 58190
6502 45901
6602 47407
6702 53519
6802 44507
6902 37062
7002 15057
7102 57047
7202 9538
7302 53670
7402 50602
7502 7443
7602 14413
7702 47759
7802 49585
7902 11598
8002 6484
8102 43539
8202 33575
8302 28266
8402 25441
8502 18230
8602 50671
8702 42565
8802 47063
8902 45296
9002 26979
9102 37460
9202 62871
9302 55130
9402 28267
9502 35366
9602 2414
9702 40514
9802 59079
9902 58635
10002 19259
10102 63863
10202 31119
10302 42034
10402 6964
10502 20634
10602 19973
10702 37219
10802 38814
10902 60430
11002 64174
11102 60829
11202 45791
11302 18562
11402 42781
11502 37841
11602 12869
11702 3585
11802 55302
11902 4479
12002 42514
12102 22609
12202 39328
12302 8988
12402 10198
12502 32613
12602 59494
12702 48933
12802 23728
12902 15227
13002 39233
13102 42560
13202 22058
13302 20767
13402 29252
13502 61748
13602 27765
13702 64131
13802 21887
13902 22219
14002 51018
14102 33172
14202 40683
14302 36256
14402 7550
14502 21027
14602 10826
14702 51505
14802 55807
14902 5858
15002 12677
15102 16796
15202 4609
15302 53805
15402 24752
15502 64164
15602 19860
15702 36558
15802 23837
15902 63617
16002 13557
16102 58107
16202 52812
16302 180
16402 4262
16502 45405
16602 50430
16702 62439
16802 6302
16902 62303
17002 48483
17102 7832
17202 62903
17302 36900
17402 18743
17502 49962
17602 56894
17702 608
17802 5292
17902 39765
18002 46299
18102 48173
18202 55797
18302 1437
18402 9263
18502 29581
18602 51069
18702 46364
18802 11016
18902 46793
19002 38509
19102 16706
19202 32706
19302 21496
19402 47511
19502 59480
19602 11041
19702 61386
19802 59515
19902 39519
20002 24716
20102 56447
20202 43029
20302 31404
20402 29537
20502 18058
20602 6071
20702 46000
20802 46190
20902 60565
21002 38867
21102 54206
21202 7262
21302 41030
21402 10056
21502 61195
21602 63288
21702 54412
21802 34404
21902 11148
22002 53720
22102 58739
22202 62358
22302 22952
22402 13192
22502 32976
22602 43874
22702 8682
22802 15953
22902 45215
23002 56370
23102 8640
23202 46089
23302 22324
23402 57538
23502 34080
23602 62501
23702 41345
23802 38704
23902 22640
24002 54917
24102 30374
24202 53704
24302 45758
24402 54579
24502 25632
24602 3029
24702 43245
24802 51492
24902 35728
25002 48385
25102 1988
25202 39760
25302 1852
25402 773
25502 29491
25602 64847
25702 11229
25802 55092
25902 53900
26002 23897
26102 56464
26202 7300
26302 56572
26402 15731
26502 55587
26602 63128
26702 26576
26802 12145
26902 9395
27002 61601
27102 2630
27202 15353
27302 7697
27402 12596
27502 46779
27602 57869
27702 53981
27802 43273
27902 48632
28002 22846
28102 58238
28202 15040
28302 54078
28402 40569
28502 35767
28602 52787
28702 54914
28802 33987
28902 12298
29002 28757
29102 47942
29202 58274
29302 27084
29402 19642
29502 8847
29602 6957
29702 54357
29802 28021
29902 26287
30002 14845
30102 739
30202 9973
30302 2875
30402 35600
30502 43003
30602 63651
30702 18784
30802 45987
30902 9029
31002 16064
31102 670
31202 40871
31302 2565
31402 36302
31502 58766
31602 51932
31702 22724
31802 10211
31902 15210
32002 1333
32102 36458
32202 1463
32302 24939
32402 39206
32502 39222
32602 38456
32702 61662
32802 36929
32902 57167
33002 40262
33102 61010
33202 39286
33302 20520
33402 7868
33502 58920
33602 25082
33702 59985
33802 6199
33902 25928
34002 51549
34102 56850
34202 58937
34302 31786
34402 39251
34502 48678
34602 39109
34702 58925
34802 58888
34902 37412
35002 21916
35102 18456
35202 64468
35302 37332
35402 30615
35502 16220
35602 3927
35702 11765
35802 24775
35902 113
36002 38558
36102 2689
36202 46288
36302 46579
36402 54560
36502 7762
36602 64738
36702 9589
36802 515
36902 28071
37002 5801
37102 28965
37202 52003
37302 44638
37402 48419
37502 60227
37602 42112
37702 43781
37802 17220
37902 55522
38002 7621
38102 46803
38202 44647
38302 47367
38402 18668
38502 32273
38602 59457
38702 36169
38802 35354
38902 28639
39002 32992
39102 34900
39202 6430
39302 18600
39402 46816
39502 60507
39602 41657
39702 30959
39802 16199
39902 64503
40002 17090
40102 41484
40202 28965
40302 48745
40402 28019
40502 10185
40602 48262
40702 11956
40802 62744
40902 8979
41002 19693
41102 33141
41202 28539
41302 25314
41402 26777
41502 607
41602 12946
41702 18787
41802 11170
41902 29612
42002 51155
42102 59150
42202 55099
42302 3876
42402 44187
42502 63153
42602 50314
42702 40240
42802 63925
42902 62264
43002 30163
43102 13143
43202 60851
43302 10094
43402 24423
43502 62306
43602 49118
43702 12382
43802 22787
43902 55320
44002 35772
44102 29591
44202 60139
44302 57643
44402 10654
44502 3812
44602 40252
44702 4557
44802 543
44902 36149
45002 41091
45102 38491
45202 35632
45302 46030
45402 19812
45502 36389
45602 44344
45702 20357
45802 31036
45902 28047
46002 58069
46102 19290
46202 42655
46302 21142
46402 32750
46502 35386
46602 52421
46702 11585
46802 23015
46902 17756
47002 25396
47102 16883
47202 35670
47302 62674
47402 56358
47502 1729
47602 62440
47702 3257
47802 40475
47902 63842
48002 61685
48102 21463
48202 13266
48302 42659
48402 45093
48502 48412
48602 52908
48702 57549
48802 58315
48902 63478
49002 19372
49102 53368
49202 8805
49302 34497
49402 57771
49502 29844
49602 9788
49702 42176
49802 4421
49902 31133
50002 49744
50102 22636
50202 50464
50302 61910
50402 36656
50502 48982
50602 44781
50702 35452
50802 10163
50902 5814
51002 61756
51102 43977
51202 17026
51302 27941
51402 11744
51502 46973
51602 11925
51702 2858
51802 48084
51902 39730
52002 8630
52102 19662
52202 62321
52302 418
52402 24492
52502 44425
52602 19376
52702 444
52802 25654
52902 59566
53002 32594
53102 3116
53202 14020
53302 22525
53402 50389
53502 48762
53602 43924
53702 14411
53802 42702
53902 40385
54002 58541
54102 48659
54202 10285
54302 50112
54402 36227
54502 19829
54602 37286
54702 53088
54802 63315
54902 9874
55002 39185
55102 11694
55202 9547
55302 64716
55402 61757
55502 34043
55602 48907
55702 40080
55802 42919
55902 28924
56002 57340
56102 875
56202 29944
56302 15647
56402 26656
56502 63139
56602 28356
56702 61354
56802 9551
56902 46965
57002 12147
57102 45047
57202 62012
57302 42839
57402 6827
57502 52918
57602 48790
57702 15070
57802 14999
57902 31395
58002 32466
58102 27255
58202 23558
58302 28337
58402 21413
58502 45988
58602 23912
58702 26273
58802 16291
58902 52593
59002 1208
59102 45671
59202 1494
59302 60136
59402 10405
59502 33962
59602 55048
59702 26078
59802 56585
59902 29900
60002 34932
60102 49917
60202 39144
60302 6768
60402 63287
60502 21605
60602 34292
60702 40550
60802 64880
60902 3857
61002 60177
61102 2974
61202 29503
61302 21409
61402 63909
61502 51520
61602 27743
61702 25722
61802 18387
61902 37875
62002 1895
62102 60375
62202 47508
62302 61555
62402 56527
62502 60172
62602 20175
62702 30068
62802 40823
62902 46890
63002 31883
63102 58309
63202 12547
63302 7958
63402 50081
63502 52973
63602 51614
63702 35530
63802 38466
63902 41765
64002 50974
64102 65216
64202 56047
64302 12180
64402 30041
64502 23285
64602 7379
64702 55409
64802 47523
64902 40830
65002 43228
65102 62679
65202 5810
65302 5310
65402 47326
65502 46080
65602 56943
65702 3559
65802 52224
65902 5406
66002 56456
66102 59143
66202 33226
66302 46845
66402 62211
66502 17326
66602 55230
66702 63751
66802 26315
66902 50095
67002 61734
67102 60015
67202 40899
67302 29326
67402 58257
67502 7186
67602 36750
67702 29757
67802 30808
67902 26342
68002 47425
68102 60427
68202 57979
68302 49292
68402 44695
68502 32980
68602 16339
68702 4391
68802 5357
68902 63193
69002 35105
69102 27851
69202 11463
69302 52295
69402 24541
69502 31288
69602 22566
69702 47353
69802 11361
69902 20214
70002 47123
70102 51487
70202 16254
70302 18554
70402 23264
70502 38409
70602 7998
70702 28906
70802 64633
70902 23665
71002 49153
71102 20360
71202 38715
71302 14763
71402 43584
71502 55765
71602 751
71702 25863
71802 43043
71902 38794
72002 50390
72102 49314
72202 25691
72302 30251
72402 30027
72502 19147
72602 23348
72702 19494
72802 41581
72902 56500
73002 35275
73102 49009
73202 31458
73302 39949
73402 27299
73502 1975
73602 3128
73702 55352
73802 40978
73902 26627
74002 35636
74102 20319
74202 16215
74302 22234
74402 30358
74502 31280
74602 18561
74702 41731
74802 43516
74902 56582
75002 14786
75102 28374
75202 53037
75302 50210
75402 19714
75502 29898
75602 63284
75702 50077
75802 36425
75902 7524
76002 1132
76102 9020
76202 29561
76302 42353
76402 26292
76502 2326
76602 50385
76702 14610
76802 4492
76902 41515
77002 38069
77102 60433
77202 48381
77302 27013
77402 4027
77502 20101
77602 2399
77702 50151
77802 52408
77902 32388
78002 62871
78102 22874
78202 62276
78302 37068
78402 38313
78502 60189
78602 36060
78702 41648
78802 39628
78902 36187
79002 50818
79102 51211
79202 5753
79302 56306
79402 37718
79502 57273
79602 33181
79702 46562
79802 50359
79902 7734
80002 27481
80102 29923
80202 26096
80302 13440
80402 37361
80502 41394
80602 24350
80702 46154
80802 5989
80902 3700
81002 10470
81102 26041
81202 10207
81302 56208
81402 55066
81502 51215
81602 53787
81702 56335
81802 45284
81902 21690
82002 57110
82102 29860
82202 63529
82302 48758
82402 52015
82502 38219
82602 12615
82702 61409
82802 31875
82902 46389
83002 59432
83102 48201
83202 60945
83302 25417
83402 8524
83502 64671
83602 30884
83702 57039
83802 15595
83902 6848
84002 52795
84102 53453
84202 53456
84302 37632
84402 20065
84502 22804
84602 43054
84702 47037
84802 25739
84902 52189
85002 38770
85102 55319
85202 54920
85302 52904
85402 57913
85502 28240
85602 36838
85702 12906
85802 26138
85902 30676
86002 22538
86102 43951
86202 16551
86302 45870
86402 45189
86502 45819
86602 27416
86702 37931
86802 20699
86902 19736
87002 29210
87102 27895
87202 5256
87302 62676
87402 2354
87502 63126
87602 16782
87702 59520
87802 34586
87902 4284
88002 20794
88102 57428
88202 11060
88302 39310
88402 5939
88502 31743
88602 28148
88702 3655
88802 40053
88902 53847
89002 52826
89102 59529
89202 31108
89302 15115
89402 59444
89502 46074
89602 56123
89702 57050
89802 40180
89902 7731
90002 64559
90102 62369
