102 55510
202 5472
302 13912
402 32167
502 62249
602 11723
702 47578
802 56941
902 57291
1002 29609
1102 27602
1202 40617
1302 1139
1402 10566
1502 24459
1602 54418
1702 63165
1802 4374
1902 51465
2002 22153
2102 45773
2202 52882
2302 54316
2402 24826
2502 3938
2602 46298
2702 16152
2802 40469
2902 28848
3002 63076
3102 64579
3202 33353
3302 33251
3402 56729
3502 42970
3602 59894
3702 14020
3802 64560
3902 22630
4002 25323
4102 47159
4202 131
4302 34171
4402 26162
4502 38465
4602 51692
4702 36965
4802 56622
4902 55492
5002 50659
5102 38233
5202 55956
5302 39206
5402 6223
5502 60278
5602 19961
5702 8890
5802 58853
5902 50383
6002 30692
6102 6630
6202 23500
6302 28367
6402 52049
6502 60346
6602 18392
6702 22649
6802 27874
6902 42936
7002 24647
7102 22558
7202 31813
7302 57945
7402 43650
7502 62183
7602 7712
7702 35649
7802 36774
7902 5931
8002 2214
8102 59054
8202 63907
8302 2361
8402 49121
8502 13369
8602 4797
8702 41848
8802 28125
8902 46488
9002 35996
9102 37783
9202 59537
9302 19762
9402 38022
9502 57386
9602 19493
9702 29679
9802 16304
9902 1200
10002 50738
10102 22576
10202 51309
10302 13897
10402 42034
10502 60533
10602 27652
10702 28741
10802 39520
10902 59382
11002 37578
11102 39452
11202 56075
11302 31442
11402 57798
11502 37747
11602 7779
11702 12886
11802 41706
11902 23863
12002 15205
12102 37528
12202 18477
12302 37889
12402 38847
12502 35034
12602 28229
12702 57920
12802 53924
12902 6366
13002 56695
13102 15046
13202 13568
13302 7848
13402 7784
13502 54181
13602 51404
13702 29039
13802 14089
13902 61404
14002 52064
14102 40072
14202 56561
14302 35129
14402 29794
14502 53221
14602 8032
14702 2905
14802 53066
14902 64698
15002 11708
15102 64490
15202 27098
15302 43178
15402 44191
15502 40178
15602 51336
15702 44423
15802 38985
15902 64016
16002 38627
16102 61215
16202 22318
16302 58743
16402 38739
16502 5253
16602 8928
16702 16552
16802 59688
16902 42825
17002 24182
17102 54646
17202 31198
17302 39338
17402 18089
17502 30200
17602 28183
17702 6670
17802 37940
17902 56874
18002 21997
18102 41816
18202 28232
18302 54649
18402 59714
18502 39051
18602 42495
18702 15196
18802 60825
18902 51039
19002 37386
19102 26668
19202 29938
19302 11223
19402 54862
19502 3418
19602 6981
19702 33694
19802 14432
19902 6061
20002 65235
20102 56244
20202 63680
20302 54215
20402 42634
20502 37185
20602 46511
20702 38718
20802 46390
20902 22749
21002 58863
21102 38871
21202 24219
21302 34712
21402 45184
21502 60964
21602 5749
21702 16112
21802 53630
21902 45782
22002 32540
22102 7907
22202 5228
22302 40360
22402 46594
22502 41088
22602 28350
22702 36762
22802 55688
22902 12190
23002 30110
23102 30685
23202 58873
23302 36894
23402 42837
23502 740
23602 53820
23702 31366
23802 63869
23902 63184
24002 44555
24102 43569
24202 63003
24302 50466
24402 64216
24502 60323
24602 15005
24702 19673
24802 51814
24902 15116
25002 63049
25102 27093
25202 46698
25302 34554
25402 16351
25502 40671
25602 18229
25702 48919
25802 7991
25902 15141
26002 40919
26102 29322
26202 350
26302 12297
26402 58258
26502 18819
26602 24134
26702 28505
26802 62295
26902 58474
27002 48924
27102 45085
27202 22255
27302 54910
27402 56151
27502 36514
27602 25980
27702 59175
27802 42750
27902 65140
28002 53975
28102 31774
28202 1654
28302 5218
28402 41427
28502 18104
28602 50738
28702 35518
28802 16090
28902 14621
29002 22229
29102 42108
29202 28870
29302 23995
29402 14493
29502 43949
29602 5289
29702 11968
29802 62379
29902 59016
30002 27605
30102 7350
30202 61911
30302 26071
30402 26229
30502 39087
30602 59436
30702 13385
30802 40922
30902 31082
31002 58503
31102 62195
31202 51166
31302 21844
31402 19490
31502 44045
31602 34359
31702 2855
31802 38521
31902 13280
32002 48720
32102 51596
32202 44710
32302 61645
32402 60770
32502 37968
32602 15979
32702 49316
32802 45695
32902 65328
33002 19882
33102 14455
33202 61900
33302 46608
33402 32008
33502 12763
33602 40826
33702 56261
33802 49282
33902 3087
34002 26110
34102 24361
34202 1985
34302 10854
34402 39376
34502 35670
34602 30688
34702 30402
34802 30620
34902 41137
35002 33587
35102 23848
35202 405
35302 7109
35402 22408
35502 2239
35602 64911
35702 7190
35802 61748
35902 48914
36002 35719
36102 5124
36202 63686
36302 42787
36402 34903
36502 11769
36602 14722
36702 23307
36802 21378
36902 54479
37002 33309
37102 35866
37202 65259
37302 11039
37402 8272
37502 20973
37602 43894
37702 29522
37802 52954
37902 58215
38002 3697
38102 30547
38202 60845
38302 12511
38402 7288
38502 4544
38602 6165
38702 21170
38802 57108
38902 44399
39002 27877
39102 5917
39202 12794
39302 64665
39402 2831
39502 50536
39602 27828
39702 62001
39802 29080
39902 48422
40002 23164
40102 27267
40202 9452
40302 28817
40402 2667
40502 14848
40602 64553
40702 28062
40802 59919
40902 55774
41002 23378
41102 59692
41202 38255
41302 49991
41402 35084
41502 37285
41602 43623
41702 25167
41802 61930
41902 20094
42002 12313
42102 64780
42202 31883
42302 3351
42402 2838
42502 29922
42602 58700
42702 4444
42802 29130
42902 17415
43002 37170
43102 47406
43202 61357
43302 56153
43402 4951
43502 7295
43602 9147
43702 2715
43802 44768
43902 11578
44002 59737
44102 63165
44202 35814
44302 52699
44402 28118
44502 14220
44602 53794
44702 58225
44802 61503
44902 34674
45002 21462
45102 59500
45202 27839
45302 52159
45402 18666
45502 42986
45602 48142
45702 4835
45802 58532
45902 23062
46002 18541
46102 17298
46202 44957
46302 63923
46402 333
46502 24757
46602 60195
46702 55158
46802 31121
46902 57076
47002 38007
47102 15199
47202 50405
47302 29400
47402 55920
47502 22453
47602 45388
47702 57896
47802 31545
47902 23660
48002 89
48102 19607
48202 36706
48302 38923
48402 33864
48502 58108
48602 26370
48702 61191
48802 30161
48902 4336
49002 36217
49102 35442
49202 24510
49302 43267
49402 43271
49502 10478
49602 32882
49702 55311
49802 43923
49902 56120
50002 27108
50102 17373
50202 62658
50302 60835
50402 22148
50502 48739
50602 2678
50702 9300
50802 61048
50902 37245
51002 35304
51102 28425
51202 39936
51302 56636
51402 5396
51502 31284
51602 4251
51702 2677
51802 57218
51902 23057
52002 36973
52102 56381
52202 35210
52302 14001
52402 16207
52502 63845
52602 55202
52702 50464
52802 42974
52902 54976
53002 27090
53102 20751
53202 40315
53302 34463
53402 8328
53502 13319
53602 22063
53702 58357
53802 30092
53902 30903
54002 26637
54102 53621
54202 23033
54302 24307
54402 6709
54502 14552
54602 49110
54702 53470
54802 49831
54902 24655
55002 33423
55102 5407
55202 39860
55302 54619
55402 8246
55502 10943
55602 25188
55702 61682
55802 36897
55902 51719
56002 21998
56102 38673
56202 34213
56302 38043
56402 43074
56502 53280
56602 5324
56702 19911
56802 4541
56902 47670
57002 62375
57102 9713
57202 60698
57302 19890
57402 41519
57502 13837
57602 42805
57702 9083
57802 43536
57902 39248
58002 27721
58102 21645
58202 43143
58302 1917
58402 26062
58502 14352
58602 5977
58702 11441
58802 17483
58902 23728
59002 22018
59102 195
59202 5918
59302 29252
59402 4324
59502 49522
59602 10634
59702 29724
59802 34613
59902 46836
60002 31292
60102 37710
60202 52728
60302 58479
60402 33098
60502 23929
60602 55390
60702 52477
60802 63733
60902 1401
61002 2773
61102 46320
61202 916
61302 22904
61402 19412
61502 51066
61602 61836
61702 48057
61802 58069
61902 64074
62002 59255
62102 10660
62202 19737
62302 35758
62402 25364
62502 8830
62602 54384
62702 31112
62802 22568
62902 6969
63002 14896
63102 62924
63202 33989
63302 58890
63402 37097
63502 3002
63602 18831
63702 65310
63802 28136
63902 41419
64002 56288
64102 62278
64202 1400
64302 17188
64402 2773
64502 32209
64602 42660
64702 53625
64802 47308
64902 59151
65002 39670
65102 18364
65202 11532
65302 8278
65402 47654
65502 36889
65602 51288
65702 62798
65802 2725
65902 22764
66002 61725
66102 5596
66202 32986
66302 60894
66402 47550
66502 28369
66602 28060
66702 35307
66802 20100
66902 23226
67002 63515
67102 46796
67202 57047
67302 31388
67402 30419
67502 16124
67602 24444
67702 28024
67802 63125
67902 43082
68002 14879
68102 52054
68202 28463
68302 41583
68402 34349
68502 13924
68602 57933
68702 29175
68802 19164
68902 34594
69002 43850
69102 20936
69202 49861
69302 41740
69402 37497
69502 18599
69602 8193
69702 6061
69802 15133
69902 14968
70002 9627
70102 41744
70202 50468
70302 46780
70402 1249
70502 24582
70602 23298
70702 16066
70802 43172
70902 16454
71002 61796
71102 17590
71202 42210
71302 39729
71402 63839
71502 63900
71602 51580
71702 44848
71802 40325
71902 18476
72002 44304
72102 20658
72202 932
72302 64927
72402 31870
72502 10912
72602 61273
72702 57745
72802 25138
72902 41623
73002 64489
73102 61888
73202 19337
73302 62714
73402 59077
73502 32655
73602 4455
73702 33587
73802 11092
73902 56649
74002 17449
74102 20596
74202 5824
74302 26693
74402 43566
74502 54872
74602 56397
74702 22489
74802 41828
74902 18381
75002 41803
75102 28500
75202 60325
75302 24740
75402 15158
75502 20072
75602 53660
75702 9727
75802 26104
75902 5080
76002 32208
76102 48974
76202 41363
76302 63691
76402 48994
76502 64939
76602 29949
76702 5407
76802 14573
76902 20828
77002 32717
77102 4129
77202 13954
77302 49048
77402 33185
77502 39579
77602 50090
77702 50094
77802 38717
77902 56406
78002 584
78102 36086
78202 55542
78302 40456
78402 59687
78502 23442
78602 26553
78702 65332
78802 56831
78902 19358
79002 22160
79102 11150
79202 60189
79302 24227
79402 32572
79502 44150
79602 34998
79702 7462
79802 63168
79902 7921
80002 8819
80102 8556
80202 49792
80302 38873
80402 11162
80502 37814
80602 50162
80702 57611
80802 1865
80902 4538
81002 61212
81102 8937
81202 52893
81302 36383
81402 64992
81502 17538
81602 13143
81702 2272
81802 199
81902 46279
82002 38667
82102 26343
82202 54074
82302 1806
82402 29752
82502 59769
82602 51095
82702 7157
82802 2521
82902 15684
83002 50258
83102 6096
83202 34686
83302 9120
83402 26009
83502 28374
83602 55796
83702 38180
83802 39206
83902 46556
84002 8383
84102 51553
84202 58986
84302 26190
84402 7565
84502 63119
84602 1233
84702 42056
84802 13485
84902 38289
85002 15522
85102 63425
85202 62367
85302 52823
85402 43745
85502 11010
85602 48915
85702 16363
85802 60916
85902 33662
86002 42658
86102 59890
86202 32425
86302 9010
86402 20868
86502 64082
86602 14180
86702 21646
86802 28408
86902 62454
87002 29445
87102 24022
87202 477
87302 6789
87402 25972
87502 64802
87602 24240
87702 27831
87802 6496
87902 30072
88002 10464
88102 41604
88202 42813
88302 27597
88402 21041
88502 57984
88602 26233
88702 64881
88802 40550
88902 59270
89002 50627
89102 16017
89202 24049
89302 33188
89402 42435
89502 48563
89602 36152
89702 37714
89802 5957
89902 19238
90002 41880
90102 65053
