102 46642
202 5814
302 37802
402 63213
502 13103
602 18448
702 33133
802 30610
902 41477
1002 25948
1102 28338
1202 25430
1302 33328
1402 27230
1502 11958
1602 62016
1702 53561
1802 21448
1902 34287
2002 14076
2102 64090
2202 27530
2302 34858
2402 65166
2502 26385
2602 55764
2702 5281
2802 37010
2902 26014
3002 56729
3102 39319
3202 13374
3302 18237
3402 6295
3502 44311
3602 5701
3702 30246
3802 60523
3902 14423
4002 45507
4102 46511
4202 52725
4302 63438
4402 34002
4502 22820
4602 44585
4702 31500
4802 36326
4902 8436
5002 8013
5102 40414
5202 15752
5302 53283
5402 26929
5502 62942
5602 26450
5702 35913
5802 46646
5902 3618
6002 13004
6102 43418
6202 60747
6302 12128
6402 35264
6502 56422
6602 5096
6702 16877
6802 50313
6902 43482
7002 37983
7102 54878
7202 3021
7302 19210
7402 26293
7502 16493
7602 16297
7702 11160
7802 47530
7902 4675
8002 455
8102 54844
8202 29659
8302 36818
8402 30408
8502 3716
8602 2266
8702 59247
8802 929
8902 28677
9002 52768
9102 31839
9202 58273
9302 886
9402 1291
9502 54518
9602 18121
9702 45089
9802 17520
9902 30728
10002 60609
10102 38151
10202 57901
10302 30202
10402 2465
10502 23164
10602 4250
10702 42449
10802 16251
10902 29394
11002 47745
11102 28407
11202 4261
11302 14614
11402 52302
11502 30708
11602 20062
11702 32775
11802 11869
11902 57235
12002 6468
12102 8485
12202 10939
12302 44534
12402 27082
12502 6174
12602 9023
12702 10408
12802 53737
12902 48187
13002 11565
13102 109
13202 17852
13302 11848
13402 17870
13502 52449
13602 1053
13702 34389
13802 50943
13902 52156
14002 17201
14102 28556
14202 26517
14302 62140
14402 30277
14502 11258
14602 25259
14702 59057
14802 40866
14902 39277
15002 15006
15102 33494
15202 9014
15302 46116
15402 16150
15502 12967
15602 45388
15702 26754
15802 47697
15902 14645
16002 19517
16102 58109
16202 37192
16302 21055
16402 33101
16502 51900
16602 3082
16702 61528
16802 35505
16902 12934
17002 38585
17102 11520
17202 13085
17302 56494
17402 53165
17502 40363
17602 50537
17702 16461
17802 32784
17902 27856
18002 1416
18102 54581
18202 33782
18302 4835
18402 37877
18502 42330
18602 20877
18702 45723
18802 192
18902 32045
19002 33235
19102 46996
19202 37492
19302 31968
19402 10471
19502 10577
19602 22390
19702 50979
19802 48464
19902 17446
20002 38871
20102 44087
20202 34928
20302 18267
20402 39781
20502 17595
20602 38068
20702 53560
20802 57426
20902 20496
21002 7380
21102 2093
21202 36745
21302 34926
21402 63011
21502 45638
21602 39942
21702 18829
21802 10383
21902 37215
22002 19152
22102 25892
22202 22852
22302 58997
22402 53955
22502 52309
22602 32338
22702 18675
22802 46817
22902 51302
23002 54823
23102 47217
23202 45516
23302 46286
23402 57263
23502 32466
23602 21821
23702 39141
23802 8642
23902 50306
24002 25498
24102 19254
24202 63502
24302 2518
24402 6739
24502 14942
24602 27823
24702 11090
24802 5805
24902 49705
25002 1589
25102 15882
25202 52486
25302 5264
25402 41663
25502 4908
25602 24374
25702 42745
25802 51811
25902 42782
26002 43622
26102 36242
26202 3270
26302 39399
26402 39550
26502 14333
26602 35156
26702 61059
26802 34644
26902 41970
27002 55129
27102 28973
27202 53936
27302 62807
27402 4714
27502 24657
27602 25916
27702 15045
27802 13248
27902 16196
28002 19337
28102 39109
28202 61893
28302 16849
28402 16058
28502 48843
28602 61439
28702 63061
28802 32036
28902 64246
29002 54528
29102 23677
29202 21951
29302 12515
29402 5186
29502 49086
29602 39816
29702 51020
29802 7926
29902 30627
30002 35431
30102 38937
30202 1767
30302 27735
30402 27038
30502 39779
30602 12732
30702 19812
30802 20486
30902 23731
31002 1469
31102 16662
31202 41387
31302 34153
31402 1183
31502 60785
31602 4259
31702 16360
31802 2957
31902 4937
32002 49248
32102 799
32202 2969
32302 21200
32402 16686
32502 20408
32602 13422
32702 28767
32802 59260
32902 54867
33002 27214
33102 61377
33202 10495
33302 61693
33402 44507
33502 49612
33602 52838
33702 5501
33802 15756
33902 3848
34002 1555
34102 26253
34202 41486
34302 44253
34402 11910
34502 3113
34602 21317
34702 57000
34802 30458
34902 8761
35002 21253
35102 45719
35202 42021
35302 26297
35402 41997
35502 51606
35602 36692
35702 49316
35802 41514
35902 40295
36002 8597
36102 6798
36202 61226
36302 27414
36402 45133
36502 5152
36602 32493
36702 55896
36802 10874
36902 56092
37002 25088
37102 58517
37202 47993
37302 41544
37402 60593
37502 19023
37602 55540
37702 63550
37802 14097
37902 53507
38002 38251
38102 64284
38202 15868
38302 12052
38402 30551
38502 20274
38602 55780
38702 14658
38802 58489
38902 21724
39002 19807
39102 17875
39202 9443
39302 1010
39402 47064
39502 52555
39602 22256
39702 34174
39802 23042
39902 20644
40002 65162
40102 35967
40202 52780
40302 30230
40402 26017
40502 34216
40602 23273
40702 17013
40802 7949
40902 48140
41002 54363
41102 29499
41202 17185
41302 2744
41402 16419
41502 47773
41602 21052
41702 6420
41802 24483
41902 46476
42002 17559
42102 27980
42202 8472
42302 10025
42402 43966
42502 63901
42602 9565
42702 64812
42802 17032
42902 60000
43002 39105
43102 37732
43202 42660
43302 55824
43402 60794
43502 44111
43602 53441
43702 33419
43802 9579
43902 59670
44002 3761
44102 15002
44202 33768
44302 51789
44402 17312
44502 8644
44602 46812
44702 30128
44802 4777
44902 5723
45002 22905
45102 65419
45202 13625
45302 65
45402 19381
45502 2801
45602 45399
45702 41825
45802 4082
45902 62056
46002 14959
46102 24242
46202 54711
46302 53008
46402 59848
46502 6081
46602 26645
46702 43180
46802 49289
46902 34682
47002 15891
47102 26481
47202 12736
47302 11675
47402 14957
47502 50325
47602 61210
47702 24693
47802 53559
47902 24675
48002 51796
48102 31934
48202 22310
48302 16868
48402 59362
48502 54699
48602 2403
48702 62875
48802 35420
48902 44107
49002 27414
49102 54570
49202 38339
49302 37457
49402 38105
49502 31520
49602 20495
49702 25911
49802 14044
49902 57190
50002 21196
50102 43209
50202 7300
50302 19792
50402 1502
50502 31377
50602 56308
50702 28983
50802 10372
50902 16528
51002 48827
51102 56137
51202 45873
51302 39001
51402 22414
51502 39478
51602 247
51702 127
51802 52471
51902 58609
52002 29328
52102 42636
52202 53220
52302 30613
52402 35314
52502 64783
52602 2073
52702 10450
52802 53829
52902 63871
53002 17144
53102 51896
53202 11309
53302 63334
53402 25388
53502 50671
53602 23530
53702 11069
53802 37702
53902 59329
54002 64633
54102 5389
54202 47376
54302 46072
54402 56385
54502 44030
54602 60114
54702 29881
54802 45817
54902 54946
55002 29394
55102 17067
55202 55384
55302 65097
55402 24047
55502 54115
55602 18091
55702 27744
55802 58809
55902 63784
56002 4773
56102 9429
56202 34810
56302 16746
56402 20876
56502 61543
56602 58899
56702 10716
56802 35076
56902 10173
57002 44620
57102 63003
57202 47274
57302 50165
57402 4580
57502 4292
57602 17347
57702 46124
57802 34727
57902 31683
58002 3020
58102 60362
58202 48501
58302 46338
58402 6035
58502 50395
58602 35664
58702 53251
58802 7483
58902 58396
59002 45799
59102 43675
59202 40866
59302 62933
59402 61752
59502 11311
59602 50073
59702 55930
59802 55826
59902 51392
60002 35138
60102 35282
60202 38382
60302 52275
60402 20871
60502 61167
60602 20466
60702 25174
60802 55711
60902 34581
61002 47760
61102 17930
61202 39615
61302 64833
61402 16779
61502 34907
61602 13038
61702 62779
61802 17932
61902 44109
62002 60980
62102 21360
62202 36066
62302 25148
62402 64352
62502 15005
62602 23275
62702 8969
62802 23756
62902 64616
63002 15737
63102 56704
63202 46512
63302 56366
63402 62046
63502 14431
63602 4029
63702 16328
63802 10847
63902 52229
64002 15573
64102 57038
64202 56135
64302 19385
64402 22530
64502 19331
64602 26264
64702 7216
64802 474
64902 31646
65002 25195
65102 13518
65202 24919
65302 27116
65402 20626
65502 50692
65602 40126
65702 28186
65802 12175
65902 25053
66002 40458
66102 43286
66202 6208
66302 22351
66402 63187
66502 23348
66602 14464
66702 7354
66802 29962
66902 54803
67002 6191
67102 29979
67202 22349
67302 43250
67402 20497
67502 55821
67602 55560
67702 21735
67802 37927
67902 17726
68002 25965
68102 58446
68202 546
68302 43963
68402 14676
68502 56778
68602 50748
68702 7624
68802 55831
68902 23641
69002 42002
69102 61504
69202 2535
69302 20054
69402 44920
69502 65350
69602 35898
69702 61646
69802 27350
69902 6330
70002 30674
70102 63244
70202 23313
70302 41270
70402 9726
70502 57785
70602 57848
70702 63540
70802 47494
70902 62732
71002 2974
71102 3723
71202 29892
71302 60000
71402 3006
71502 35773
71602 56849
71702 33420
71802 53216
71902 55114
72002 64831
72102 13960
72202 22566
72302 12362
72402 25499
72502 22768
72602 2125
72702 31443
72802 47557
72902 34811
73002 51760
73102 43780
73202 65075
73302 60071
73402 50142
73502 46248
73602 51471
73702 64619
73802 14490
73902 50816
74002 36958
74102 23688
74202 42243
74302 65156
74402 50276
74502 18977
74602 30425
74702 52226
74802 59936
74902 23099
75002 41658
75102 11662
75202 49971
75302 62113
75402 35957
75502 55497
75602 967
75702 29162
75802 20124
75902 27422
76002 43419
76102 34162
76202 62670
76302 62307
76402 59058
76502 62924
76602 51628
76702 60269
76802 57468
76902 39001
77002 16465
77102 13183
77202 45099
77302 39636
77402 11706
77502 56181
77602 29547
77702 56931
77802 55137
77902 34933
78002 30679
78102 54400
78202 10973
78302 19741
78402 7342
78502 51193
78602 57065
78702 11246
78802 32596
78902 23181
79002 15464
79102 64457
79202 7398
79302 39295
79402 25981
79502 16002
79602 40715
79702 4224
79802 44322
79902 11064
80002 47452
80102 28511
80202 63616
80302 57879
80402 47093
80502 61588
80602 1204
80702 48296
80802 14042
80902 36469
81002 8524
81102 48694
81202 18601
81302 58666
81402 57630
81502 50878
81602 3207
81702 33231
81802 58061
81902 8348
82002 10332
82102 14808
82202 43716
82302 32343
82402 31473
82502 23386
82602 10699
82702 7194
82802 60820
82902 26891
83002 60912
83102 28446
83202 38579
83302 6677
83402 61716
83502 60173
83602 61391
83702 3227
83802 58267
83902 32092
84002 24793
84102 51743
84202 59794
84302 32927
84402 12160
84502 7034
84602 6438
84702 47136
84802 26885
84902 18148
85002 17296
85102 38138
85202 47081
85302 9672
85402 51584
85502 59728
85602 10943
85702 57701
85802 59844
85902 53709
86002 7769
86102 11761
86202 49649
86302 12679
86402 42893
86502 56674
86602 8488
86702 24209
86802 57412
86902 27773
87002 25813
87102 54566
87202 14767
87302 8331
87402 56063
87502 45336
87602 6779
87702 48988
87802 63380
87902 22223
88002 2225
88102 16200
88202 57709
88302 18753
88402 63755
88502 64626
88602 44471
88702 39108
88802 24768
88902 28582
89002 21196
89102 30320
89202 40140
89302 39383
89402 11012
89502 19372
89602 60854
89702 43189
89802 62915
89902 23489
90002 1179
90102 14329
