102 26113
202 26679
302 50952
402 9979
502 47692
602 33636
702 18706
802 45208
902 43933
1002 56488
1102 65444
1202 3763
1302 1730
1402 41946
1502 8262
1602 26520
1702 53273
1802 9513
1902 19260
2002 64091
2102 58945
2202 44405
2302 11019
2402 56343
2502 8364
2602 64077
2702 25335
2802 16597
2902 15710
3002 7735
3102 16790
3202 959
3302 59525
3402 33517
3502 30411
3602 43920
3702 18691
3802 42323
3902 55531
4002 16693
4102 10817
4202 40768
4302 53386
4402 57268
4502 43954
4602 56897
4702 54803
4802 48285
4902 34256
5002 5704
5102 14790
5202 55982
5302 24762
5402 23085
5502 32407
5602 216
5702 959
5802 14699
5902 54983
6002 12579
6102 61599
6202 64301
6302 28223
6402 25588
6502 33134
6602 15215
6702 56424
6802 32791
6902 24208
7002 28033
7102 29774
7202 17246
7302 55377
7402 30341
7502 30445
7602 51392
7702 8864
7802 17524
7902 28646
8002 57268
8102 3167
8202 27146
8302 3517
8402 24790
8502 57954
8602 56144
8702 3029
8802 48378
8902 65535
9002 52713
9102 6436
9202 16226
9302 17053
9402 35358
9502 33470
9602 35036
9702 54747
9802 31941
9902 6409
10002 13677
10102 47983
10202 56023
10302 62280
10402 25024
10502 10208
10602 15565
10702 26905
10802 14324
10902 41095
11002 33528
11102 27047
11202 3647
11302 53101
11402 42922
11502 18633
11602 38872
11702 29983
11802 21961
11902 26524
12002 46651
12102 31657
12202 13677
12302 53475
12402 32508
12502 7065
12602 18184
12702 22225
12802 32907
12902 45637
13002 17932
13102 33222
13202 14716
13302 22437
13402 33407
13502 12443
13602 1824
13702 23305
13802 47003
13902 26539
14002 64694
14102 59330
14202 45213
14302 33550
14402 38508
14502 34064
14602 27520
14702 42177
14802 60356
14902 12425
15002 39165
15102 38219
15202 59171
15302 15542
15402 32318
15502 14237
15602 16273
15702 48875
15802 7069
15902 34305
16002 55786
16102 26092
16202 34005
16302 34477
16402 46150
16502 33876
16602 57137
16702 16063
16802 26760
16902 32597
17002 19041
17102 15738
17202 43171
17302 13944
17402 45051
17502 46311
17602 64892
17702 26476
17802 56387
17902 56972
18002 36359
18102 50721
18202 14661
18302 60447
18402 38792
18502 36780
18602 40088
18702 19965
18802 31117
18902 30500
19002 2358
19102 50633
19202 23574
19302 32190
19402 64159
19502 14988
19602 12266
19702 5722
19802 64024
19902 51163
20002 83
20102 64817
20202 2085
20302 16768
20402 48451
20502 56408
20602 12792
20702 41778
20802 6882
20902 23705
21002 17733
21102 20382
21202 7114
21302 42160
21402 23238
21502 4245
21602 55517
21702 34866
21802 44038
21902 27527
22002 18217
22102 34007
22202 6704
22302 18906
22402 196
22502 5396
22602 50229
22702 27540
22802 35201
22902 39708
23002 35831
23102 5087
23202 38125
23302 9595
23402 40182
23502 45698
23602 31344
23702 32270
23802 29958
23902 12223
24002 33898
24102 54641
24202 26828
24302 57206
24402 49611
24502 22823
24602 35573
24702 55198
24802 48879
24902 44084
25002 18548
25102 15005
25202 31543
25302 33407
25402 18247
25502 2419
25602 10660
25702 3853
25802 46053
25902 52135
26002 5644
26102 35509
26202 23190
26302 1106
26402 20957
26502 24646
26602 28764
26702 62827
26802 30270
26902 51410
27002 23052
27102 56099
27202 4047
27302 673
27402 4782
27502 14805
27602 53219
27702 40030
27802 26822
27902 41979
28002 25127
28102 16290
28202 39285
28302 60948
28402 56774
28502 31646
28602 7906
28702 41330
28802 23038
28902 24308
29002 37702
29102 61936
29202 45268
29302 975
29402 59963
29502 17608
29602 49282
29702 885
29802 42460
29902 17878
30002 44627
30102 7169
30202 21242
30302 22976
30402 2379
30502 36080
30602 48024
30702 18273
30802 19940
30902 46942
31002 25540
31102 32023
31202 8307
31302 38533
31402 19491
31502 4092
31602 9355
31702 10253
31802 18937
31902 63170
32002 12776
32102 41418
32202 21227
32302 10623
32402 25774
32502 45372
32602 3003
32702 45890
32802 58781
32902 10537
33002 41180
33102 38731
33202 63288
33302 46477
33402 40582
33502 48590
33602 52953
33702 34754
33802 60035
33902 55728
34002 6180
34102 47509
34202 60211
34302 16776
34402 50397
34502 25412
34602 64411
34702 48046
34802 62322
34902 34114
35002 59038
35102 31311
35202 38850
35302 17915
35402 60511
35502 57937
35602 31214
35702 30081
35802 49098
35902 56473
36002 57387
36102 32282
36202 29186
36302 44395
36402 47159
36502 14162
36602 44622
36702 52413
36802 2018
36902 18880
37002 58083
37102 3913
37202 40255
37302 32677
37402 21378
37502 25514
37602 5642
37702 13714
37802 18424
37902 50916
38002 20145
38102 7372
38202 27310
38302 7988
38402 21777
38502 32094
38602 18997
38702 4056
38802 19275
38902 51653
39002 19543
39102 62920
39202 52363
39302 18187
39402 37223
39502 44091
39602 65082
39702 11451
39802 32340
39902 44621
40002 12057
40102 59896
40202 46965
40302 52886
40402 45945
40502 53713
40602 44481
40702 64794
40802 14122
40902 29838
41002 38486
41102 45296
41202 58485
41302 26908
41402 38225
41502 38044
41602 11509
41702 51382
41802 57574
41902 44588
42002 35596
42102 5334
42202 32269
42302 46527
42402 41674
42502 50176
42602 42125
42702 51228
42802 22387
42902 33322
43002 25016
43102 19398
43202 1522
43302 40190
43402 24100
43502 42892
43602 11635
43702 60003
43802 25870
43902 48764
44002 36524
44102 13907
44202 21573
44302 15247
44402 46143
44502 36421
44602 3158
44702 36259
44802 22113
44902 51766
45002 38009
45102 27445
45202 28059
45302 46131
45402 34974
45502 9974
45602 10358
45702 21950
45802 43286
45902 7653
46002 28202
46102 64403
46202 59561
46302 25466
46402 48969
46502 38947
46602 27452
46702 53606
46802 31412
46902 18456
47002 34212
47102 32812
47202 26204
47302 52669
47402 30178
47502 56511
47602 61973
47702 59023
47802 42311
47902 59647
48002 63933
48102 12461
48202 38124
48302 46753
48402 14113
48502 48225
48602 35848
48702 54500
48802 45939
48902 337
49002 58710
49102 60212
49202 26424
49302 58455
49402 22259
49502 13216
49602 43126
49702 33069
49802 58997
49902 2299
50002 27668
50102 36419
50202 42518
50302 33909
50402 4355
50502 28010
50602 47463
50702 2858
50802 47136
50902 62161
51002 36032
51102 38220
51202 48571
51302 45060
51402 62828
51502 48704
51602 33503
51702 36523
51802 30359
51902 32484
52002 59403
52102 3208
52202 55797
52302 2572
52402 37182
52502 62839
52602 10424
52702 22263
52802 5121
52902 10760
53002 63115
53102 52664
53202 63425
53302 50689
53402 58100
53502 12794
53602 49067
53702 22756
53802 26769
53902 59581
54002 3492
54102 30805
54202 17406
54302 16773
54402 2942
54502 3230
54602 57523
54702 39818
54802 10445
54902 36309
55002 34266
55102 51134
55202 63677
55302 40942
55402 33247
55502 24151
55602 24192
55702 59625
55802 52585
55902 18937
56002 4936
56102 61334
56202 11527
56302 4825
56402 28488
56502 17424
56602 20470
56702 11219
56802 57571
56902 21315
57002 63749
57102 31984
57202 38149
57302 43089
57402 18588
57502 5654
57602 236
57702 58223
57802 1798
57902 12273
58002 43292
58102 17761
58202 11341
58302 30684
58402 63287
58502 9277
58602 38327
58702 29882
58802 16589
58902 30773
59002 13556
59102 45015
59202 50532
59302 13
59402 30822
59502 15515
59602 53907
59702 50702
59802 21735
59902 46613
60002 44147
60102 47279
60202 16236
60302 45201
60402 33381
60502 1681
60602 3868
60702 21879
60802 10256
60902 49907
61002 46936
61102 53869
61202 26232
61302 32012
61402 3882
61502 25785
61602 6874
61702 16571
61802 45094
61902 28873
62002 27141
62102 44067
62202 27384
62302 39550
62402 37449
62502 51743
62602 23662
62702 60508
62802 43150
62902 1556
63002 26955
63102 48492
63202 23004
63302 5760
63402 56538
63502 51163
63602 19426
63702 35419
63802 27959
63902 1013
64002 10485
64102 46686
64202 52130
64302 5447
64402 8057
64502 60881
64602 65286
64702 17644
64802 4027
64902 27562
65002 27791
65102 50380
65202 43621
65302 48967
65402 51135
65502 7192
65602 3897
65702 25244
65802 5253
65902 10834
66002 53522
66102 55143
66202 10539
66302 8992
66402 60016
66502 61071
66602 50516
66702 17533
66802 34422
66902 51098
67002 50718
67102 58768
67202 35253
67302 15321
67402 52820
67502 5658
67602 16116
67702 29719
67802 22244
67902 8677
68002 22161
68102 22415
68202 24837
68302 1836
68402 61016
68502 24847
68602 53933
68702 37503
68802 26100
68902 4973
69002 65263
69102 30128
69202 3721
69302 33456
69402 58080
69502 11405
69602 16103
69702 50540
69802 16421
69902 16042
70002 53938
70102 65353
70202 3914
70302 51935
70402 63953
70502 32243
70602 32794
70702 31492
70802 186
70902 21950
71002 1309
71102 52645
71202 9683
71302 33019
71402 647
71502 34393
71602 18348
71702 45609
71802 28669
71902 18835
72002 4241
72102 33949
72202 48340
72302 20898
72402 38931
72502 19612
72602 11812
72702 59030
72802 11612
72902 51023
73002 39442
73102 6572
73202 51864
73302 10056
73402 57752
73502 17708
73602 57398
73702 11541
73802 18833
73902 3219
74002 49811
74102 26278
74202 33293
74302 49664
74402 64348
74502 5664
74602 14574
74702 37865
74802 50573
74902 41660
75002 52988
75102 59813
75202 43623
75302 10548
75402 17509
75502 26531
75602 22853
75702 61506
75802 63263
75902 21502
76002 35451
76102 53104
76202 63479
76302 8626
76402 31325
76502 50890
76602 60686
76702 26891
76802 30454
76902 12269
77002 53673
77102 43191
77202 22758
77302 16971
77402 1091
77502 19272
77602 49698
77702 41340
77802 54902
77902 15403
78002 52590
78102 50920
78202 29855
78302 24658
78402 64034
78502 25992
78602 46595
78702 60116
78802 45507
78902 48869
79002 63630
79102 47171
79202 3409
79302 35321
79402 30430
79502 39104
79602 36069
79702 48444
79802 4058
79902 38765
80002 58341
80102 14081
80202 41102
80302 45058
80402 27863
80502 58471
80602 64731
80702 13113
80802 59075
80902 37777
81002 34417
81102 3185
81202 48069
81302 24028
81402 46203
81502 48724
81602 60436
81702 44410
81802 44287
81902 59629
82002 45602
82102 22718
82202 8261
82302 28001
82402 10116
82502 65240
82602 9203
82702 28341
82802 40192
82902 31830
83002 59602
83102 47951
83202 19824
83302 23414
83402 5582
83502 55302
83602 39616
83702 21567
83802 58283
83902 63585
84002 30798
84102 36577
84202 55062
84302 63375
84402 12196
84502 19924
84602 56743
84702 60694
84802 64408
84902 33093
85002 4268
85102 62960
85202 29140
85302 50858
85402 61171
85502 27192
85602 5904
85702 19614
85802 20610
85902 56052
86002 31515
86102 47687
86202 16653
86302 31596
86402 27659
86502 13699
86602 44434
86702 9759
86802 42936
86902 22049
87002 57959
87102 44657
87202 1220
87302 36485
87402 37056
87502 2327
87602 16198
87702 50148
87802 48482
87902 45905
88002 34605
88102 48881
88202 59530
88302 57873
88402 398
88502 21116
88602 30462
88702 45092
88802 30067
88902 60434
89002 41504
89102 30321
89202 59445
89302 29413
89402 58251
89502 60117
89602 33716
89702 14522
89802 26302
89902 10281
90002 52696
90102 13329
