102 30458
202 55463
302 58691
402 8935
502 20125
602 56281
702 45898
802 38877
902 22821
1002 19857
1102 37110
1202 44663
1302 26838
1402 22606
1502 7884
1602 11498
1702 10860
1802 39000
1902 45034
2002 27602
2102 53961
2202 38573
2302 34544
2402 4167
2502 52228
2602 3176
2702 19571
2802 59040
2902 4411
3002 24657
3102 26996
3202 23929
3302 13341
3402 28358
3502 31621
3602 22835
3702 39872
3802 2121
3902 12347
4002 5259
4102 46111
4202 10519
4302 23048
4402 32997
4502 43943
4602 772
4702 52950
4802 35924
4902 7783
5002 35715
5102 52355
5202 41116
5302 49519
5402 40658
5502 58485
5602 51656
5702 20272
5802 43216
5902 32123
6002 44516
6102 23474
6202 15370
6302 18452
6402 18964
6502 60289
6602 918
6702 5699
6802 34291
6902 64030
7002 13280
7102 43572
7202 51153
7302 19376
7402 15855
7502 61245
7602 8647
7702 9650
7802 28086
7902 33094
8002 26284
8102 9115
8202 9192
8302 59187
8402 16561
8502 64571
8602 53999
8702 24643
8802 9744
8902 56894
9002 29212
9102 59717
9202 7295
9302 27441
9402 873
9502 10630
9602 8035
9702 26100
9802 3233
9902 60492
10002 50290
10102 44743
10202 15113
10302 13586
10402 1754
10502 40035
10602 2049
10702 32784
10802 33489
10902 52774
11002 60196
11102 20866
11202 39352
11302 63925
11402 4075
11502 64425
11602 25606
11702 50905
11802 27466
11902 751
12002 47838
12102 43440
12202 9883
12302 28384
12402 17483
12502 2200
12602 12539
12702 64755
12802 59334
12902 15896
13002 50619
13102 59793
13202 29387
13302 36306
13402 3777
13502 25270
13602 10592
13702 10504
13802 43616
13902 31694
14002 17213
14102 36976
14202 27973
14302 21115
14402 49086
14502 8191
14602 10830
14702 24901
14802 34606
14902 38172
15002 32720
15102 14299
15202 55266
15302 55862
15402 65354
15502 16728
15602 56219
15702 17246
15802 44810
15902 4090
16002 12364
16102 9743
16202 25071
16302 42297
16402 38831
16502 5873
16602 48518
16702 39159
16802 19220
16902 13038
17002 54729
17102 56302
17202 34288
17302 47273
17402 12217
17502 24790
17602 18715
17702 40485
17802 17855
17902 46225
18002 35456
18102 44198
18202 7651
18302 62374
18402 44475
18502 24662
18602 34526
18702 46839
18802 57827
18902 10693
19002 50204
19102 45847
19202 25503
19302 41655
19402 5900
19502 8906
19602 32300
19702 52563
19802 52755
19902 11039
20002 28401
20102 26804
20202 3328
20302 36794
20402 17328
20502 11571
20602 44524
20702 53865
20802 16700
20902 28032
21002 8461
21102 52762
21202 37187
21302 13824
21402 58731
21502 42197
21602 2543
21702 27040
21802 50021
21902 3296
22002 12205
22102 36277
22202 43791
22302 22204
22402 40774
22502 19457
22602 38524
22702 62313
22802 56565
22902 17144
23002 22738
23102 29448
23202 948
23302 62404
23402 22039
23502 8540
23602 60486
23702 52604
23802 48272
23902 46503
24002 50844
24102 51883
24202 946
24302 55444
24402 44655
24502 49202
24602 3007
24702 47778
24802 2373
24902 47622
25002 1214
25102 43411
25202 65219
25302 2926
25402 47468
25502 51115
25602 56600
25702 49524
25802 46223
25902 8960
26002 56084
26102 64405
26202 26421
26302 28354
26402 794
26502 53634
26602 29563
26702 13976
26802 50229
26902 43225
27002 43483
27102 59982
27202 51467
27302 61752
27402 2778
27502 33823
27602 61480
27702 63644
27802 34621
27902 11609
28002 38442
28102 22385
28202 41983
28302 45050
28402 13954
28502 19930
28602 20760
28702 8805
28802 28450
28902 12183
29002 50774
29102 61255
29202 63639
29302 62383
29402 17621
29502 4498
29602 45717
29702 52818
29802 14669
29902 21920
30002 63543
30102 64887
30202 15145
30302 4944
30402 3051
30502 45745
30602 59510
30702 40847
30802 28685
30902 18834
31002 42334
31102 55260
31202 54241
31302 11626
31402 35369
31502 22060
31602 22557
31702 15780
31802 30706
31902 55037
32002 13507
32102 9872
32202 1680
32302 5901
32402 14485
32502 25536
32602 61955
32702 41824
32802 35479
32902 63213
33002 48160
33102 39183
33202 63926
33302 50490
33402 62049
33502 47720
33602 50970
33702 13391
33802 48907
33902 31097
34002 40337
34102 2917
34202 33681
34302 56690
34402 40841
34502 20855
34602 34517
34702 38870
34802 26392
34902 18304
35002 3404
35102 9706
35202 60216
35302 15280
35402 57260
35502 31141
35602 35535
35702 7930
35802 18453
35902 63461
36002 27218
36102 4027
36202 35521
36302 13019
36402 22941
36502 9710
36602 37511
36702 20705
36802 56692
36902 12010
37002 3420
37102 56761
37202 43316
37302 65275
37402 9094
37502 47149
37602 22269
37702 41914
37802 36641
37902 59597
38002 8342
38102 22266
38202 56807
38302 29918
38402 4780
38502 61608
38602 16471
38702 4147
38802 42705
38902 200
39002 27233
39102 37108
39202 29651
39302 26998
39402 54468
39502 33934
39602 63388
39702 12093
39802 6054
39902 32420
40002 19741
40102 64950
40202 60819
40302 61908
40402 57668
40502 13109
40602 7390
40702 11106
40802 3284
40902 18386
41002 5891
41102 62610
41202 20752
41302 28407
41402 56473
41502 32125
41602 28648
41702 48065
41802 51611
41902 51823
42002 37360
42102 37033
42202 30278
42302 44958
42402 2038
42502 43201
42602 8663
42702 58619
42802 37487
42902 25566
43002 31531
43102 31166
43202 26999
43302 3134
43402 45895
43502 13962
43602 17308
43702 56873
43802 51196
43902 1876
44002 18700
44102 59409
44202 15207
44302 24566
44402 52760
44502 22111
44602 48205
44702 17143
44802 24517
44902 17657
45002 1936
45102 43503
45202 52061
45302 21437
45402 51240
45502 12673
45602 52268
45702 23658
45802 55828
45902 23323
46002 25281
46102 16650
46202 40946
46302 29606
46402 34903
46502 19906
46602 47479
46702 31176
46802 54677
46902 60613
47002 63812
47102 57632
47202 13332
47302 57267
47402 9185
47502 22941
47602 40420
47702 54884
47802 63887
47902 27784
48002 16577
48102 35384
48202 51628
48302 44808
48402 24023
48502 3932
48602 4910
48702 15755
48802 25671
48902 21801
49002 49226
49102 35445
49202 47436
49302 56121
49402 43445
49502 34065
49602 2785
49702 7276
49802 44597
49902 20498
50002 33735
50102 16506
50202 25830
50302 13668
50402 36529
50502 57556
50602 29169
50702 57435
50802 49694
50902 21613
51002 24223
51102 47666
51202 46868
51302 42144
51402 24444
51502 20404
51602 12142
51702 13898
51802 45607
51902 11087
52002 34416
52102 63217
52202 17438
52302 36950
52402 53705
52502 55198
52602 17685
52702 47606
52802 57800
52902 59103
53002 6889
53102 17931
53202 38753
53302 33067
53402 59169
53502 56928
53602 51272
53702 62694
53802 15395
53902 41879
54002 21042
54102 3148
54202 15723
54302 9690
54402 49849
54502 47086
54602 439
54702 53986
54802 45621
54902 44452
55002 31108
55102 43962
55202 7486
55302 45138
55402 53215
55502 17127
55602 37733
55702 46997
55802 4471
55902 28351
56002 19566
56102 60923
56202 20738
56302 64352
56402 20072
56502 30556
56602 39187
56702 11676
56802 10833
56902 39510
57002 32719
57102 46519
57202 23485
57302 63786
57402 37883
57502 58479
57602 26349
57702 7528
57802 57291
57902 61861
58002 28863
58102 478
58202 12833
58302 10334
58402 22235
58502 3037
58602 998
58702 30620
58802 23269
58902 64315
59002 2625
59102 22066
59202 20013
59302 20102
59402 55426
59502 38046
59602 36598
59702 30648
59802 15748
59902 36237
60002 10548
60102 16929
60202 478
60302 54448
60402 42756
60502 37171
60602 62598
60702 17710
60802 58494
60902 41142
61002 58507
61102 36704
61202 25404
61302 50962
61402 39567
61502 34534
61602 17079
61702 47509
61802 64855
61902 12920
62002 6508
62102 51844
62202 35602
62302 30463
62402 26567
62502 56374
62602 13942
62702 25781
62802 42183
62902 8362
63002 57111
63102 3518
63202 44480
63302 43151
63402 37380
63502 64321
63602 7096
63702 5437
63802 4202
63902 3217
64002 29710
64102 47117
64202 25233
64302 19390
64402 27374
64502 31187
64602 5441
64702 2088
64802 41343
64902 37781
65002 50229
65102 43501
65202 56167
65302 49849
65402 23441
65502 44734
65602 45573
65702 63092
65802 63406
65902 12647
66002 37451
66102 53419
66202 59088
66302 48383
66402 48394
66502 25811
66602 52936
66702 18049
66802 25545
66902 53522
67002 16931
67102 21218
67202 61186
67302 4467
67402 35690
67502 25977
67602 36350
67702 35173
67802 12396
67902 54933
68002 61389
68102 39326
68202 7483
68302 37381
68402 18088
68502 14316
68602 35719
68702 54918
68802 33584
68902 41962
69002 60493
69102 16144
69202 2300
69302 61586
69402 36753
69502 24533
69602 41682
69702 52577
69802 43333
69902 55343
70002 59505
70102 48331
70202 17547
70302 22743
70402 60910
70502 4185
70602 5561
70702 35820
70802 35515
70902 42930
71002 25787
71102 26432
71202 53559
71302 29108
71402 53519
71502 39650
71602 58965
71702 8347
71802 54681
71902 30982
72002 44699
72102 49203
72202 14680
72302 18628
72402 36255
72502 43102
72602 16086
72702 50071
72802 22240
72902 29536
73002 17599
73102 6735
73202 55678
73302 37976
73402 16510
73502 16377
73602 52051
73702 25394
73802 10636
73902 57993
74002 8244
74102 20519
74202 4084
74302 54204
74402 30941
74502 64634
74602 62447
74702 45684
74802 52179
74902 21184
75002 22734
75102 46803
75202 54190
75302 17815
75402 1875
75502 7606
75602 28435
75702 12163
75802 47701
75902 39621
76002 51320
76102 52627
76202 63433
76302 61493
76402 40864
76502 7671
76602 45703
76702 2702
76802 20348
76902 22026
77002 4095
77102 6236
77202 50047
77302 27509
77402 2419
77502 25635
77602 16591
77702 56000
77802 16063
77902 56534
78002 37267
78102 56015
78202 43214
78302 1560
78402 27694
78502 18759
78602 58677
78702 603
78802 42758
78902 42474
79002 22021
79102 18216
79202 15936
79302 62352
79402 62893
79502 29854
79602 32502
79702 38431
79802 34523
79902 2810
80002 51717
80102 25750
80202 23816
80302 41337
80402 12135
80502 53628
80602 62384
80702 5912
80802 33135
80902 37365
81002 49036
81102 59551
81202 37741
81302 4118
81402 52877
81502 52496
81602 30622
81702 58618
81802 51755
81902 24521
82002 55057
82102 35867
82202 36717
82302 32737
82402 46264
82502 12910
82602 10061
82702 31916
82802 46203
82902 29450
83002 37621
83102 1951
83202 21518
83302 36845
83402 3272
83502 16908
83602 36772
83702 53929
83802 4695
83902 2089
84002 19363
84102 42339
84202 1276
84302 54802
84402 32839
84502 3835
84602 20202
84702 5703
84802 55840
84902 32743
85002 30718
85102 172
85202 60291
85302 54852
85402 26427
85502 47437
85602 22760
85702 24231
85802 56438
85902 28690
86002 31933
86102 57238
86202 12372
86302 39377
86402 3913
86502 10165
86602 48136
86702 11168
86802 54573
86902 53519
87002 8673
87102 46290
87202 32463
87302 57385
87402 55906
87502 44500
87602 64070
87702 30723
87802 47868
87902 51005
88002 8710
88102 45553
88202 57928
88302 53311
88402 57528
88502 18726
88602 662
88702 58532
88802 9270
88902 56605
89002 50788
89102 34425
89202 45073
89302 19399
89402 65065
89502 16014
89602 56439
89702 48451
89802 64301
89902 55743
90002 3883
90102 20354
