102 53084
202 64590
302 39580
402 34518
502 33025
602 38261
702 36986
802 582
902 64472
1002 4043
1102 62415
1202 52239
1302 54549
1402 57763
1502 9239
1602 37008
1702 51460
1802 38912
1902 40840
2002 41060
2102 35571
2202 23324
2302 25226
2402 35120
2502 53240
2602 21427
2702 50671
2802 32627
2902 1646
3002 3150
3102 2262
3202 61824
3302 16999
3402 45113
3502 24971
3602 14614
3702 62133
3802 30507
3902 48610
4002 4967
4102 12001
4202 30049
4302 3828
4402 11974
4502 20857
4602 36429
4702 11998
4802 9613
4902 57394
5002 63539
5102 9198
5202 42202
5302 48014
5402 56594
5502 16863
5602 43775
5702 30020
5802 7940
5902 53663
6002 54831
6102 28457
6202 19196
6302 30258
6402 4384
6502 55092
6602 2817
6702 10239
6802 47569
6902 2031
7002 31678
7102 44965
7202 6633
7302 26466
7402 13088
7502 33326
7602 62611
7702 52740
7802 26267
7902 28549
8002 13993
8102 15101
8202 40029
8302 28979
8402 65197
8502 63957
8602 60292
8702 6785
8802 41977
8902 21497
9002 4424
9102 21106
9202 53079
9302 25690
9402 62288
9502 30795
9602 28672
9702 52107
9802 20622
9902 4889
10002 13127
10102 22566
10202 44917
10302 54977
10402 20749
10502 22375
10602 58932
10702 51512
10802 15833
10902 39979
11002 58446
11102 28169
11202 62161
11302 55137
11402 15806
11502 3818
11602 64019
11702 45818
11802 4407
11902 15926
12002 31865
12102 3903
12202 43950
12302 2658
12402 9729
12502 44636
12602 53904
12702 27889
12802 25521
12902 60786
13002 40255
13102 21799
13202 3515
13302 23967
13402 33988
13502 38136
13602 34105
13702 8279
13802 23271
13902 60033
14002 29770
14102 876
14202 41947
14302 18937
14402 41733
14502 56922
14602 59524
14702 28656
14802 7652
14902 51500
15002 14882
15102 4279
15202 17829
15302 16561
15402 61823
15502 34086
15602 25517
15702 31000
15802 35939
15902 57102
16002 37625
16102 60113
16202 3697
16302 26632
16402 6341
16502 35999
16602 30341
16702 3782
16802 2664
16902 1172
17002 40159
17102 8488
17202 8493
17302 56703
17402 35729
17502 5145
17602 45106
17702 21943
17802 10399
17902 14086
18002 43496
18102 31711
18202 8838
18302 3052
18402 40668
18502 5759
18602 19803
18702 5886
18802 55518
18902 43334
19002 53838
19102 11611
19202 37582
19302 21303
19402 30481
19502 46706
19602 7779
19702 30575
19802 33304
19902 38876
20002 55504
20102 56814
20202 51166
20302 4950
20402 39198
20502 45245
20602 5499
20702 53778
20802 5647
20902 54250
21002 50820
21102 18977
21202 27711
21302 57482
21402 50690
21502 56551
21602 63220
21702 7636
21802 2866
21902 2755
22002 58024
22102 56
22202 50335
22302 22561
22402 21137
22502 4463
22602 57190
22702 36730
22802 54886
22902 28029
23002 36379
23102 31632
23202 3147
23302 39333
23402 29997
23502 47064
23602 3038
23702 5784
23802 52184
23902 9511
24002 49078
24102 31495
24202 63569
24302 42883
24402 52196
24502 5813
24602 62904
24702 587
24802 47212
24902 50244
25002 58620
25102 138
25202 25357
25302 57188
25402 28915
25502 34734
25602 65193
25702 15886
25802 27598
25902 49994
26002 16456
26102 53793
26202 2247
26302 54285
26402 29104
26502 37135
26602 24916
26702 53280
26802 47590
26902 18389
27002 53577
27102 51678
27202 34868
27302 15458
27402 17935
27502 20535
27602 21912
27702 903
27802 9581
27902 2662
28002 2738
28102 24916
28202 11407
28302 20660
28402 44673
28502 42597
28602 23350
28702 58720
28802 17859
28902 3528
29002 42558
29102 27358
29202 32778
29302 14740
29402 3954
29502 19898
29602 4264
29702 29364
29802 20477
29902 12146
30002 14271
30102 18468
30202 1075
30302 6929
30402 2013
30502 562
30602 47947
30702 33322
30802 16636
30902 27387
31002 1169
31102 3182
31202 50845
31302 13786
31402 46974
31502 47615
31602 3098
31702 20724
31802 44368
31902 37768
32002 56954
32102 65397
32202 39883
32302 11665
32402 10759
32502 42011
32602 54965
32702 30424
32802 54086
32902 2359
33002 64188
33102 56414
33202 47951
33302 6899
33402 15861
33502 58269
33602 4955
33702 14457
33802 52274
33902 23244
34002 43506
34102 6249
34202 46604
34302 22661
34402 42995
34502 12433
34602 13179
34702 28806
34802 758
34902 8864
35002 48165
35102 14535
35202 21980
35302 5726
35402 59217
35502 1105
